date,meta,depth,VWC
2014-04-11,control,10,0.274111600999672
2014-04-12,control,10,0.27024101016118
2014-04-13,control,10,0.269035499993844
2014-04-14,control,10,0.267340263500785
2014-04-15,control,10,0.266202187499434
2014-04-16,control,10,0.264574012557766
2014-04-17,control,10,0.264152944767592
2014-04-18,control,10,0.262931070870997
2014-04-19,control,10,0.298363617624045
2014-04-20,control,10,0.355409213372527
2014-04-21,control,10,0.350924571852311
2014-04-22,control,10,0.348442837021036
2014-04-23,control,10,0.34611311941571
2014-04-24,control,10,0.343617554214935
2014-04-25,control,10,0.341237223377555
2014-04-26,control,10,0.339382129449873
2014-04-27,control,10,0.404854096700265
2014-04-28,control,10,0.424471630195463
2014-04-29,control,10,0.4420137946181
2014-04-30,control,10,0.426139887768711
2014-05-01,control,10,0.417432746582787
2014-05-02,control,10,0.415642293356709
2014-05-03,control,10,0.415677901446248
2014-05-04,control,10,0.406841688677513
2014-05-05,control,10,0.40102477736753
2014-05-06,control,10,0.396727209625705
2014-05-07,control,10,0.39043739143176
2014-05-08,control,10,0.389943204081933
2014-05-13,control,10,0.376824491845068
2014-05-14,control,10,0.374677192650861
2014-05-15,control,10,0.372608607273088
2014-05-16,control,10,0.370255920174229
2014-05-17,control,10,0.369021971821053
2014-05-18,control,10,0.367438848752668
2014-05-19,control,10,0.365783568692341
2014-05-20,control,10,0.363425143386702
2014-05-21,control,10,0.361540737611195
2014-05-22,control,10,0.35914421905766
2014-05-23,control,10,0.362282102470733
2014-05-24,control,10,0.364140212569634
2014-05-25,control,10,0.361197782413419
2014-05-26,control,10,0.358290755072011
2014-05-27,control,10,0.355783055932505
2014-05-28,control,10,0.351668714813683
2014-05-29,control,10,0.349122139582556
2014-05-30,control,10,0.347659736659218
2014-05-31,control,10,0.34614014722631
2014-06-01,control,10,0.344208692525812
2014-06-02,control,10,0.343053936634206
2014-06-03,control,10,0.341267607285666
2014-06-04,control,10,0.338351322239947
2014-06-05,control,10,0.337288217696898
2014-06-06,control,10,0.336669256484767
2014-06-07,control,10,0.335804551639721
2014-06-08,control,10,0.334683804961623
2014-06-09,control,10,0.332695721283511
2014-06-10,control,10,0.330204192761476
2014-06-11,control,10,0.327897917933909
2014-06-12,control,10,0.325440353759279
2014-06-13,control,10,0.322152073498027
2014-06-14,control,10,0.319068529709635
2014-06-15,control,10,0.316877919108864
2014-06-16,control,10,0.314351219448241
2014-06-17,control,10,0.310617037539004
2014-06-18,control,10,0.308290157614522
2014-06-19,control,10,0.307594713852562
2014-06-20,control,10,0.306214330296166
2014-06-21,control,10,0.304314149841402
2014-06-22,control,10,0.301845984243534
2014-06-23,control,10,0.299654433573487
2014-06-24,control,10,0.305044423920781
2014-06-25,control,10,0.304879735733665
2014-06-26,control,10,0.303187718674576
2014-06-27,control,10,0.301575016785453
2014-06-28,control,10,0.299666898710145
2014-06-29,control,10,0.29688429698636
2014-06-30,control,10,0.296175939569732
2014-07-01,control,10,0.295000307835634
2014-07-02,control,10,0.292709100443262
2014-07-03,control,10,0.293196769307227
2014-07-04,control,10,0.292047293322291
2014-07-05,control,10,0.290421540341091
2014-07-06,control,10,0.289846026498033
2014-07-07,control,10,0.28685258172458
2014-07-08,control,10,0.306725371913105
2014-07-09,control,10,0.339869372123345
2014-07-10,control,10,0.35401434950203
2014-07-11,control,10,0.38487607882078
2014-07-12,control,10,0.389318311404633
2014-07-13,control,10,0.384290840430373
2014-07-14,control,10,0.377706986774488
2014-07-15,control,10,0.372183595045687
2014-07-16,control,10,0.366386622293805
2014-07-17,control,10,0.361418245001828
2014-07-18,control,10,0.356199482920095
2014-07-19,control,10,0.350581978447621
2014-07-20,control,10,0.34617988994805
2014-07-21,control,10,0.378694507810329
2014-07-22,control,10,0.388055633016453
2014-07-23,control,10,0.393240008534357
2014-07-24,control,10,0.395484806462692
2014-07-25,control,10,0.399955342514299
2014-07-26,control,10,0.401550982079502
2014-07-27,control,10,0.402875021765669
2014-07-28,control,10,0.406084712326389
2014-07-29,control,10,0.455142150724215
2014-07-30,control,10,0.431585636211623
2014-07-31,control,10,0.418981586113852
2014-08-01,control,10,0.407743135836988
2014-08-02,control,10,0.397871759294944
2014-08-03,control,10,0.398020171032957
2014-08-04,control,10,0.394943234062628
2014-08-05,control,10,0.388744793212758
2014-08-06,control,10,0.381973878136736
2014-08-07,control,10,0.376491811903978
2014-08-08,control,10,0.376703311317684
2014-08-09,control,10,0.411514941101954
2014-08-10,control,10,0.407689997409832
2014-08-11,control,10,0.434593370514774
2014-08-12,control,10,0.434345862804829
2014-08-13,control,10,0.431849125431604
2014-08-14,control,10,0.426052659189063
2014-08-15,control,10,0.413723436677632
2014-08-16,control,10,0.404297663338564
2014-08-17,control,10,0.395535808590542
2014-08-18,control,10,0.388637379377411
2014-08-19,control,10,0.38840302503655
2014-08-20,control,10,0.389058183540189
2014-08-21,control,10,0.383712878845301
2014-08-22,control,10,0.377253738478107
2014-08-23,control,10,0.370748997761525
2014-08-24,control,10,0.364295040439295
2014-08-25,control,10,0.357624328037281
2014-08-26,control,10,0.41663377443484
2014-08-27,control,10,0.435746266520468
2014-08-28,control,10,0.419978889788012
2014-08-29,control,10,0.407960349830315
2014-08-30,control,10,0.399869721751792
2014-08-31,control,10,0.391684948366992
2014-09-01,control,10,0.384480131229708
2014-09-02,control,10,0.377224957260515
2014-09-03,control,10,0.371029973436815
2014-09-04,control,10,0.365179627803322
2014-09-05,control,10,0.360816837643399
2014-09-06,control,10,0.356848752949286
2014-09-07,control,10,0.350010269897649
2014-09-08,control,10,0.342450048855632
2014-09-09,control,10,0.335182243932863
2014-09-10,control,10,0.330802588925905
2014-09-11,control,10,0.323904683608026
2014-09-12,control,10,0.315962824974962
2014-09-13,control,10,0.308825613767975
2014-09-14,control,10,0.301536514685984
2014-09-15,control,10,0.294127828877258
2014-09-16,control,10,0.286979187649333
2014-09-17,control,10,0.279202389788994
2014-09-18,control,10,0.272060127781334
2014-09-19,control,10,0.265300980343326
2014-09-20,control,10,0.258581675568694
2014-09-21,control,10,0.257912953187564
2014-09-22,control,10,0.270493290172889
2014-09-23,control,10,0.263150074614852
2014-09-24,control,10,0.257703485771295
2014-09-25,control,10,0.253885188222051
2014-09-26,control,10,0.248950569682196
2014-09-27,control,10,0.244821158768457
2014-09-28,control,10,0.24030571083813
2014-09-29,control,10,0.235697504274935
2014-09-30,control,10,0.232385908878081
2014-10-01,control,10,0.231173417149611
2014-10-02,control,10,0.228085791336717
2014-10-03,control,10,0.224230429377977
2014-10-04,control,10,0.221277254071585
2014-10-05,control,10,0.218284516971512
2014-10-06,control,10,0.272367204782252
2014-10-07,control,10,0.280531170131716
2014-10-08,control,10,0.276212314962179
2014-10-09,control,10,0.269789962450485
2014-10-10,control,10,0.26431982127193
2014-10-16,control,10,0.289794895360079
2014-10-17,control,10,0.295770853676245
2014-10-18,control,10,0.303135049625971
2014-10-19,control,10,0.306337476115039
2014-10-20,control,10,0.303832382766826
2014-10-21,control,10,0.30066438842279
2014-10-22,control,10,0.29720712598140703
2014-10-23,control,10,0.294652225845221
2014-10-24,control,10,0.278425514113421
2014-10-25,control,10,0.257722106815145
2014-10-26,control,10,0.254496377685981
2014-10-27,control,10,0.251272856591622
2014-10-28,control,10,0.247751104256573
2014-10-29,control,10,0.244162009396671
2014-10-30,control,10,0.240252185982472
2014-10-31,control,10,0.236059607241184
2014-11-01,control,10,0.231938417362585
2014-11-02,control,10,0.227679337605676
2014-11-03,control,10,0.223304479406067
2014-11-04,control,10,0.21766988586725
2014-11-05,control,10,0.249469023379448
2014-11-06,control,10,0.363352315634293
2014-11-07,control,10,0.362738766001462
2014-11-08,control,10,0.357800546037117
2014-11-09,control,10,0.353028134072571
2014-11-10,control,10,0.348100118616905
2014-11-11,control,10,0.343663911156798
2014-11-12,control,10,0.338828245007854
2014-11-13,control,10,0.337486883247442
2014-11-14,control,10,0.337530474983708
2014-11-15,control,10,0.339837666323615
2014-11-16,control,10,0.393958721879938
2014-11-17,control,10,0.384248400430254
2014-11-18,control,10,0.381325577737573
2014-11-19,control,10,0.37636591558114
2014-11-20,control,10,0.371113178191489
2014-11-21,control,10,0.366229389803254
2014-11-22,control,10,0.362067439178798
2014-11-23,control,10,0.358500736541503
2014-11-24,control,10,0.354817151265125
2014-11-25,control,10,0.351927820753041
2014-11-26,control,10,0.34949220938962
2014-11-27,control,10,0.347096379283898
2014-11-28,control,10,0.343398160602967
2014-11-29,control,10,0.339801048638229
2014-11-30,control,10,0.33683267589072
2014-12-01,control,10,0.334991982609649
2014-12-02,control,10,0.333874856345029
2014-12-03,control,10,0.332802075105994
2014-12-04,control,10,0.331693851698278
2014-12-05,control,10,0.330743735752807
2014-12-06,control,10,0.329727213226465
2014-12-07,control,10,0.328575013690471
2014-12-08,control,10,0.327503327026681
2014-12-09,control,10,0.326629020223848
2014-12-10,control,10,0.325759046970265
2014-12-11,control,10,0.324842014650891
2014-12-12,control,10,0.323817025749269
2014-12-13,control,10,0.322514010416667
2014-12-14,control,10,0.321092475272295
2014-12-15,control,10,0.319643328449821
2014-12-16,control,10,0.318571808641401
2014-12-17,control,10,0.322696690895468
2014-12-18,control,10,0.377347777673174
2014-12-19,control,10,0.388622064606598
2014-12-20,control,10,0.3934620328125
2014-12-21,control,10,0.389974697403221
2014-12-22,control,10,0.383658331147191
2014-12-23,control,10,0.378183091608187
2014-12-24,control,10,0.37360170348832
2014-12-25,control,10,0.369995558193456
2014-12-26,control,10,0.367524263164596
2014-12-27,control,10,0.364980937300599
2014-12-28,control,10,0.366547246195379
2014-12-29,control,10,0.365389359374788
2014-12-30,control,10,0.367105976516678
2014-12-31,control,10,0.368720465157338
2015-01-01,control,10,0.373311170454662
2015-01-02,control,10,0.365915962973249
2015-01-03,control,10,0.374208708309873
2015-01-04,control,10,0.412047231423611
2015-01-05,control,10,0.394423111798518
2015-01-06,control,10,0.381383832934154
2015-01-07,control,10,0.372136255413483
2015-01-08,control,10,0.364990183827136
2015-01-09,control,10,0.362951643717836
2015-01-10,control,10,0.374094702655039
2015-01-11,control,10,0.385989683740997
2015-01-12,control,10,0.377175182908692
2015-01-13,control,10,0.372516973465787
2015-01-14,control,10,0.378603145638328
2015-01-15,control,10,0.375641040461766
2015-01-16,control,10,0.372782928125
2015-01-17,control,10,0.373172360607468
2015-01-18,control,10,0.373769611714857
2015-01-19,control,10,0.370460808003129
2015-01-20,control,10,0.368222690027278
2015-01-21,control,10,0.365317687002778
2015-01-22,control,10,0.363129230071636
2015-01-23,control,10,0.360790085402859
2015-01-24,control,10,0.358806954212719
2015-01-25,control,10,0.357004414200068
2015-01-26,control,10,0.354882682769737
2015-01-27,control,10,0.354536571300439
2015-01-28,control,10,0.360157792276316
2015-01-29,control,10,0.363173087274636
2015-01-30,control,10,0.388732552221491
2015-01-31,control,10,0.389652090289474
2015-02-01,control,10,0.38647595118421
2015-02-02,control,10,0.384682887
2015-02-03,control,10,0.381935779583333
2015-02-04,control,10,0.377576547160088
2015-02-05,control,10,0.373893810640351
2015-02-06,control,10,0.371542843125
2015-02-07,control,10,0.371085142291667
2015-02-08,control,10,0.371460896458333
2015-02-09,control,10,0.370359074199561
2015-02-10,control,10,0.367894330833333
2015-02-11,control,10,0.365441123467105
2015-02-12,control,10,0.364341980129527
2015-02-13,control,10,0.363683009569895
2015-02-14,control,10,0.366425653541667
2015-02-15,control,10,0.394460948339912
2015-02-16,control,10,0.401462292754386
2015-02-17,control,10,0.399075911809211
2015-02-18,control,10,0.39468072066424
2015-02-19,control,10,0.388225528958333
2015-02-20,control,10,0.38303800724734
2015-02-21,control,10,0.379796874274123
2015-02-22,control,10,0.385198813541667
2015-02-23,control,10,0.394273981041667
2015-02-24,control,10,0.393784896092105
2015-02-25,control,10,0.391908469583333
2015-02-26,control,10,0.385848764754386
2015-02-27,control,10,0.3817692875
2015-02-28,control,10,0.378290000208333
2015-03-01,control,10,0.377243282916667
2015-03-02,control,10,0.403539286041667
2015-03-03,control,10,0.399858692489035
2015-03-04,control,10,0.391502794822368
2015-03-05,control,10,0.385332892708333
2015-03-06,control,10,0.379844824166667
2015-03-07,control,10,0.37571216125
2015-03-08,control,10,0.371935257445175
2015-03-09,control,10,0.368142707818726
2015-03-10,control,10,0.364434687291667
2015-03-11,control,10,0.360810717291667
2015-03-12,control,10,0.357360907384752
2015-03-13,control,10,0.354369135107456
2015-03-14,control,10,0.351460165416667
2015-03-15,control,10,0.348671864166667
2015-03-16,control,10,0.345416372708333
2015-03-17,control,10,0.341850674008772
2015-03-18,control,10,0.338361858351372
2015-03-19,control,10,0.335198340690789
2015-03-20,control,10,0.339225087591206
2015-03-21,control,10,0.336839326264387
2015-03-22,control,10,0.336665214141432
2015-03-23,control,10,0.337867654298246
2015-03-24,control,10,0.336216705462354
2015-03-25,control,10,0.333426719965278
2015-03-26,control,10,0.331212545624679
2015-03-27,control,10,0.328499981671619
2015-03-28,control,10,0.325450222792398
2015-03-29,control,10,0.323140444791667
2015-03-30,control,10,0.385332557475659
2015-03-31,control,10,0.410522865899123
2015-04-01,control,10,0.394919027421418
2015-04-02,control,10,0.384609903427896
2015-04-03,control,10,0.379610752545687
2015-04-04,control,10,0.376357476909722
2015-04-05,control,10,0.372418157881944
2015-04-06,control,10,0.367658937169225
2015-04-07,control,10,0.363051570557963
2015-04-08,control,10,0.35850376636972
2015-04-09,control,10,0.353712450173611
2015-04-10,control,10,0.3486024234375
2015-04-11,control,10,0.343635600985792
2015-04-12,control,10,0.339147257291667
2015-04-13,control,10,0.334023644965278
2015-04-14,control,10,0.328695119856445
2015-04-15,control,10,0.322780217679094
2015-04-16,control,10,0.317162166633772
2015-04-17,control,10,0.313211199552266
2015-04-18,control,10,0.309966285705409
2015-04-19,control,10,0.303809589768519
2015-04-20,control,10,0.296545571165936
2015-04-21,control,10,0.288264574164538
2015-04-22,control,10,0.279029588473516
2015-04-23,control,10,0.269996028061869
2015-04-24,control,10,0.261360673406433
2015-04-25,control,10,0.254541152044956
2015-04-26,control,10,0.251133215451389
2015-04-27,control,10,0.245189724376827
2015-04-28,control,10,0.240124578156067
2015-04-29,control,10,0.235767108320541
2015-04-30,control,10,0.231598520833333
2015-05-01,control,10,0.288019806597222
2015-05-02,control,10,0.384751842498173
2015-05-03,control,10,0.411071513669591
2015-05-04,control,10,0.407996541145833
2015-05-05,control,10,0.394719058899854
2015-05-06,control,10,0.386603395010965
2015-05-07,control,10,0.377292555727339
2015-05-08,control,10,0.368041017342836
2015-05-09,control,10,0.360414024700798
2015-05-10,control,10,0.351923736719664
2015-05-11,control,10,0.343622513002364
2015-05-12,control,10,0.334567047072368
2015-05-13,control,10,0.324491834089912
2015-05-14,control,10,0.3154111796875
2015-05-15,control,10,0.334713785416667
2015-05-16,control,10,0.381589953819444
2015-05-17,control,10,0.369949766018263
2015-05-18,control,10,0.358421509375
2015-05-19,control,10,0.350499930707237
2015-05-20,control,10,0.345223486979167
2015-05-21,control,10,0.338358504340278
2015-05-22,control,10,0.330350915897295
2015-05-23,control,10,0.321789827872807
2015-05-24,control,10,0.311313367023026
2015-05-25,control,10,0.300279803600146
2015-05-26,control,10,0.291598591239035
2015-05-27,control,10,0.279993677748538
2015-05-28,control,10,0.266263086635638
2015-05-29,control,10,0.252394158506944
2015-05-30,control,10,0.240036192986111
2015-05-31,control,10,0.229112203821155
2015-06-01,control,10,0.219245775736477
2015-06-02,control,10,0.211487339756944
2015-06-03,control,10,0.204075403125
2015-06-04,control,10,0.197289309232456
2015-06-05,control,10,0.191642829923246
2015-06-06,control,10,0.186813067043129
2015-06-07,control,10,0.182484055687134
2015-06-08,control,10,0.180837637023026
2015-06-09,control,10,0.180111821043494
2015-06-10,control,10,0.179529635866228
2015-06-11,control,10,0.177664861949927
2015-06-12,control,10,0.176158261070906
2015-06-13,control,10,0.174374272105263
2015-06-14,control,10,0.173249881856725
2015-06-15,control,10,0.171954860135234
2015-06-16,control,10,0.17078056552896
2015-06-17,control,10,0.169301599157529
2015-06-18,control,10,0.167867114806287
2015-06-19,control,10,0.176622499305556
2015-06-20,control,10,0.178508950694444
2015-06-21,control,10,0.175691520054825
2015-06-22,control,10,0.172006995347222
2015-06-23,control,10,0.170458142534722
2015-06-24,control,10,0.169374493079313
2015-06-25,control,10,0.16793013877924
2015-06-26,control,10,0.166047713541667
2015-06-27,control,10,0.164297186085526
2015-06-28,control,10,0.162441843402778
2015-06-29,control,10,0.160196349925073
2015-06-30,control,10,0.157754704166667
2015-07-01,control,10,0.155264381684942
2015-07-02,control,10,0.152821562953216
2015-07-03,control,10,0.150555130533626
2015-07-04,control,10,0.148153877256944
2015-07-05,control,10,0.145904512326389
2015-07-06,control,10,0.144524391175073
2015-07-07,control,10,0.143319885069444
2015-07-08,control,10,0.142313112106702
2015-07-09,control,10,0.141177741666667
2015-07-10,control,10,0.140002373611111
2015-07-11,control,10,0.138928075423977
2015-07-12,control,10,0.137739223029971
2015-07-13,control,10,0.136606341571637
2015-07-14,control,10,0.135498498263889
2015-07-15,control,10,0.134497834895833
2015-07-16,control,10,0.133480651041667
2015-07-17,control,10,0.132548522048611
2015-07-18,control,10,0.131813643576389
2015-07-19,control,10,0.132240064669225
2015-07-20,control,10,0.132491205902778
2015-07-21,control,10,0.132455386805556
2015-07-22,control,10,0.132261680456871
2015-07-23,control,10,0.132443809058845
2015-07-24,control,10,0.132589126909722
2015-07-25,control,10,0.142220290798611
2015-07-26,control,10,0.146513044892178
2015-07-27,control,10,0.178214254289108
2015-07-28,control,10,0.18039392880848
2015-07-29,control,10,0.173034213020833
2015-07-30,control,10,0.166688575131579
2015-07-31,control,10,0.158876169778874
2015-08-01,control,10,0.156897155568348
2015-08-02,control,10,0.173041520767544
2015-08-03,control,10,0.168806893576389
2015-08-04,control,10,0.162551733143275
2015-08-05,control,10,0.1573375625
2015-08-06,control,10,0.151711820486111
2015-08-07,control,10,0.14682564905519
2015-08-08,control,10,0.143327881597222
2015-08-09,control,10,0.142679690846126
2015-08-10,control,10,0.190033224044225
2015-08-11,control,10,0.200480517881944
2015-08-12,control,10,0.194308044270833
2015-08-13,control,10,0.184969491319444
2015-08-14,control,10,0.199844988368056
2015-08-15,control,10,0.302625913673246
2015-08-16,control,10,0.362788720659722
2015-08-17,control,10,0.351917561458333
2015-08-18,control,10,0.338082918229167
2015-08-19,control,10,0.335798492534722
2015-08-20,control,10,0.329904262847222
2015-08-21,control,10,0.318512507351974
2015-08-22,control,10,0.304603631770833
2015-08-23,control,10,0.291165786857892
2015-08-24,control,10,0.283215828125
2015-08-25,control,10,0.275586176909722
2015-08-26,control,10,0.262861586631944
2015-08-27,control,10,0.247453149789839
2015-08-28,control,10,0.231349799064327
2015-08-29,control,10,0.217023395486111
2015-08-30,control,10,0.203828600484284
2015-08-31,control,10,0.192643369499269
2015-09-01,control,10,0.186343223090278
2015-09-02,control,10,0.183593495486111
2015-09-03,control,10,0.178885799826389
2015-09-04,control,10,0.173942363125
2015-09-05,control,10,0.169594883333333
2015-09-06,control,10,0.166146977430556
2015-09-07,control,10,0.162874138585526
2015-09-08,control,10,0.160139582291667
2015-09-09,control,10,0.157441283234649
2015-09-10,control,10,0.155202932993421
2015-09-11,control,10,0.154132550520833
2015-09-12,control,10,0.152879184722222
2015-09-13,control,10,0.152283415451389
2015-09-14,control,10,0.166855677962354
2015-09-15,control,10,0.168446569523026
2015-09-16,control,10,0.165314232139985
2015-09-17,control,10,0.162351469270833
2015-09-18,control,10,0.161794889548611
2015-09-19,control,10,0.160425442361111
2015-09-20,control,10,0.158640117881944
2015-09-21,control,10,0.156944033680556
2015-09-22,control,10,0.155500310416667
2015-09-23,control,10,0.154726584375
2015-09-24,control,10,0.153884772638889
2015-09-25,control,10,0.152634431423611
2015-09-26,control,10,0.151495875347222
2015-09-27,control,10,0.150431321180556
2015-09-28,control,10,0.149607432118056
2015-09-29,control,10,0.148795191493056
2015-09-30,control,10,0.147898262611477
2015-10-01,control,10,0.146837580729167
2015-10-02,control,10,0.145807259722222
2015-10-03,control,10,0.145099489466374
2015-10-04,control,10,0.144508385416667
2015-10-05,control,10,0.143857194618056
2015-10-06,control,10,0.143837838888889
2015-10-07,control,10,0.145299701388889
2015-10-08,control,10,0.145913419097222
2015-10-09,control,10,0.14615953412098
2015-10-10,control,10,0.146267819943271
2015-10-12,control,10,0.145649256501583
2015-10-13,control,10,0.145647867534722
2015-10-14,control,10,0.145464896527778
2015-10-15,control,10,0.145356059486477
2015-10-16,control,10,0.145936364296418
2015-10-17,control,10,0.146249105555556
2015-10-18,control,10,0.146257686388889
2015-10-19,control,10,0.146388234623538
2015-10-20,control,10,0.146494664583333
2015-10-21,control,10,0.146257007291667
2015-10-22,control,10,0.145941916145833
2015-10-23,control,10,0.145723603645833
2015-10-24,control,10,0.145498747041301
2015-10-25,control,10,0.145248097048611
2015-10-26,control,10,0.144929856921815
2015-10-27,control,10,0.144665020586623
2015-10-28,control,10,0.144371214212354
2015-10-29,control,10,0.149242469618056
2015-10-30,control,10,0.153150867361111
2015-10-31,control,10,0.155800944618056
2015-11-01,control,10,0.156789144097222
2015-11-02,control,10,0.156605367361111
2015-11-03,control,10,0.155754615977705
2015-11-04,control,10,0.155263137995249
2015-11-05,control,10,0.15500866436769
2015-11-06,control,10,0.154619374539474
2015-11-07,control,10,0.154140954217836
2015-11-08,control,10,0.153634749652778
2015-11-09,control,10,0.153159575811404
2015-11-10,control,10,0.152799570659722
2015-11-11,control,10,0.152573237326389
2015-11-12,control,10,0.1523395734375
2015-11-13,control,10,0.152034573958333
2015-11-14,control,10,0.151778017523757
2015-11-15,control,10,0.151595897684576
2015-11-16,control,10,0.151343564199561
2015-11-17,control,10,0.15111982311769
2015-11-18,control,10,0.150959187891548
2015-11-19,control,10,0.150841411805556
2015-11-20,control,10,0.177878906573465
2015-11-21,control,10,0.328945851041667
2015-11-22,control,10,0.339110183835892
2015-11-23,control,10,0.337369359375
2015-11-24,control,10,0.333807654771564
2015-11-25,control,10,0.331344092236901
2015-11-26,control,10,0.344679149082602
2015-11-27,control,10,0.357006820849781
2015-11-28,control,10,0.351048649974143
2015-11-29,control,10,0.349790215277778
2015-11-30,control,10,0.3507202625
2015-12-01,control,10,0.350560594559576
2015-12-02,control,10,0.348380201516813
2015-12-03,control,10,0.345892482993499
2015-12-04,control,10,0.343348563037281
2015-12-05,control,10,0.34145571031981
2015-12-06,control,10,0.339860439192251
2015-12-07,control,10,0.338169575005482
2015-12-08,control,10,0.336418697831864
2015-12-09,control,10,0.334952561979167
2015-12-10,control,10,0.333902302737145
2015-12-11,control,10,0.332477212947734
2015-12-12,control,10,0.330984170807749
2015-12-13,control,10,0.329504513250552
2015-12-14,control,10,0.328064252212618
2015-12-15,control,10,0.32657162381579
2015-12-16,control,10,0.326696200623173
2015-12-17,control,10,0.330523911955409
2015-12-18,control,10,0.33164292433114
2015-12-19,control,10,0.331474816533688
2015-12-20,control,10,0.330759892701023
2015-12-21,control,10,0.329613335913743
2015-12-22,control,10,0.32871225183114
2015-12-23,control,10,0.327816621416301
2015-12-24,control,10,0.326698638988623
2015-12-25,control,10,0.325462415597588
2015-12-26,control,10,0.324291669027039
2015-12-27,control,10,0.323142828680556
2015-12-28,control,10,0.321866803298611
2015-12-29,control,10,0.320863334890351
2015-12-30,control,10,0.319915639583333
2015-12-31,control,10,0.318825029733187
2016-01-01,control,10,0.31780257442617
2016-01-02,control,10,0.316854409049708
2016-01-03,control,10,0.319593513194444
2016-01-04,control,10,0.334432410528143
2016-01-05,control,10,0.374063617346491
2016-01-06,control,10,0.374425474798977
2016-01-07,control,10,0.369934792213085
2016-01-08,control,10,0.371053085361842
2016-01-09,control,10,0.393024931487573
2016-01-10,control,10,0.39072025499269
2016-01-11,control,10,0.400008369195906
2016-01-12,control,10,0.39787680028326
2016-01-13,control,10,0.393486541319444
2016-01-14,control,10,0.382303996392544
2016-01-15,control,10,0.37667026875
2016-01-16,control,10,0.372203706724174
2016-01-17,control,10,0.368491705243056
2016-01-18,control,10,0.36258996968019
2016-01-19,control,10,0.35733949061769
2016-01-20,control,10,0.355975951893275
2016-01-21,control,10,0.35529756559576
2016-01-22,control,10,0.351261627637411
2016-01-23,control,10,0.348436019647295
2016-01-24,control,10,0.347651017708333
2016-01-25,control,10,0.3480269578125
2016-01-26,control,10,0.348671727083333
2016-01-27,control,10,0.34950294340095
2016-01-28,control,10,0.349770184327485
2016-01-29,control,10,0.348879535182749
2016-01-30,control,10,0.347565977430556
2016-01-31,control,10,0.389398441666667
2016-02-01,control,10,0.393115294214142
2016-02-02,control,10,0.382840427026681
2016-02-03,control,10,0.380313361631944
2016-02-04,control,10,0.379821197721126
2016-02-05,control,10,0.38857979024671
2016-02-06,control,10,0.382073277607822
2016-02-07,control,10,0.376520571063596
2016-02-08,control,10,0.378566720953947
2016-02-09,control,10,0.379059379303728
2016-02-10,control,10,0.394683502404971
2016-02-11,control,10,0.384133430555556
2016-02-12,control,10,0.378683381672149
2016-02-13,control,10,0.380970600829678
2016-02-14,control,10,0.401736944115691
2016-02-15,control,10,0.397477172048611
2016-02-16,control,10,0.391635348644006
2016-02-17,control,10,0.384887603993056
2016-02-18,control,10,0.380139567622441
2016-02-19,control,10,0.378158814861111
2016-02-20,control,10,0.374946771527778
2016-02-21,control,10,0.387485231204313
2016-02-22,control,10,0.386149039236111
2016-02-23,control,10,0.382463159685673
2016-02-24,control,10,0.382249262251462
2016-02-25,control,10,0.387807141429681
2016-02-26,control,10,0.384220876376286
2016-02-27,control,10,0.378463151310307
2016-02-28,control,10,0.383623643778112
2016-02-29,control,10,0.384817353517909
2016-03-01,control,10,0.377741598230994
2016-03-02,control,10,0.371924798918129
2016-03-03,control,10,0.371640502009456
2016-03-04,control,10,0.370128883638523
2016-03-05,control,10,0.37175237745614
2016-03-06,control,10,0.379786571392233
2016-03-07,control,10,0.374143326558845
2016-03-08,control,10,0.368981160069444
2016-03-09,control,10,0.364506382233187
2016-03-10,control,10,0.360880363996944
2016-03-11,control,10,0.357377966145833
2016-03-12,control,10,0.354212978625809
2016-03-13,control,10,0.350963845102339
2016-03-14,control,10,0.347566781375591
2016-03-15,control,10,0.344506616493056
2016-03-16,control,10,0.341636080555556
2016-03-17,control,10,0.338093828993056
2016-03-18,control,10,0.33485709619152
2016-03-19,control,10,0.33155386683114
2016-03-20,control,10,0.327931826909722
2016-03-21,control,10,0.324649529122807
2016-03-22,control,10,0.321246069817251
2016-03-23,control,10,0.317743102083333
2016-03-24,control,10,0.314345503819444
2016-03-25,control,10,0.311309911080044
2016-03-26,control,10,0.308643124777047
2016-03-27,control,10,0.304164666516813
2016-03-28,control,10,0.30156928034174
2016-03-29,control,10,0.296863460763889
2016-03-30,control,10,0.29224551659174
2016-03-31,control,10,0.285713768044591
2016-04-01,control,10,0.278465756509503
2016-04-02,control,10,0.271426255862573
2016-04-03,control,10,0.263284807118056
2016-04-04,control,10,0.255279885339096
2016-04-05,control,10,0.248239601529605
2016-04-06,control,10,0.248034241319444
2016-04-07,control,10,0.250420639232456
2016-04-08,control,10,0.249983607008547
2016-04-09,control,10,0.290259058177997
2016-04-10,control,10,0.305372481580775
2016-04-11,control,10,0.303136742881944
2016-04-12,control,10,0.2980665359375
2016-04-13,control,10,0.292957604166667
2016-04-14,control,10,0.289335585416667
2016-04-15,control,10,0.284599259027778
2016-04-16,control,10,0.28031867869152
2016-04-17,control,10,0.276136559406067
2016-04-18,control,10,0.275316654152047
2016-04-19,control,10,0.271607098611111
2016-04-20,control,10,0.264337338541667
2016-04-21,control,10,0.2563320546875
2016-04-22,control,10,0.2486299328125
2016-04-23,control,10,0.283602579608918
2016-04-24,control,10,0.302932611023392
2016-04-25,control,10,0.300347099479167
2016-04-26,control,10,0.295310810182749
2016-04-27,control,10,0.288763209513889
2016-04-28,control,10,0.282477752256944
2016-04-29,control,10,0.275666051451023
2016-04-30,control,10,0.267147162976507
2016-05-01,control,10,0.263785188251096
2016-05-02,control,10,0.260774729861111
2016-05-03,control,10,0.255260782818566
2016-05-04,control,10,0.249534822569444
2016-05-05,control,10,0.24122590173334
2016-05-06,control,10,0.231563212690058
2016-05-07,control,10,0.221156600838816
2016-05-08,control,10,0.211821999868421
2016-05-09,control,10,0.205490545486111
2016-05-10,control,10,0.197679455537281
2016-05-11,control,10,0.190853919663743
2016-05-12,control,10,0.190074861571637
2016-05-13,control,10,0.294721776288377
2016-05-14,control,10,0.33901919375
2016-05-15,control,10,0.330378704861111
2016-05-16,control,10,0.318840837132675
2016-05-17,control,10,0.306439459548611
2016-05-18,control,10,0.29082868446132
2016-05-19,control,10,0.278269340104167
2016-05-20,control,10,0.266405551147661
2016-05-21,control,10,0.250076895508041
2016-05-22,control,10,0.231736106677632
2016-05-23,control,10,0.256203338831651
2016-05-24,control,10,0.307443835116959
2016-05-25,control,10,0.311152872754137
2016-05-26,control,10,0.302448368229167
2016-05-27,control,10,0.288499488543494
2016-05-28,control,10,0.26873358723867
2016-05-29,control,10,0.294329269402412
2016-05-30,control,10,0.350763647532895
2016-05-31,control,10,0.344364099435307
2016-06-01,control,10,0.332620202479898
2016-06-02,control,10,0.324110357856826
2016-06-03,control,10,0.320178918876804
2016-06-04,control,10,0.313721859184942
2016-06-05,control,10,0.303649413812135
2016-06-06,control,10,0.287632369147109
2016-06-07,control,10,0.268145968055556
2016-06-08,control,10,0.25148131241893
2016-06-09,control,10,0.242009291787281
2016-06-10,control,10,0.22740845450028
2016-06-11,control,10,0.217261206145485
2016-06-12,control,10,0.212345766195175
2016-06-13,control,10,0.208221992025381
2016-06-14,control,10,0.204292326408991
2016-06-15,control,10,0.198443176734284
2016-06-16,control,10,0.195062274826389
2016-06-17,control,10,0.22369377201972
2016-06-18,control,10,0.228621990197368
2016-06-19,control,10,0.22047211221526
2016-06-20,control,10,0.208779839875148
2016-06-21,control,10,0.199982852197687
2016-06-22,control,10,0.193802859659777
2016-06-23,control,10,0.181291830595404
2016-06-24,control,10,0.175432639579639
2016-06-25,control,10,0.180871153726009
2016-06-26,control,10,0.189905214974039
2016-06-27,control,10,0.18245999497807
2016-06-28,control,10,0.17562141994152
2016-06-29,control,10,0.170280180582968
2016-06-30,control,10,0.168051484892178
2016-07-01,control,10,0.16703425183845
2016-07-02,control,10,0.166173316747076
2016-07-03,control,10,0.164929083172515
2016-07-04,control,10,0.161834277275414
2016-07-05,control,10,0.1589160490277
2016-07-06,control,10,0.156109015144284
2016-07-07,control,10,0.153241900271311
2016-07-08,control,10,0.150698157163743
2016-07-09,control,10,0.14833887506579
2016-07-10,control,10,0.146008157462417
2016-07-11,control,10,0.143923991357861
2016-07-12,control,10,0.159947858635945
2016-07-13,control,10,0.175876465149444
2016-07-14,control,10,0.173406594315872
2016-07-15,control,10,0.168358696235963
2016-07-16,control,10,0.161795584757763
2016-07-17,control,10,0.156171724839492
2016-07-18,control,10,0.151764944228355
2016-07-19,control,10,0.148121441751627
2016-07-20,control,10,0.145243615564693
2016-07-21,control,10,0.142884842009551
2016-07-22,control,10,0.142262081259137
2016-07-23,control,10,0.143532509711257
2016-07-24,control,10,0.143611698080409
2016-07-25,control,10,0.142746464726192
2016-07-26,control,10,0.141572091567279
2016-07-27,control,10,0.140366451827605
2016-07-28,control,10,0.139232394409363
2016-07-29,control,10,0.138203907421992
2016-07-30,control,10,0.137166072370572
2016-07-31,control,10,0.137318295497226
2016-08-01,control,10,0.138679559177632
2016-08-02,control,10,0.139052941780024
2016-08-03,control,10,0.138651437422054
2016-08-04,control,10,0.137730217823176
2016-08-05,control,10,0.144353901641827
2016-08-06,control,10,0.147684571006944
2016-08-07,control,10,0.144668950347222
2016-08-08,control,10,0.142074993144208
2016-08-09,control,10,0.140393956725854
2016-08-10,control,10,0.146875127389884
2016-08-11,control,10,0.149878685264985
2016-08-12,control,10,0.1476193878918
2016-08-13,control,10,0.145237225924588
2016-08-14,control,10,0.143087440861143
2016-08-15,control,10,0.141059253764037
2016-08-16,control,10,0.139310432603479
2016-08-17,control,10,0.138153997918068
2016-08-18,control,10,0.137445010185881
2016-08-19,control,10,0.136900438864898
2016-08-20,control,10,0.136462139360511
2016-08-21,control,10,0.135943193482906
2016-08-22,control,10,0.13497864595234
2016-08-23,control,10,0.13421530188787
2016-08-24,control,10,0.133406315479297
2016-08-25,control,10,0.132531397381058
2016-08-26,control,10,0.131691861165936
2016-08-27,control,10,0.13091054776133
2016-08-28,control,10,0.130246116549708
2016-08-29,control,10,0.129843617176535
2016-08-30,control,10,0.129331327087578
2016-08-31,control,10,0.128902108310686
2016-09-01,control,10,0.128463564022589
2016-09-02,control,10,0.127809960677374
2016-09-03,control,10,0.127247756228888
2016-09-04,control,10,0.126689284565018
2016-09-05,control,10,0.139012357168914
2016-09-06,control,10,0.153042072543432
2016-09-07,control,10,0.151164306259078
2016-09-08,control,10,0.148396755978016
2016-09-09,control,10,0.145236765850325
2016-09-10,control,10,0.142375484055511
2016-09-11,control,10,0.139972154525426
2016-09-12,control,10,0.137860552743056
2016-09-13,control,10,0.136139789757567
2016-09-14,control,10,0.134683760332602
2016-09-15,control,10,0.133552539336467
2016-09-16,control,10,0.132646918062865
2016-09-17,control,10,0.132747213318183
2016-09-18,control,10,0.13304572674403
2016-09-19,control,10,0.133094331997183
2016-09-20,control,10,0.132706854475512
2016-09-21,control,10,0.132629900096539
2016-09-22,control,10,0.132716572403027
2016-09-23,control,10,0.132421393741182
2016-09-24,control,10,0.132082673954678
2016-09-25,control,10,0.131608569480994
2016-09-26,control,10,0.131313058699274
2016-09-27,control,10,0.13842240986734
2016-09-28,control,10,0.140125592906938
2016-10-07,control,10,0.136410947050817
2016-10-08,control,10,0.136164488814983
2016-10-09,control,10,0.135728042707808
2016-10-10,control,10,0.135112224312335
2016-10-11,control,10,0.134720968150022
2016-10-12,control,10,0.13405977916356
2016-10-13,control,10,0.133757139261194
2016-10-14,control,10,0.135203969108423
2016-10-15,control,10,0.137766769332014
2016-10-16,control,10,0.138093775565341
2016-10-17,control,10,0.138542563923313
2016-10-18,control,10,0.139110023315727
2016-10-19,control,10,0.139586079543129
2016-10-20,control,10,0.139808799775986
2016-10-21,control,10,0.140004903762748
2016-10-22,control,10,0.140134492925382
2016-10-23,control,10,0.14006258847125
2016-10-24,control,10,0.139672135925551
2016-10-25,control,10,0.139894199524932
2016-10-26,control,10,0.166070483600146
2016-10-27,control,10,0.209684686475266
2016-10-28,control,10,0.215547734519449
2016-10-29,control,10,0.215782699216903
2016-10-30,control,10,0.214702329156912
2016-10-31,control,10,0.213559570758523
2016-11-01,control,10,0.212475833100845
2016-11-02,control,10,0.211045030679479
2016-11-03,control,10,0.209438106845458
2016-11-04,control,10,0.208300362178013
2016-11-05,control,10,0.206345842347541
2016-11-06,control,10,0.226761590607816
2016-11-07,control,10,0.253467685391645
2016-11-08,control,10,0.267382699467345
2016-11-09,control,10,0.274123241504724
2016-11-10,control,10,0.292060618876321
2016-11-11,control,10,0.344666528198768
2016-11-12,control,10,0.346894330076176
2016-11-13,control,10,0.342938627850255
2016-11-14,control,10,0.351254854388674
2016-11-15,control,10,0.351845215064787
2016-11-16,control,10,0.347527784879108
2016-11-17,control,10,0.343471209284203
2016-11-18,control,10,0.339731523149466
2016-11-19,control,10,0.349352448852713
2016-11-20,control,10,0.355970498812689
2016-11-21,control,10,0.34921223079972
2016-11-22,control,10,0.340994352718873
2016-11-23,control,10,0.333901005812037
2016-11-24,control,10,0.328137153136758
2016-11-25,control,10,0.323817872128912
2016-11-26,control,10,0.321410258232662
2016-11-27,control,10,0.319951166236505
2016-11-28,control,10,0.319007847722299
2016-11-29,control,10,0.317922912228117
2016-11-30,control,10,0.317059511444682
2016-12-01,control,10,0.316067427015544
2016-12-02,control,10,0.315067768597665
2016-12-03,control,10,0.314081641484301
2016-12-04,control,10,0.313126446129676
2016-12-05,control,10,0.312252778504185
2016-12-06,control,10,0.311436466227285
2016-12-07,control,10,0.310565579045139
2016-12-08,control,10,0.309735575871806
2016-12-09,control,10,0.309036354855629
2016-12-10,control,10,0.308496201423604
2016-12-11,control,10,0.3080579559005
2016-12-12,control,10,0.307459440481002
2016-12-13,control,10,0.306882850216249
2016-12-14,control,10,0.306379910149722
2016-12-15,control,10,0.305708064085881
2016-12-16,control,10,0.305022881580825
2016-12-17,control,10,0.30427582987419
2016-12-18,control,10,0.303262866354775
2016-12-19,control,10,0.302715450005986
2016-12-20,control,10,0.302020762516978
2016-12-21,control,10,0.301641116641354
2016-12-22,control,10,0.301585823195446
2016-12-23,control,10,0.301401523874328
2016-12-24,control,10,0.301060956434232
2016-12-25,control,10,0.300525847761914
2016-12-26,control,10,0.299925590565532
2016-12-27,control,10,0.299592347647813
2016-12-28,control,10,0.29928596602671
2016-12-29,control,10,0.298731677098452
2016-12-30,control,10,0.298079216361968
2016-12-31,control,10,0.297070432497326
2017-01-01,control,10,0.295195921321387
2017-01-02,control,10,0.292360761025021
2017-01-03,control,10,0.292216871291205
2017-01-04,control,10,0.292256428257
2017-01-05,control,10,0.293768243433612
2017-01-06,control,10,0.293879680811188
2017-01-07,control,10,0.285617560131748
2017-01-08,control,10,0.283348176747566
2017-01-09,control,10,0.289562044835332
2017-01-10,control,10,0.291366725073376
2017-01-11,control,10,0.29226568584308
2017-01-12,control,10,0.293481361261524
2017-01-13,control,10,0.331497980433357
2017-01-14,control,10,0.347544351711378
2017-01-15,control,10,0.34784262685104
2017-01-16,control,10,0.343860202606994
2017-01-17,control,10,0.337171251607049
2017-01-18,control,10,0.32901628498761
2017-01-19,control,10,0.311555498680984
2017-01-20,control,10,0.276771961577314
2017-01-21,control,10,0.255904962408849
2017-01-22,control,10,0.249578033067821
2017-01-23,control,10,0.253557882182871
2017-01-24,control,10,0.250211499734844
2017-01-25,control,10,0.244184196748383
2017-01-26,control,10,0.231053726595936
2017-01-27,control,10,0.239196692827548
2017-01-28,control,10,0.267759502219529
2017-01-29,control,10,0.294296191178482
2017-01-30,control,10,0.305987405109449
2017-01-31,control,10,0.323506149903143
2017-02-01,control,10,0.356281711458333
2017-02-02,control,10,0.371469754861111
2017-02-03,control,10,0.377796571602705
2017-02-04,control,10,0.378087166317617
2017-02-05,control,10,0.380305417492301
2017-02-06,control,10,0.386755594411668
2017-02-07,control,10,0.3898981366685
2017-02-08,control,10,0.393396390798611
2017-02-09,control,10,0.392708827298977
2017-02-10,control,10,0.385655952059576
2017-02-11,control,10,0.379119360420933
2017-02-12,control,10,0.373597679296418
2017-02-13,control,10,0.368001158854167
2017-02-14,control,10,0.362802094998522
2017-02-15,control,10,0.358008204174175
2017-02-16,control,10,0.354764702913692
2017-02-17,control,10,0.351462314692635
2017-02-18,control,10,0.348525995714597
2017-02-19,control,10,0.345944394073145
2017-02-20,control,10,0.343773250041936
2017-02-21,control,10,0.341501394966024
2017-02-22,control,10,0.338923224701562
2017-02-23,control,10,0.335883134793452
2017-02-24,control,10,0.332570868238167
2017-02-25,control,10,0.32985817868809
2017-02-26,control,10,0.32734990082187
2017-02-27,control,10,0.324455228478644
2017-02-28,control,10,0.32796628722405
2017-03-01,control,10,0.353127012605994
2017-03-02,control,10,0.399425342782133
2017-03-03,control,10,0.388743551447506
2017-03-04,control,10,0.381995112221091
2017-03-05,control,10,0.382406539198659
2017-03-06,control,10,0.403485651987449
2017-03-07,control,10,0.404952768077485
2017-03-08,control,10,0.390621871418634
2017-03-09,control,10,0.398589842010195
2017-03-10,control,10,0.393408621392208
2017-03-11,control,10,0.382723438193822
2017-03-12,control,10,0.373563477479975
2017-03-13,control,10,0.366198600740482
2017-03-14,control,10,0.359933618926528
2017-03-15,control,10,0.353915447288387
2017-03-16,control,10,0.348625886959064
2017-03-17,control,10,0.343290062671548
2017-03-18,control,10,0.339962952644371
2017-03-19,control,10,0.352345333476266
2017-03-20,control,10,0.349692994778447
2017-03-21,control,10,0.344358823352117
2017-03-22,control,10,0.339580922076199
2017-03-23,control,10,0.338131217157283
2017-03-24,control,10,0.334075994064565
2017-03-25,control,10,0.327955671728913
2017-03-26,control,10,0.326928831627016
2017-03-27,control,10,0.328702433664646
2017-03-28,control,10,0.324741147380843
2017-03-29,control,10,0.320890489116059
2017-03-30,control,10,0.315345063087749
2017-03-31,control,10,0.308943761222757
2017-04-01,control,10,0.302148222610386
2017-04-02,control,10,0.296863720933425
2017-04-03,control,10,0.291050111060333
2017-04-04,control,10,0.28432630087171
2017-04-05,control,10,0.276812461504059
2017-04-06,control,10,0.268544383058122
2017-04-07,control,10,0.261162351865279
2017-04-08,control,10,0.25243866063794
2017-04-09,control,10,0.242902749589205
2017-04-10,control,10,0.233598127102362
2017-04-11,control,10,0.225810951475234
2017-04-12,control,10,0.218958388839997
2017-04-13,control,10,0.212699738297795
2017-04-14,control,10,0.20671992944079
2017-04-15,control,10,0.201322646012427
2017-04-16,control,10,0.198212231856725
2017-04-17,control,10,0.195238102895346
2017-04-18,control,10,0.192646154304895
2017-04-19,control,10,0.192094224047375
2017-04-20,control,10,0.189886655084064
2017-04-21,control,10,0.188641371701389
2017-04-22,control,10,0.186207887838901
2017-04-23,control,10,0.183111441139068
2017-04-24,control,10,0.180373676422196
2017-04-25,control,10,0.178116349986559
2017-04-26,control,10,0.181801149237621
2017-04-27,control,10,0.191513866129895
2017-04-28,control,10,0.200955040104167
2017-04-29,control,10,0.204944874896536
2017-04-30,control,10,0.202152786288849
2017-05-01,control,10,0.208565413084173
2017-05-02,control,10,0.227816212072442
2017-05-03,control,10,0.230819617656236
2017-05-04,control,10,0.229187595727671
2017-05-05,control,10,0.224872330069792
2017-05-06,control,10,0.218015427028754
2017-05-07,control,10,0.215763400345649
2017-05-08,control,10,0.213744822061077
2017-05-09,control,10,0.212008219711413
2017-05-10,control,10,0.207049869323484
2017-05-11,control,10,0.200710376801888
2017-05-12,control,10,0.19539613626555
2017-05-13,control,10,0.191979149676476
2017-05-14,control,10,0.188743858251033
2017-05-15,control,10,0.184371361406969
2017-05-16,control,10,0.17996234442415
2017-05-17,control,10,0.176014824184584
2017-05-18,control,10,0.172845078002826
2017-05-19,control,10,0.182017180227469
2017-05-20,control,10,0.193236646744758
2017-05-21,control,10,0.187682780763817
2017-05-22,control,10,0.182259054069763
2017-05-23,control,10,0.177178682952716
2017-05-24,control,10,0.173111986753711
2017-05-25,control,10,0.168763729512377
2017-05-26,control,10,0.16535118531338
2017-05-27,control,10,0.162101214895862
2017-05-28,control,10,0.15922587511979
2017-05-29,control,10,0.157176041433985
2017-05-30,control,10,0.157640318313424
2017-05-31,control,10,0.157884144197435
2017-06-01,control,10,0.157131083096052
2017-06-02,control,10,0.155646776145962
2017-06-03,control,10,0.153883227961065
2017-06-04,control,10,0.164535249050917
2017-06-05,control,10,0.168991233745041
2017-06-06,control,10,0.169858778234145
2017-06-07,control,10,0.16752407032604
2017-06-08,control,10,0.163980187081096
2017-06-09,control,10,0.160910418959286
2017-06-10,control,10,0.157961535553645
2017-06-11,control,10,0.154870909387923
2017-06-12,control,10,0.15204294922831
2017-06-13,control,10,0.149570183353504
2017-06-14,control,10,0.149628699616986
2017-06-15,control,10,0.168575627934636
2017-06-16,control,10,0.167307993738277
2017-06-17,control,10,0.162698887219487
2017-06-18,control,10,0.158357432900443
2017-06-19,control,10,0.154461611362912
2017-06-20,control,10,0.150953221739378
2017-06-21,control,10,0.148020792174723
2017-06-22,control,10,0.145702883537778
2017-06-23,control,10,0.143247416814176
2017-06-24,control,10,0.141071736352485
2017-06-25,control,10,0.13958907060457
2017-06-26,control,10,0.138894412348871
2017-06-27,control,10,0.140192706794081
2017-06-28,control,10,0.141701699474405
2017-06-29,control,10,0.142520305566625
2017-06-30,control,10,0.142297436535113
2017-07-01,control,10,0.141387622063622
2017-07-02,control,10,0.140561485290543
2017-07-03,control,10,0.139568837996461
2017-07-04,control,10,0.138337040304686
2017-07-05,control,10,0.137037592869176
2017-07-06,control,10,0.135578645179517
2017-07-07,control,10,0.134192407493408
2017-07-08,control,10,0.133035296265793
2017-07-09,control,10,0.132156965901242
2017-07-10,control,10,0.133146457170186
2017-07-11,control,10,0.144848368748987
2017-07-12,control,10,0.142724418640134
2017-07-13,control,10,0.139920239030295
2017-07-14,control,10,0.137882632347755
2017-07-15,control,10,0.135939848464844
2017-07-16,control,10,0.134410587946575
2017-07-17,control,10,0.13321083849873
2017-07-18,control,10,0.131935502454927
2017-07-19,control,10,0.130717245737733
2017-07-20,control,10,0.129874833090248
2017-07-21,control,10,0.129099183725106
2017-07-22,control,10,0.128732109069824
2017-07-23,control,10,0.129634555180866
2017-07-24,control,10,0.130672484448085
2017-07-25,control,10,0.131857422859461
2017-07-26,control,10,0.132655666418259
2017-07-27,control,10,0.132776482900005
2017-07-28,control,10,0.132663248954914
2017-07-29,control,10,0.132077312469497
2017-07-30,control,10,0.131476831436156
2017-07-31,control,10,0.131539471944149
2017-08-01,control,10,0.132642772908784
2017-08-02,control,10,0.137166547775262
2017-08-03,control,10,0.138573919332982
2017-08-04,control,10,0.138982390520863
2017-08-05,control,10,0.138648886925724
2017-08-06,control,10,0.137653536011298
2017-08-07,control,10,0.136085931489773
2017-08-08,control,10,0.146346248347936
2017-08-09,control,10,0.179071014672707
2017-08-10,control,10,0.195338720314207
2017-08-11,control,10,0.302781266027334
2017-08-12,control,10,0.321927518599429
2017-08-13,control,10,0.320383929221016
2017-08-14,control,10,0.309081098925089
2017-08-15,control,10,0.295711785523293
2017-08-16,control,10,0.283361982115606
2017-08-17,control,10,0.268385020409479
2017-08-18,control,10,0.252234943581202
2017-08-19,control,10,0.255372897294445
2017-08-20,control,10,0.249014168166227
2017-08-21,control,10,0.237827402009966
2017-08-22,control,10,0.2251703197754
2017-08-23,control,10,0.21145831227953
2017-08-24,control,10,0.199106720411419
2017-08-25,control,10,0.189694866722779
2017-08-26,control,10,0.179813940340912
2017-08-27,control,10,0.171737934773549
2017-08-28,control,10,0.166675345265567
2017-08-29,control,10,0.161713332184432
2017-08-30,control,10,0.157538042561374
2017-08-31,control,10,0.157162071722661
2017-09-01,control,10,0.159406495345269
2017-09-02,control,10,0.159776448783919
2017-09-03,control,10,0.158600490413036
2017-09-04,control,10,0.156830921217016
2017-09-05,control,10,0.154677246748317
2017-09-06,control,10,0.152091321498763
2017-09-07,control,10,0.149683763244276
2017-09-08,control,10,0.14764915738167
2017-09-09,control,10,0.147134583161429
2017-09-10,control,10,0.148724207256422
2017-09-11,control,10,0.14895777947495
2017-09-12,control,10,0.148344160531458
2017-09-13,control,10,0.147677797347143
2017-09-14,control,10,0.147502072736449
2017-09-15,control,10,0.147186837401988
2017-09-16,control,10,0.146209671037113
2017-09-17,control,10,0.145379880378624
2017-09-18,control,10,0.145611711986932
2017-09-19,control,10,0.145112430537469
2017-09-20,control,10,0.144489375671726
2017-09-21,control,10,0.143625131449504
2017-09-22,control,10,0.142830609794644
2017-09-23,control,10,0.141956933611908
2017-09-24,control,10,0.141093502261679
2017-09-25,control,10,0.140251907549403
2017-09-26,control,10,0.13952889435679
2017-09-27,control,10,0.138854325612394
2017-09-28,control,10,0.138118344511938
2017-09-29,control,10,0.137384049297027
2017-09-30,control,10,0.13669114794644
2017-10-01,control,10,0.136476628911177
2017-10-02,control,10,0.136546096052501
2017-10-03,control,10,0.13777393639735
2017-10-04,control,10,0.140135734244918
2017-10-05,control,10,0.141697101363942
2017-10-06,control,10,0.142603686798556
2017-10-07,control,10,0.142952103360275
2017-10-08,control,10,0.143135182034314
2017-10-09,control,10,0.143152430634041
2017-10-10,control,10,0.142703902765098
2017-10-11,control,10,0.142113971789764
2017-10-12,control,10,0.141476471452905
2017-10-13,control,10,0.140823369643961
2017-10-14,control,10,0.140189204306533
2017-10-15,control,10,0.139541035977643
2017-10-16,control,10,0.138917486652779
2017-10-17,control,10,0.138279662117583
2017-10-18,control,10,0.137648979502141
2017-10-19,control,10,0.137181121662106
2017-10-20,control,10,0.136790484316924
2017-10-21,control,10,0.136422599841809
2017-10-22,control,10,0.136028295091911
2017-10-23,control,10,0.135859113232726
2017-10-24,control,10,0.135697248554528
2017-10-25,control,10,0.135629035291843
2017-10-26,control,10,0.135525059068128
2017-10-27,control,10,0.135395764134562
2017-10-28,control,10,0.135213947253433
2017-10-29,control,10,0.135048735406321
2017-10-30,control,10,0.134961875251268
2017-10-31,control,10,0.134771668933647
2017-11-01,control,10,0.134717082940917
2017-11-02,control,10,0.134683188900784
2017-11-03,control,10,0.13465334229499001
2017-11-04,control,10,0.134581923611644
2017-11-05,control,10,0.1369489377112
2017-11-06,control,10,0.14219501997295
2017-11-07,control,10,0.143413003612604
2017-11-08,control,10,0.144048089988181
2017-11-09,control,10,0.144578826989007
2017-11-10,control,10,0.145295141891485
2017-11-11,control,10,0.145825622123576
2017-11-12,control,10,0.156737792238263
2017-11-13,control,10,0.204006043797375
2017-11-14,control,10,0.220518797115858
2017-11-15,control,10,0.23036296441475
2017-11-16,control,10,0.23869273505908
2017-11-17,control,10,0.246695455953729
2017-11-18,control,10,0.253913326954495
2017-11-19,control,10,0.259835957529086
2017-11-20,control,10,0.266707290552764
2017-11-21,control,10,0.271735945366513
2017-11-22,control,10,0.27463825456448
2017-11-23,control,10,0.275781316270637
2017-11-24,control,10,0.275706861192108
2017-11-25,control,10,0.27621513344153
2017-11-26,control,10,0.284154951382906
2017-11-27,control,10,0.28936372158622
2017-11-28,control,10,0.292263973837424
2017-11-29,control,10,0.293796356237301
2017-11-30,control,10,0.297110883626795
2017-12-01,control,10,0.29985388327337
2017-12-02,control,10,0.301019503963841
2017-12-03,control,10,0.301040253497356
2017-12-04,control,10,0.30050228332186
2017-12-05,control,10,0.299610828183517
2017-12-06,control,10,0.298513566057202
2017-12-07,control,10,0.297249262390727
2017-12-08,control,10,0.299236389206173
2017-12-09,control,10,0.315253678585125
2017-12-10,control,10,0.323264322160789
2017-12-11,control,10,0.330479869647922
2017-12-12,control,10,0.358947080400018
2017-12-13,control,10,0.36414539303696
2017-12-14,control,10,0.363549748750182
2017-12-15,control,10,0.37375809476455
2017-12-16,control,10,0.372268506597947
2017-12-17,control,10,0.368982690876768
2017-12-18,control,10,0.365073225391377
2017-12-19,control,10,0.361513503953286
2017-12-20,control,10,0.360029674390462
2017-12-21,control,10,0.359405761626154
2017-12-22,control,10,0.359121472325752
2017-12-23,control,10,0.365535973666007
2017-12-24,control,10,0.366730311335711
2017-12-25,control,10,0.362743953951738
2017-12-26,control,10,0.358993351968911
2017-12-27,control,10,0.359672969954499
2017-12-28,control,10,0.369675770636136
2017-12-29,control,10,0.368123685073449
2017-12-30,control,10,0.377926031335915
2017-12-31,control,10,0.38474309222829
2018-01-01,control,10,0.382028421494808
2018-01-02,control,10,0.38903004384066
2018-01-03,control,10,0.389855280288356
2018-01-04,control,10,0.397863970514969
2018-01-05,control,10,0.39073378165071
2018-01-06,control,10,0.380611475916879
2018-01-07,control,10,0.37592578944181
2018-01-08,control,10,0.385516683026863
2018-01-09,control,10,0.409632891306691
2018-01-10,control,10,0.391563257523284
2018-01-11,control,10,0.380079839870667
2018-01-12,control,10,0.373076884788652
2018-01-13,control,10,0.367801186058067
2018-01-14,control,10,0.362655647803279
2018-01-15,control,10,0.358159139446222
2018-01-16,control,10,0.361014287914367
2018-01-17,control,10,0.385983967994356
2018-01-18,control,10,0.386355156439308
2018-01-19,control,10,0.394209096886499
2018-01-20,control,10,0.383334296416469
2018-01-21,control,10,0.398479892503137
2018-01-22,control,10,0.414305461394893
2018-01-23,control,10,0.403403649197079
2018-01-24,control,10,0.38694227607959
2018-01-25,control,10,0.378348731438593
2018-01-26,control,10,0.372736809791434
2018-01-27,control,10,0.368342651525243
2018-01-28,control,10,0.365161015545804
2018-01-29,control,10,0.362522971441866
2018-01-30,control,10,0.360320730877531
2018-01-31,control,10,0.358422021521866
2018-02-01,control,10,0.36489788677329
2018-02-02,control,10,0.370199393644603
2018-02-03,control,10,0.365074744426833
2018-02-04,control,10,0.359821292026116
2018-02-05,control,10,0.357247171173487
2018-02-06,control,10,0.357575322716642
2018-02-07,control,10,0.357552168566203
2018-02-08,control,10,0.356369735672437
2018-02-09,control,10,0.354264392732795
2018-02-10,control,10,0.352322230921481
2018-02-11,control,10,0.351347056599876
2018-02-12,control,10,0.352268472324406
2018-02-13,control,10,0.350560830774358
2018-02-14,control,10,0.347297513155731
2018-02-15,control,10,0.345063863723473
2018-02-16,control,10,0.358457237645902
2018-02-17,control,10,0.387465206633187
2018-02-18,control,10,0.392949977016939
2018-02-19,control,10,0.388453788754003
2018-02-20,control,10,0.382216315485004
2018-02-21,control,10,0.377307389307376
2018-02-22,control,10,0.37239580698483
2018-02-23,control,10,0.368429385502421
2018-02-24,control,10,0.365695362836639
2018-02-25,control,10,0.362991762911138
2018-02-26,control,10,0.35952127361518
2018-02-27,control,10,0.354969583071356
2018-02-28,control,10,0.348909004865205
2018-03-01,control,10,0.346963623503176
2018-03-02,control,10,0.346843629064023
2018-03-03,control,10,0.347287477205523
2018-03-04,control,10,0.351244743127348
2018-03-05,control,10,0.356782727095296
2018-03-06,control,10,0.356376787020519
2018-03-07,control,10,0.354217729882623
2018-03-08,control,10,0.351927817531296
2018-03-09,control,10,0.349220948961865
2018-03-10,control,10,0.346448358569229
2018-03-11,control,10,0.343854322891061
2018-03-12,control,10,0.342464634571167
2018-03-13,control,10,0.34529266047968
2018-03-14,control,10,0.344107320343394
2018-03-15,control,10,0.340551104086664
2018-03-16,control,10,0.337025722369813
2018-03-17,control,10,0.334985917658448
2018-03-18,control,10,0.338556817539951
2018-03-19,control,10,0.338625612867639
2018-03-20,control,10,0.336718400319417
2018-03-21,control,10,0.33475440343221
2018-03-22,control,10,0.332991453471937
2018-03-23,control,10,0.330658292770386
2018-03-24,control,10,0.327667903900146
2018-03-25,control,10,0.324280548597637
2018-03-26,control,10,0.320852806359007
2018-03-27,control,10,0.317476878249854
2018-03-28,control,10,0.320738414965178
2018-03-29,control,10,0.330264570503904
2018-03-30,control,10,0.332331246995089
2018-03-31,control,10,0.341400722070789
2018-04-01,control,10,0.349535194520027
2018-04-02,control,10,0.345543394423368
2018-04-03,control,10,0.339136359961276
2018-04-04,control,10,0.332643540700277
2018-04-05,control,10,0.330758428573608
2018-04-06,control,10,0.328069225947062
2018-04-07,control,10,0.322369607289632
2018-04-08,control,10,0.316041272815905
2018-04-09,control,10,0.309522183736165
2018-04-10,control,10,0.303693742417453
2018-04-11,control,10,0.29762996653649
2018-04-12,control,10,0.29106155813786
2018-04-13,control,10,0.284224969084545
2018-04-14,control,10,0.275993916528267
2018-04-15,control,10,0.267668392783717
2018-04-16,control,10,0.259773270289103
2018-04-17,control,10,0.251079262014021
2018-04-18,control,10,0.241015831629435
2018-04-19,control,10,0.230869383019892
2018-04-20,control,10,0.221251329800761
2018-04-21,control,10,0.212292723237422
2018-04-22,control,10,0.204348893751178
2018-04-23,control,10,0.198028073561819
2018-04-24,control,10,0.193515968322754
2018-04-25,control,10,0.188577255033299
2018-04-26,control,10,0.184743929076613
2018-04-27,control,10,0.181162241216291
2018-04-28,control,10,0.177961496888546
2018-04-29,control,10,0.175376208288628
2018-04-30,control,10,0.174797360102336
2018-05-01,control,10,0.17499247500771
2018-05-02,control,10,0.175265661875407
2018-05-03,control,10,0.184442606378109
2018-05-04,control,10,0.215129391352336
2018-05-05,control,10,0.224496539433797
2018-05-06,control,10,0.218635278166386
2018-05-07,control,10,0.211268576155318
2018-05-08,control,10,0.207334957731531
2018-05-09,control,10,0.201078644635385
2018-05-10,control,10,0.197372531890869
2018-05-11,control,10,0.193545897801717
2018-05-12,control,10,0.187306177869756
2018-05-13,control,10,0.182627930849423
2018-05-14,control,10,0.201973883310954
2018-05-15,control,10,0.230190862019857
2018-05-16,control,10,0.255955965811746
2018-05-17,control,10,0.258524207901536
2018-05-18,control,10,0.249569509238528
2018-05-19,control,10,0.2370016402529
2018-05-20,control,10,0.226380332987359
2018-05-21,control,10,0.214877158197372
2018-05-22,control,10,0.202008708318075
2018-05-23,control,10,0.193860533864875
2018-05-24,control,10,0.186901830443254
2018-05-25,control,10,0.178405475616455
2018-05-26,control,10,0.172527466489558
2018-05-27,control,10,0.1696230210756
2018-05-28,control,10,0.167917104018362
2018-05-29,control,10,0.166880334268181
2018-05-30,control,10,0.165596175110131
2018-05-31,control,10,0.164320478941265
2018-06-01,control,10,0.162864377875077
2018-06-02,control,10,0.160596873467429
2018-06-03,control,10,0.158562827742158
2018-06-04,control,10,0.156806935929416
2018-06-05,control,10,0.154889505118655
2018-06-06,control,10,0.153445361789904
2018-06-07,control,10,0.152260834877951
2018-06-08,control,10,0.150782894388692
2018-06-09,control,10,0.149291435877482
2018-06-10,control,10,0.147708511352539
2018-06-11,control,10,0.147710190175317
2018-06-12,control,10,0.149742937088013
2018-06-13,control,10,0.15406223932902
2018-06-14,control,10,0.157441569389181
2018-06-15,control,10,0.157857163747152
2018-06-16,control,10,0.156169101313541
2018-06-17,control,10,0.154154586791992
2018-06-18,control,10,0.151808071136475
2018-06-19,control,10,0.149449427922567
2018-06-20,control,10,0.147193479537964
2018-06-21,control,10,0.145189317067464
2018-06-22,control,10,0.143141686288934
2018-06-23,control,10,0.141251991737596
2018-06-24,control,10,0.140016085976049
2018-06-25,control,10,0.138882628323739
2018-06-26,control,10,0.137695264816284
2018-06-27,control,10,0.136463825408093
2018-06-28,control,10,0.135101763909323
2018-06-29,control,10,0.133957195281982
2018-06-30,control,10,0.13279362310443
2018-07-01,control,10,0.131653960545858
2018-07-02,control,10,0.130305893713968
2018-07-03,control,10,0.129266920926278
2018-07-04,control,10,0.128557058604736
2018-07-05,control,10,0.128307163171601
2018-07-06,control,10,0.128086917107565
2018-07-07,control,10,0.127932580312093
2018-07-08,control,10,0.1274480565389
2018-07-09,control,10,0.126883379618327
2018-07-10,control,10,0.126224912342272
2018-07-11,control,10,0.125650609177678
2018-07-12,control,10,0.125090890181692
2018-07-13,control,10,0.124833406481827
2018-07-14,control,10,0.124510272343953
2018-07-15,control,10,0.125382455190023
2018-07-16,control,10,0.126289055871625
2018-07-17,control,10,0.126587290345577
2018-07-18,control,10,0.126586977640788
2018-07-19,control,10,0.126162046967891
2018-07-20,control,10,0.125421960303124
2018-07-21,control,10,0.127851422965949
2018-07-22,control,10,0.130382919987888
2018-07-23,control,10,0.131652426301387
2018-07-24,control,10,0.132216921689218
2018-07-25,control,10,0.132173887888591
2018-07-26,control,10,0.131382834953174
2018-07-27,control,10,0.130373098306489
2018-07-28,control,10,0.129758389790853
2018-07-29,control,10,0.129718402226766
2018-07-30,control,10,0.129232875924361
2018-07-31,control,10,0.128419495632774
2018-08-01,control,10,0.12761595441584
2018-08-02,control,10,0.127257698962563
2018-08-03,control,10,0.127166412587751
2018-08-04,control,10,0.126710756034182
2018-08-05,control,10,0.126069498062134
2018-08-06,control,10,0.125461673736572
2018-08-07,control,10,0.126124632484034
2018-08-08,control,10,0.127107906341553
2018-08-09,control,10,0.127888916417172
2018-08-10,control,10,0.130655517578125
2018-08-11,control,10,0.131852785746257
2018-08-12,control,10,0.132066186269124
2018-08-13,control,10,0.131887054443359
2018-08-14,control,10,0.131616242726644
2018-08-15,control,10,0.13105681737264
2018-08-16,control,10,0.130177762322392
2018-08-17,control,10,0.129299337989406
2018-08-18,control,10,0.128485218683879
2018-08-19,control,10,0.128132280383194
2018-08-20,control,10,0.127750666936239
2018-08-21,control,10,0.12704889648839
2018-08-22,control,10,0.126339771036516
2018-08-23,control,10,0.125868056447882
2018-08-24,control,10,0.126298809051514
2018-08-25,control,10,0.127294158935547
2018-08-26,control,10,0.127636177163375
2018-08-27,control,10,0.127860260009766
2018-08-28,control,10,0.127827103932699
2018-08-29,control,10,0.127522109014946
2018-08-30,control,10,0.127267542721932
2018-08-31,control,10,0.127005008898283
2018-09-01,control,10,0.126709793325056
2018-09-02,control,10,0.126420226348074
2018-09-03,control,10,0.126024993260702
2018-09-04,control,10,0.125532992680868
2018-09-05,control,10,0.12510643875389801
2018-09-06,control,10,0.124712991714478
2018-09-07,control,10,0.124498505508691
2018-09-08,control,10,0.124199101799413
2018-09-09,control,10,0.123937161763509
2018-09-10,control,10,0.123745575620417
2018-09-11,control,10,0.123307418823242
2018-09-12,control,10,0.123070430755615
2018-09-13,control,10,0.123007345199585
2018-09-14,control,10,0.123422455536692
2018-09-15,control,10,0.124255148569743
2018-09-16,control,10,0.12465558052063
2018-09-17,control,10,0.125049781799316
2018-09-18,control,10,0.12515967937938
2018-09-19,control,10,0.126149634813008
2018-09-20,control,10,0.127502886454264
2018-09-21,control,10,0.128407097532038
2018-09-22,control,10,0.128969820926064
2018-09-23,control,10,0.129232809167159
2018-09-24,control,10,0.129703391225714
2018-09-25,control,10,0.129727501116301
2018-09-26,control,10,0.129875659942627
2018-09-27,control,10,0.129874646748211
2018-09-28,control,10,0.129647659502531
2018-09-29,control,10,0.129321130116781
2018-09-30,control,10,0.132175223032633
2018-10-01,control,10,0.15670590300309
2018-10-02,control,10,0.156984313329061
2018-10-03,control,10,0.156538320173297
2018-10-04,control,10,0.15533697106937
2018-10-05,control,10,0.153416608174642
2018-10-06,control,10,0.150804452728807
2018-10-07,control,10,0.14800713857015
2018-10-08,control,10,0.145612948902866
2018-10-09,control,10,0.143329652317783
2018-10-10,control,10,0.14090727159985
2018-10-11,control,10,0.138602202398735
2018-10-12,control,10,0.136682992567096
2018-10-13,control,10,0.135408862264533
2018-10-14,control,10,0.134180275599162
2018-10-15,control,10,0.13294521582754
2018-10-16,control,10,0.132086289556403
2018-10-17,control,10,0.131385311996728
2018-10-18,control,10,0.130905767229343
2018-10-19,control,10,0.130476461305864
2018-10-20,control,10,0.130086473331117
2018-10-21,control,10,0.129740142822266
2018-10-22,control,10,0.129435701573149
2018-10-23,control,10,0.129276988882768
2018-10-24,control,10,0.127928619384766
2018-10-25,control,10,0.127732219696045
2018-10-26,control,10,0.127495150114361
2018-10-27,control,10,0.127628740411056
2018-10-28,control,10,0.129103582194523
2018-10-29,control,10,0.145326543361583
2018-10-30,control,10,0.193883885788357
2018-10-31,control,10,0.216837698083175
2018-11-01,control,10,0.247833499908447
2018-11-02,control,10,0.287978886453729
2018-11-03,control,10,0.304777940047415
2018-11-04,control,10,0.307210258727378
2018-11-05,control,10,0.303724397558915
2018-11-06,control,10,0.298581219787427
2018-11-07,control,10,0.295638149663022
2018-11-08,control,10,0.293474864959717
2018-11-09,control,10,0.291664690720408
2018-11-10,control,10,0.289145660400391
2018-11-11,control,10,0.284497356414795
2018-11-12,control,10,0.280838527679443
2018-11-13,control,10,0.277313636617458
2018-11-14,control,10,0.275257332984437
2018-11-15,control,10,0.27466508443732
2018-11-16,control,10,0.273546125965734
2018-11-17,control,10,0.272100732301411
2018-11-18,control,10,0.270633754730225
2018-11-19,control,10,0.269608799783807
2018-11-20,control,10,0.269004878997803
2018-11-21,control,10,0.267765588459216
2018-11-22,control,10,0.266560497283936
2018-11-23,control,10,0.265377488643565
2018-11-24,control,10,0.263348274230957
2018-11-25,control,10,0.262904117259573
2018-11-26,control,10,0.261868801116943
2018-11-27,control,10,0.260628051757813
2018-11-28,control,10,0.259044626232724
2018-11-29,control,10,0.257704086303711
2018-11-30,control,10,0.256002931902486
2018-12-01,control,10,0.254676638753791
2018-12-02,control,10,0.256197824578536
2018-12-03,control,10,0.318161675503379
2018-12-04,control,10,0.350403804779053
2018-12-05,control,10,0.348522605092902
2018-12-06,control,10,0.34684591293335
2018-12-07,control,10,0.346502260910837
2018-12-08,control,10,0.347354199429776
2018-12-09,control,10,0.348241672515869
2018-12-10,control,10,0.352957300025966
2018-12-11,control,10,0.350872392105496
2018-12-12,control,10,0.347235507965088
2018-12-13,control,10,0.341952733039717
2018-12-14,control,10,0.338345028325131
2018-12-15,control,10,0.335238063920365
2018-12-16,control,10,0.3331168642546
2018-12-17,control,10,0.342609427025978
2018-12-18,control,10,0.361598984768516
2018-12-19,control,10,0.361028079986572
2018-12-20,control,10,0.370147962262554
2018-12-21,control,10,0.37473472554633
2018-12-22,control,10,0.388574237823486
2018-12-23,control,10,0.381599167070891
2018-12-24,control,10,0.395091403358861
2018-12-25,control,10,0.381554120716296
2018-12-26,control,10,0.372927551269531
2018-12-27,control,10,0.366545960476524
2018-12-28,control,10,0.362888546993858
2018-12-29,control,10,0.361027895877236
2018-12-30,control,10,0.358060948503244
2018-12-31,control,10,0.355614077919408
2019-01-01,control,10,0.353242363176848
2019-01-02,control,10,0.351269645690918
2019-01-03,control,10,0.348746510154323
2019-01-04,control,10,0.344793650896086
2019-01-05,control,10,0.34103079642019
2019-01-06,control,10,0.340269260406494
2019-01-07,control,10,0.340795582559616
2019-01-08,control,10,0.340474472045898
2019-01-09,control,10,0.341436176300049
2019-01-10,control,10,0.341601547241211
2019-01-11,control,10,0.339904330523791
2019-01-12,control,10,0.337824031347123
2019-01-13,control,10,0.353400379491783
2019-01-14,control,10,0.393224945068359
2019-01-15,control,10,0.381947423232229
2019-01-16,control,10,0.373245275512388
2019-01-17,control,10,0.366880416870117
2019-01-18,control,10,0.365124788591939
2019-01-19,control,10,0.360027674825568
2019-01-20,control,10,0.353839214999479
2019-01-21,control,10,0.351140593478554
2019-01-22,control,10,0.347506640811525
2019-01-23,control,10,0.342430108029895
2019-01-24,control,10,0.340040367468207
2019-01-25,control,10,0.337264733902263
2019-01-26,control,10,0.333507298318963
2019-01-27,control,10,0.331151695251465
2019-01-28,control,10,0.335034384074964
2019-01-29,control,10,0.341939661959384
2019-01-30,control,10,0.344096980647037
2019-01-31,control,10,0.342813243865967
2019-02-01,control,10,0.343045825958252
2019-02-02,control,10,0.347686261594629
2019-02-03,control,10,0.354106559753418
2019-02-04,control,10,0.356772744028192
2019-02-05,control,10,0.352434142412273
2019-02-06,control,10,0.346352907272629
2019-02-07,control,10,0.341923994365491
2019-02-08,control,10,0.342074979480944
2019-02-09,control,10,0.344875507354736
2019-02-10,control,10,0.350321559906006
2019-02-11,control,10,0.37900519019679
2019-02-12,control,10,0.378613292324928
2019-02-13,control,10,0.372984262207988
2019-02-14,control,10,0.368488597869873
2019-02-15,control,10,0.365682231903076
2019-02-16,control,10,0.362876436534681
2019-02-17,control,10,0.360421375073885
2019-02-18,control,10,0.357270584106445
2019-02-19,control,10,0.353349180321944
2019-02-20,control,10,0.350661487579346
2019-02-21,control,10,0.34817988486039
2019-02-22,control,10,0.345730224408601
2019-02-23,control,10,0.34330206620493
2019-02-24,control,10,0.341025131827907
2019-02-25,control,10,0.338992362679279
2019-02-26,control,10,0.336832733154297
2019-02-27,control,10,0.334318382865504
2019-02-28,control,10,0.331640179483514
2019-03-01,control,10,0.329028450605984
2019-03-02,control,10,0.327280436485044
2019-03-03,control,10,0.325465371583637
2019-03-04,control,10,0.323529323454826
2019-03-05,control,10,0.324151152761359
2019-03-06,control,10,0.323227617895259
2019-03-07,control,10,0.321351818084717
2019-03-08,control,10,0.320557625547368
2019-03-09,control,10,0.318713760375977
2019-03-10,control,10,0.325043678283691
2019-03-11,control,10,0.341836799621582
2019-03-12,control,10,0.350800013692755
2019-03-13,control,10,0.349236052663703
2019-03-14,control,10,0.35018652062667
2019-03-15,control,10,0.389386940002441
2019-03-16,control,10,0.380979270935059
2019-03-17,control,10,0.369922542572022
2019-03-18,control,10,0.361397441261693
2019-03-19,control,10,0.355260106623907
2019-03-20,control,10,0.350167259985229
2019-03-21,control,10,0.345548686981201
2019-03-22,control,10,0.340831623077393
2019-03-23,control,10,0.335304524501788
2019-03-24,control,10,0.32993537902832
2019-03-25,control,10,0.325106590270996
2019-03-26,control,10,0.321180038452148
2019-03-27,control,10,0.317584629058838
2019-03-28,control,10,0.31388705689536
2019-03-29,control,10,0.309661993930214
2019-03-30,control,10,0.304943351745605
2019-03-31,control,10,0.299539623260498
2019-04-01,control,10,0.293457107543945
2019-04-02,control,10,0.287659032319721
2019-04-03,control,10,0.281288204193115
2019-04-04,control,10,0.283679313659668
2019-04-05,control,10,0.32899066483347
2019-04-06,control,10,0.34329870223999
2019-04-07,control,10,0.337898445129395
2019-04-08,control,10,0.332897680531377
2019-04-09,control,10,0.326475798757453
2019-04-10,control,10,0.319650179274539
2019-04-11,control,10,0.313603016467805
2019-04-12,control,10,0.307532951679636
2019-04-13,control,10,0.300963333732203
2019-04-14,control,10,0.29459397788224
2019-04-15,control,10,0.288930418315687
2019-04-16,control,10,0.2819215965271
2019-04-17,control,10,0.274557194960745
2019-04-18,control,10,0.265765974384406
2019-04-19,control,10,0.255489414702071
2019-04-20,control,10,0.24527274844521
2019-04-21,control,10,0.235118026532625
2019-04-22,control,10,0.224680903520568
2019-04-23,control,10,0.215578339626915
2019-04-24,control,10,0.20885727618603
2019-04-25,control,10,0.202582663592673
2019-04-26,control,10,0.202326925378097
2019-04-27,control,10,0.213658338977445
2019-04-28,control,10,0.219839106108013
2019-04-29,control,10,0.220498144088253
2019-04-30,control,10,0.217018375396729
2019-05-01,control,10,0.21180263519287101
2019-05-02,control,10,0.206137604964407
2019-05-03,control,10,0.202477588653564
2019-05-04,control,10,0.198227291107178
2019-05-05,control,10,0.195045823822363
2019-05-06,control,10,0.192144034737035
2019-05-07,control,10,0.189336700439453
2019-05-08,control,10,0.188799534044768
2019-05-09,control,10,0.248512954711914
2019-05-10,control,10,0.270445467095626
2019-05-11,control,10,0.272589658371946
2019-05-12,control,10,0.273361684109302
2019-05-13,control,10,0.268275361974189
2019-05-14,control,10,0.262999776338276
2019-05-15,control,10,0.245770492147892
2019-05-16,control,10,0.236376375901072
2019-05-17,control,10,0.221860234511526
2019-05-18,control,10,0.212905101306228
2019-05-19,control,10,0.205092334747314
2019-05-20,control,10,0.200316570884303
2019-05-21,control,10,0.196323509216309
2019-05-22,control,10,0.189505593350059
2019-05-23,control,10,0.182499194855386
2019-05-24,control,10,0.177749655673378
2019-05-25,control,10,0.173180826488294
2019-05-26,control,10,0.171508084949694
2019-05-27,control,10,0.169264579170629
2019-05-28,control,10,0.16799708617361
2019-05-29,control,10,0.167024841308594
2019-05-30,control,10,0.164757692236649
2019-05-31,control,10,0.162100429534912
2019-06-01,control,10,0.159532814025879
2019-06-02,control,10,0.156824741363525
2019-06-03,control,10,0.154284452739515
2019-06-04,control,10,0.15221087566175
2019-06-05,control,10,0.150224089973851
2019-06-06,control,10,0.14941349029541
2019-06-07,control,10,0.148465398888839
2019-06-08,control,10,0.147309837341309
2019-06-09,control,10,0.146521034240723
2019-06-10,control,10,0.147281665802002
2019-06-11,control,10,0.236298816680908
2019-06-12,control,10,0.271022568351344
2019-06-13,control,10,0.265479998939916
2019-06-14,control,10,0.248124326605546
2019-06-15,control,10,0.228661848433474
2019-06-16,control,10,0.214087568054541
2019-06-17,control,10,0.199137204421194
2019-06-18,control,10,0.184006805419922
2019-06-19,control,10,0.17178590312757
2019-06-20,control,10,0.164919434396844
2019-06-21,control,10,0.161723380640933
2019-06-22,control,10,0.189197915729723
2019-06-23,control,10,0.221370410919189
2019-06-24,control,10,0.212839440596731
2019-06-25,control,10,0.18781946804649
2019-06-26,control,10,0.172476230219791
2019-06-27,control,10,0.16179027557373
2019-06-28,control,10,0.154518280029297
2019-06-29,control,10,0.149018140090139
2019-06-30,control,10,0.145322742462158
2019-07-01,control,10,0.143073135777524
2019-07-02,control,10,0.212128677368164
2019-07-03,control,10,0.264832954406738
2019-07-04,control,10,0.281199283599854
2019-07-05,control,10,0.265340320386385
2019-07-06,control,10,0.241761264801025
2019-07-07,control,10,0.218973293304443
2019-07-08,control,10,0.200411634545577
2019-07-09,control,10,0.185143010189659
2019-07-10,control,10,0.171179342269897
2019-07-11,control,10,0.162671728675247
2019-07-12,control,10,0.157787581661291
2019-07-13,control,10,0.152227964568556
2019-07-14,control,10,0.147832575060246
2019-07-15,control,10,0.162849124439976
2019-07-16,control,10,0.167000537119616
2019-07-17,control,10,0.160123246443187
2019-07-18,control,10,0.153836960671106
2019-07-19,control,10,0.1495446588282
2019-07-20,control,10,0.146330053597166
2019-07-21,control,10,0.14401187695955
2019-07-22,control,10,0.141943606493766
2019-07-23,control,10,0.139821108098616
2019-07-24,control,10,0.137577127992061
2019-07-25,control,10,0.135656845534902
2019-07-26,control,10,0.134735109931544
2019-07-27,control,10,0.137660877830104
2019-07-28,control,10,0.147391564553244
2019-07-29,control,10,0.162500504276209
2019-07-30,control,10,0.16409334283126
2019-07-31,control,10,0.160105354242158
2019-08-01,control,10,0.155357609000257
2019-08-02,control,10,0.152577336629232
2019-08-03,control,10,0.150100533167521
2019-08-04,control,10,0.146571658003815
2019-08-05,control,10,0.143518766102038
2019-08-06,control,10,0.14122575145984
2019-08-07,control,10,0.143077302996655
2019-08-08,control,10,0.156738757558239
2019-08-09,control,10,0.157672782697176
2019-08-10,control,10,0.155825763391265
2019-08-11,control,10,0.159870457526417
2019-08-12,control,10,0.180845710185536
2019-08-13,control,10,0.192196752313982
2019-08-14,control,10,0.191589692768298
2019-08-15,control,10,0.184371665151496
2019-08-16,control,10,0.175406861556204
2019-08-17,control,10,0.16655528403165001
2019-08-18,control,10,0.158212789903607
2019-08-19,control,10,0.169899495442708
2019-08-20,control,10,0.218160168329875
2019-08-21,control,10,0.300666241227535
2019-08-22,control,10,0.310970473038523
2019-08-23,control,10,0.301578632990519
2019-08-24,control,10,0.287898898549174
2019-08-25,control,10,0.272579263385973
2019-08-26,control,10,0.253957450292017
2019-08-27,control,10,0.233531764790982
2019-08-28,control,10,0.213623318861012
2019-08-29,control,10,0.193856444107859
2019-08-30,control,10,0.177999893994873
2019-08-31,control,10,0.167373806894322
2019-09-01,control,10,0.16169896460416
2019-09-02,control,10,0.157931520322368
2019-09-03,control,10,0.153862091369173
2019-09-04,control,10,0.149940012547008
2019-09-05,control,10,0.147353502407409
2019-09-06,control,10,0.146174987157186
2019-09-07,control,10,0.14456229477598
2019-09-08,control,10,0.14271622118464
2019-09-09,control,10,0.141393997101909
2019-09-10,control,10,0.139987151923663
2019-09-11,control,10,0.13858068784078
2019-09-12,control,10,0.137335286234777
2019-09-13,control,10,0.13627432403835
2019-09-14,control,10,0.135297146183526
2019-09-15,control,10,0.134479041015893
2019-09-16,control,10,0.133545189779843
2019-09-17,control,10,0.132533644164889
2019-09-18,control,10,0.13176277478536
2019-09-19,control,10,0.131364529060595
2019-09-20,control,10,0.130719525171429
2019-09-21,control,10,0.13035610808275
2019-09-22,control,10,0.130046766362292
2019-09-23,control,10,0.129029302764357
2019-09-24,control,10,0.12892492612203
2019-09-25,control,10,0.128957968918678
2019-09-26,control,10,0.129079012285199
2019-09-27,control,10,0.128979019365813
2019-09-28,control,10,0.128748528999195
2019-09-29,control,10,0.128342270270344
2019-09-30,control,10,0.128523682951473
2019-10-01,control,10,0.128282891658314
2019-10-02,control,10,0.128346292261492
2019-10-03,control,10,0.129615329106649
2019-10-04,control,10,0.129647126317069
2019-10-05,control,10,0.130631843366121
2019-10-06,control,10,0.131217332137258
2019-10-07,control,10,0.131548028766738
2019-10-08,control,10,0.133141511281331
2019-10-09,control,10,0.139469271877356
2019-10-10,control,10,0.151380936304728
2019-10-11,control,10,0.157113434640985
2019-10-12,control,10,0.157755025227865
2019-10-13,control,10,0.15683847488241
2019-10-14,control,10,0.154972309437457
2019-10-15,control,10,0.154995986878826
2019-10-16,control,10,0.171633286559791
2019-10-17,control,10,0.184601047059501
2019-10-18,control,10,0.190128262837728
2019-10-19,control,10,0.19169624718057
2019-10-20,control,10,0.189848550160726
2019-10-21,control,10,0.186956237039712
2019-10-22,control,10,0.186529420718812
2019-10-23,control,10,0.184063889456133
2019-10-24,control,10,0.17943175870476
2019-10-25,control,10,0.176345242952046
2019-10-26,control,10,0.173556302723132
2019-10-27,control,10,0.170612573623657
2019-10-28,control,10,0.168448305130005
2019-10-29,control,10,0.199357668558757
2019-10-30,control,10,0.22469688365334
2019-10-31,control,10,0.237384907404582
2019-11-01,control,10,0.24825553894043
2019-11-02,control,10,0.267033052779081
2019-11-03,control,10,0.307171217600505
2019-11-04,control,10,0.338793675606711
2019-11-05,control,10,0.363863631967913
2019-11-06,control,10,0.357755301124171
2019-11-07,control,10,0.352739349726912
2019-11-08,control,10,0.366459715324536
2019-11-09,control,10,0.366808275758174
2019-11-10,control,10,0.358463068008423
2019-11-11,control,10,0.351999506866723
2019-11-12,control,10,0.346939373016357
2019-11-13,control,10,0.342938109113459
2019-11-14,control,10,0.338929746694732
2019-11-15,control,10,0.368641291501229
2019-11-16,control,10,0.367743253707886
2019-11-17,control,10,0.364887714385986
2019-11-18,control,10,0.370576326303315
2019-11-19,control,10,0.368678675534432
2019-11-20,control,10,0.363073274712814
2019-11-21,control,10,0.357817874874985
2019-11-22,control,10,0.353421793594853
2019-11-23,control,10,0.348877120268972
2019-11-24,control,10,0.346709869953624
2019-11-25,control,10,0.343337821960449
2019-11-26,control,10,0.340466921454982
2019-11-27,control,10,0.347305536270142
2019-11-28,control,10,0.366114339326557
2019-11-29,control,10,0.381824842252229
2019-11-30,control,10,0.376879029524954
2019-12-01,control,10,0.369810133984214
2019-12-02,control,10,0.368500919843975
2019-12-03,control,10,0.363581703420271
2019-12-04,control,10,0.359159064543875
2019-12-05,control,10,0.35562359491984
2019-12-06,control,10,0.352673899783695
2019-12-07,control,10,0.350225273768107
2019-12-08,control,10,0.348380702002007
2019-12-09,control,10,0.349534993757281
2019-12-10,control,10,0.371095021565755
2019-12-11,control,10,0.367465175996747
2019-12-12,control,10,0.364487100902357
2019-12-13,control,10,0.362166884070949
2019-12-14,control,10,0.377688064742507
2019-12-15,control,10,0.385233820583803
2019-12-16,control,10,0.383661432433547
2019-12-17,control,10,0.383014254625184
2019-12-18,control,10,0.373435738116069
2019-12-19,control,10,0.36752383918093
2019-12-20,control,10,0.362510122667279
2019-12-21,control,10,0.367052205403646
2019-12-22,control,10,0.390917730666043
2019-12-23,control,10,0.38627058966118
2019-12-24,control,10,0.388276453854745
2019-12-25,control,10,0.387890423891837
2019-12-26,control,10,0.378122385853749
2019-12-27,control,10,0.38798001205712
2019-12-28,control,10,0.384468720252054
2019-12-29,control,10,0.376298323848791
2019-12-30,control,10,0.370566145244398
2019-12-31,control,10,0.366224409069931
2020-01-01,control,10,0.363159652676499
2020-01-02,control,10,0.359848087879649
2020-01-03,control,10,0.357591946250514
2020-01-04,control,10,0.357746554759511
2020-01-05,control,10,0.357883857927824
2020-01-06,control,10,0.355797210492586
2020-01-07,control,10,0.353510591272722
2020-01-08,control,10,0.35232854491786
2020-01-09,control,10,0.350672769546509
2020-01-10,control,10,0.349503059219896
2020-01-11,control,10,0.348970710352847
2020-01-12,control,10,0.347606758022985
2020-01-13,control,10,0.34567734099271
2020-01-14,control,10,0.344251982128945
2020-01-15,control,10,0.343058852982103
2020-01-16,control,10,0.342258701157152
2020-01-17,control,10,0.341170431330303
2020-01-18,control,10,0.342735328841628
2020-01-19,control,10,0.34354936151852
2020-01-20,control,10,0.340727170308431
2020-01-21,control,10,0.337933739779288
2020-01-22,control,10,0.336824752295271
2020-01-23,control,10,0.336246315638224
2020-01-24,control,10,0.33567025306377
2020-01-25,control,10,0.335458914438883
2020-01-26,control,10,0.335578630805758
2020-01-27,control,10,0.336128934224447
2020-01-28,control,10,0.355176862874731
2020-01-29,control,10,0.387342545348543
2020-01-30,control,10,0.382143837443569
2020-01-31,control,10,0.378590462419632
2020-02-01,control,10,0.373806811126589
2020-02-02,control,10,0.382967041584483
2020-02-03,control,10,0.393722412673916
2020-02-04,control,10,0.383909542789296
2020-02-05,control,10,0.381346505817614
2020-02-06,control,10,0.376121028381837
2020-02-07,control,10,0.371543540730322
2020-02-08,control,10,0.36807151020484
2020-02-09,control,10,0.365835756613008
2020-02-10,control,10,0.363040506246153
2020-02-11,control,10,0.360177477112294
2020-02-12,control,10,0.357367565320182
2020-02-13,control,10,0.355736503401725
2020-02-14,control,10,0.385646533966064
2020-02-15,control,10,0.380206702966751
2020-02-16,control,10,0.373195757561542
2020-02-17,control,10,0.367865049244337
2020-02-18,control,10,0.363467500586259
2020-02-19,control,10,0.360052898089217
2020-02-20,control,10,0.357378068983043
2020-02-21,control,10,0.354423561598125
2020-02-22,control,10,0.351808561358535
2020-02-23,control,10,0.349102003728333
2020-02-24,control,10,0.345726255283021
2020-02-25,control,10,0.342711582589657
2020-02-26,control,10,0.341092305649908
2020-02-27,control,10,0.341206311915521
2020-02-28,control,10,0.345565851564444
2020-02-29,control,10,0.369413697647488
2020-03-01,control,10,0.389680855516074
2020-03-02,control,10,0.38285929767798
2020-03-03,control,10,0.383128648416835
2020-03-04,control,10,0.375498189100117
2020-03-05,control,10,0.383849056364792
2020-03-06,control,10,0.390253639999553
2020-03-07,control,10,0.381033654606311
2020-03-08,control,10,0.373303623868708
2020-03-09,control,10,0.36862126154969
2020-03-10,control,10,0.36952725947603
2020-03-11,control,10,0.396749752486569
2020-03-12,control,10,0.388464142663037
2020-03-13,control,10,0.384202493889965
2020-03-14,control,10,0.375973720703609
2020-03-15,control,10,0.369093354055356
2020-03-16,control,10,0.363203371616832
2020-03-17,control,10,0.358034883077663
2020-03-18,control,10,0.35300786854928
2020-03-19,control,10,0.348085978323953
2020-03-20,control,10,0.343520288132785
2020-03-21,control,10,0.339657464463482
2020-03-22,control,10,0.335999313990275
2020-03-23,control,10,0.333193094186616
2020-03-24,control,10,0.330686001693993
2020-03-25,control,10,0.328838010882655
2020-03-26,control,10,0.3263862768809
2020-03-27,control,10,0.323649533341413
2020-03-28,control,10,0.320217474552623
2020-03-29,control,10,0.316212781437656
2020-03-30,control,10,0.313689249105621
2020-03-31,control,10,0.311347325642904
2020-04-01,control,10,0.307943918161225
2020-04-02,control,10,0.303989791870117
2020-04-03,control,10,0.299318359591437
2020-04-04,control,10,0.294304545720418
2020-04-05,control,10,0.288503837617832
2020-04-06,control,10,0.281141138076782
2020-04-07,control,10,0.273690967559814
2020-04-08,control,10,0.265804449717204
2020-04-09,control,10,0.257985464995279
2020-04-10,control,10,0.249943275786283
2020-04-11,control,10,0.241597405223982
2020-04-12,control,10,0.233576409022013
2020-04-13,control,10,0.226072899500529
2020-04-14,control,10,0.219812872869927
2020-04-15,control,10,0.213673305511475
2020-04-16,control,10,0.207559361461462
2020-04-17,control,10,0.201485342393842
2020-04-18,control,10,0.19597396733468
2020-04-19,control,10,0.191587545997218
2020-04-20,control,10,0.187833671153326
2020-04-21,control,10,0.184040735646298
2020-04-22,control,10,0.180436510888442
2020-04-23,control,10,0.176617803881245
2020-04-24,control,10,0.173529414720433
2020-04-25,control,10,0.171276502776564
2020-04-26,control,10,0.16973851923357
2020-04-27,control,10,0.1692462363996
2020-04-28,control,10,0.176258283709803
2020-04-29,control,10,0.236379587273849
2020-04-30,control,10,0.258934564423143
2020-05-01,control,10,0.280643282773202
2020-05-02,control,10,0.335098091761271
2020-05-03,control,10,0.350553770734553
2020-05-04,control,10,0.343559122085571
2020-05-05,control,10,0.344242979350843
2020-05-06,control,10,0.349363207566111
2020-05-07,control,10,0.33881063896313
2020-05-08,control,10,0.32643368035032
2020-05-09,control,10,0.314859950266536
2020-05-10,control,10,0.305124931335449
2020-05-11,control,10,0.297832393236058
2020-05-12,control,10,0.292533545075801
2020-05-13,control,10,0.287523302279021
2020-05-14,control,10,0.28044534348249
2020-05-15,control,10,0.271270465014274
2020-05-16,control,10,0.261689733332242
2020-05-17,control,10,0.250974702966796
2020-05-18,control,10,0.23653224474013
2020-05-19,control,10,0.222448154416001
2020-05-20,control,10,0.208684696209613
2020-05-21,control,10,0.196218188603719
2020-05-22,control,10,0.185594034027635
2020-05-23,control,10,0.179255436836405
2020-05-24,control,10,0.178308403881917
2020-05-25,control,10,0.175184419531571
2020-05-26,control,10,0.171468289693197
2020-05-27,control,10,0.167886704896626
2020-05-28,control,10,0.164626108638027
2020-05-29,control,10,0.161582930046215
2020-05-30,control,10,0.15962316579986
2020-05-31,control,10,0.157847276878428
2020-06-01,control,10,0.155479839283933
2020-06-02,control,10,0.153228089349312
2020-06-03,control,10,0.151180847402205
2020-06-04,control,10,0.156036361058553
2020-06-05,control,10,0.182462178223522
2020-06-06,control,10,0.188186511324163
2020-06-07,control,10,0.201022036870321
2020-06-08,control,10,0.225033680085213
2020-06-09,control,10,0.263606940821597
2020-06-10,control,10,0.320232855646234
2020-06-11,control,10,0.336711596766262
2020-06-12,control,10,0.323450157039273
2020-06-13,control,10,0.3116798491227
2020-06-14,control,10,0.299335808161603
2020-06-15,control,10,0.285436634226048
2020-06-16,control,10,0.26769871741847
2020-06-17,control,10,0.25583120386224
2020-06-18,control,10,0.252599799708316
2020-06-19,control,10,0.241675221091823
2020-06-20,control,10,0.227337095160233
2020-06-21,control,10,0.210641585500617
2020-06-22,control,10,0.194641841888428
2020-06-23,control,10,0.181636430605795
2020-06-24,control,10,0.171428279876709
2020-06-25,control,10,0.164093836729898
2020-06-26,control,10,0.158531918046189
2020-06-27,control,10,0.154534466191342
2020-06-28,control,10,0.151632265196979
2020-06-29,control,10,0.171220156535228
2020-06-30,control,10,0.17652530328851
2020-07-01,control,10,0.168259314085308
2020-07-02,control,10,0.160981269398362
2020-07-03,control,10,0.156325636112944
2020-07-04,control,10,0.15308480895193
2020-07-05,control,10,0.150554904937744
2020-07-06,control,10,0.147747969120107
2020-07-07,control,10,0.145490546584332
2020-07-08,control,10,0.144039640011995
2020-07-09,control,10,0.141770040813245
2020-07-10,control,10,0.139626869000887
2020-07-11,control,10,0.142332305463938
2020-07-12,control,10,0.145128175434313
2020-07-13,control,10,0.145337964509663
2020-07-14,control,10,0.14333324432373
2020-07-15,control,10,0.143057304879893
2020-07-16,control,10,0.142402167112931
2020-07-17,control,10,0.140767821022538
2020-07-18,control,10,0.139248170149954
2020-07-19,control,10,0.137816091838636
2020-07-20,control,10,0.136391938661274
2020-07-21,control,10,0.134714346854917
2020-07-22,control,10,0.134645953931307
2020-07-23,control,10,0.136630662147035
2020-07-24,control,10,0.13922887802124
2020-07-25,control,10,0.140859807553499
2020-07-26,control,10,0.139625639262952
2020-07-27,control,10,0.139885877107319
2020-07-28,control,10,0.139047698974609
2020-07-29,control,10,0.135567134455631
2020-07-30,control,10,0.132305957307207
2020-07-31,control,10,0.131293449401855
2020-08-01,control,10,0.13065429322263
2020-08-02,control,10,0.129490045045552
2020-08-03,control,10,0.129065343978557
2020-08-04,control,10,0.128819126731471
2020-08-05,control,10,0.128292551243559
2020-08-06,control,10,0.127601382606908
2020-08-07,control,10,0.126903228759766
2020-08-08,control,10,0.125949987913433
2020-08-09,control,10,0.124951114654541
2020-08-10,control,10,0.12409692395118
2020-08-11,control,10,0.124303041357743
2020-08-12,control,10,0.12439302444458
2020-08-13,control,10,0.124117274588727
2020-08-14,control,10,0.124959363033897
2020-08-15,control,10,0.126398781826622
2020-08-16,control,10,0.126933363244889
2020-08-17,control,10,0.127775162144711
2020-08-18,control,10,0.129444224307412
2020-08-19,control,10,0.130747378329013
2020-08-20,control,10,0.131040573120117
2020-08-21,control,10,0.130359576576634
2020-08-22,control,10,0.13196849822998
2020-08-23,control,10,0.130314197946102
2020-08-24,control,10,0.127101969869513
2020-08-25,control,10,0.125926573733066
2020-08-26,control,10,0.125397186279297
2020-08-27,control,10,0.124952011309172
2020-08-28,control,10,0.125087828500541
2020-08-29,control,10,0.131579570770264
2020-08-30,control,10,0.195701625704365
2020-08-31,control,10,0.277162768181334
2020-09-01,control,10,0.289061546325684
2020-09-02,control,10,0.285013656616211
2020-09-03,control,10,0.267254426304248
2020-09-04,control,10,0.25509357063102
2020-09-05,control,10,0.240449003169411
2020-09-06,control,10,0.225293635683233
2020-09-07,control,10,0.212046291277959
2020-09-08,control,10,0.199241075535973
2020-09-09,control,10,0.187495424041301
2020-09-10,control,10,0.176760621939593
2020-09-11,control,10,0.168330309868927
2020-09-12,control,10,0.162009010306846
2020-09-13,control,10,0.15684748000287
2020-09-14,control,10,0.152669906616211
2020-09-15,control,10,0.14905578177026
2020-09-16,control,10,0.146159751364525
2020-09-17,control,10,0.143802735653329
2020-09-18,control,10,0.141638763829281
2020-09-19,control,10,0.140344053569593
2020-09-20,control,10,0.139420334163465
2020-09-21,control,10,0.138466821720726
2020-09-22,control,10,0.137754511833191
2020-09-23,control,10,0.137839908348887
2020-09-24,control,10,0.138137865066528
2020-09-25,control,10,0.138412460875004
2020-09-26,control,10,0.140572289827823
2020-09-27,control,10,0.147321862870074
2020-09-28,control,10,0.151749114368273
2020-09-29,control,10,0.155303936495893
2020-09-30,control,10,0.16665815873138
2020-10-01,control,10,0.171512685574983
2020-10-02,control,10,0.171924681906688
2020-10-03,control,10,0.275581248684933
2020-10-04,control,10,0.324013874656276
2020-10-05,control,10,0.320960848205968
2020-10-06,control,10,0.318501207087765
2020-10-07,control,10,0.33230940216466
2020-10-08,control,10,0.332925720465811
2020-10-09,control,10,0.326079797904943
2020-10-10,control,10,0.32180408021771
2020-10-11,control,10,0.320525087055407
2020-10-12,control,10,0.315248831447802
2020-10-13,control,10,0.310451491335605
2020-10-14,control,10,0.306681554693925
2020-10-15,control,10,0.304725570427744
2020-10-16,control,10,0.303181789896889
2020-10-17,control,10,0.299510083198547
2020-10-18,control,10,0.295188021659851
2020-10-19,control,10,0.291292693238509
2020-10-20,control,10,0.286856055259705
2020-10-21,control,10,0.279511752881502
2020-10-22,control,10,0.27295899416271
2020-10-23,control,10,0.269940201859725
2020-10-24,control,10,0.276034113733392
2020-10-25,control,10,0.282188264334843
2020-10-26,control,10,0.292299825021161
2020-10-27,control,10,0.330834023781818
2020-10-28,control,10,0.332093446985325
2020-10-29,control,10,0.330426458656342
2020-10-30,control,10,0.329428966470554
2020-10-31,control,10,0.326735547590785
2020-11-01,control,10,0.322970844318992
2020-11-02,control,10,0.318652865510238
2020-11-03,control,10,0.314686131477356
2020-11-04,control,10,0.311816542545417
2020-11-05,control,10,0.309366105983132
2020-11-06,control,10,0.307073203898043
2020-11-07,control,10,0.305165615373233
2020-11-08,control,10,0.301817435438662
2020-11-09,control,10,0.299344695743762
2020-11-10,control,10,0.297717785835266
2020-11-11,control,10,0.296288274507778
2020-11-12,control,10,0.295102357737949
2020-11-13,control,10,0.293529434599241
2020-11-14,control,10,0.291837096465261
2020-11-15,control,10,0.289884288436488
2020-11-16,control,10,0.287427455559117
2020-11-17,control,10,0.287639517968597
2020-11-18,control,10,0.28785766425137
2020-11-19,control,10,0.287102916328798
2020-11-20,control,10,0.285353793461957
2020-11-21,control,10,0.284112599523444
2020-11-22,control,10,0.284136068567317
2020-11-23,control,10,0.28389170539873
2020-11-24,control,10,0.283356212314807
2020-11-25,control,10,0.282828725011725
2020-11-26,control,10,0.282562199715645
2020-11-27,control,10,0.28225545781724
2020-11-28,control,10,0.281929976200604
2020-11-29,control,10,0.281568823982095
2020-11-30,control,10,0.281199986307245
2020-12-01,control,10,0.280957866795276
2020-12-02,control,10,0.280845414081655
2020-12-03,control,10,0.280969545715734
2020-12-04,control,10,0.28088572924919
2020-12-05,control,10,0.28129994805425
2020-12-06,control,10,0.312055432521321
2020-12-07,control,10,0.351336598885757
2020-12-08,control,10,0.352571885521967
2020-12-09,control,10,0.351314814670018
2020-12-10,control,10,0.350193548641186
2020-12-11,control,10,0.348255489000219
2020-12-12,control,10,0.34700168594175
2020-12-13,control,10,0.352573112495713
2020-12-14,control,10,0.360258791981207
2020-12-15,control,10,0.358514187442988
2020-12-16,control,10,0.356007537605548
2020-12-17,control,10,0.353408294930998
2020-12-18,control,10,0.350921022666903
2020-12-19,control,10,0.348647678056625
2020-12-20,control,10,0.346352801229156
2020-12-21,control,10,0.345627648877152
2020-12-22,control,10,0.374588359850544
2020-12-23,control,10,0.369313618476541
2020-12-24,control,10,0.375893884287493
2020-12-25,control,10,0.373266891593585
2020-12-26,control,10,0.36644712034222
2020-12-27,control,10,0.360858449066974
2020-12-28,control,10,0.357856221791745
2020-12-29,control,10,0.35529975687677
2020-12-30,control,10,0.353277798519045
2020-12-31,control,10,0.35092635276485
2021-01-01,control,10,0.343382967427204
2021-01-02,control,10,0.341517864074703
2021-01-03,control,10,0.339925339240643
2021-01-04,control,10,0.33895180143017
2021-01-05,control,10,0.337428468258623
2021-01-06,control,10,0.336208474156662
2021-01-07,control,10,0.334687837134591
2021-01-08,control,10,0.33225276636259
2021-01-09,control,10,0.329050837904155
2021-01-10,control,10,0.325034176670691
2021-01-11,control,10,0.313154628471616
2021-01-12,control,10,0.287794773484836
2021-01-13,control,10,0.299185863580083
2021-01-14,control,10,0.330477400476707
2021-01-15,control,10,0.37125898140482
2021-01-16,control,10,0.375845304141107
2021-01-17,control,10,0.371720899765817
2021-01-18,control,10,0.370073780139099
2021-01-19,control,10,0.365325368921808
2021-01-20,control,10,0.360620194168849
2021-01-21,control,10,0.36619315370355
2021-01-22,control,10,0.376619268803077
2021-01-23,control,10,0.379561618792845
2021-01-24,control,10,0.374054567634847
2021-01-25,control,10,0.36907227001037
2021-01-26,control,10,0.365266600623147
2021-01-27,control,10,0.361853835064326
2021-01-28,control,10,0.372665003074911
2021-01-29,control,10,0.393830647398015
2021-01-30,control,10,0.392600554402044
2021-01-31,control,10,0.388787240768452
2021-02-01,control,10,0.392566894619001
2021-02-02,control,10,0.393128060899263
2021-02-03,control,10,0.394906237380592
2021-02-04,control,10,0.388331783731142
2021-02-05,control,10,0.378247625354574
2021-02-06,control,10,0.372007686596738
2021-02-07,control,10,0.367230264380705
2021-02-08,control,10,0.363664700098111
2021-02-09,control,10,0.36095008172735
2021-02-10,control,10,0.35875523047655
2021-02-11,control,10,0.356667122310511
2021-02-12,control,10,0.354727650960286
2021-02-13,control,10,0.353165440476291
2021-02-14,control,10,0.3515579189147
2021-02-15,control,10,0.350415040397595
2021-02-16,control,10,0.352234444282316
2021-02-17,control,10,0.351152187017906
2021-02-18,control,10,0.349364211976142
2021-02-19,control,10,0.347246345103028
2021-02-20,control,10,0.344864711031001
2021-02-21,control,10,0.342277838967063
2021-02-22,control,10,0.33926915323876
2021-02-23,control,10,0.336322882691269
2021-02-24,control,10,0.333311917316011
2021-02-25,control,10,0.330099126964596
2021-02-26,control,10,0.326956436651438
2021-02-27,control,10,0.324017586495712
2021-02-28,control,10,0.32161398454146
2021-03-01,control,10,0.319291386897994
2021-03-02,control,10,0.31683128925792
2021-03-03,control,10,0.314120009261337
2021-03-04,control,10,0.311372326032622
2021-03-05,control,10,0.307924037696072
2021-03-06,control,10,0.304674288125196
2021-03-07,control,10,0.301778982096705
2021-03-08,control,10,0.299168035258418
2021-03-09,control,10,0.296811986622057
2021-03-10,control,10,0.294324418422747
2021-03-11,control,10,0.290641188492977
2021-03-12,control,10,0.292967351078691
2021-03-13,control,10,0.291868535828172
2021-03-14,control,10,0.290595787379026
2021-03-15,control,10,0.304362357459446
2021-03-16,control,10,0.331533131885335
2021-03-17,control,10,0.331555613505516
2021-03-18,control,10,0.328756323793296
2021-03-19,control,10,0.325764663020988
2021-03-20,control,10,0.323085021215128
2021-03-21,control,10,0.320907721496331
2021-03-22,control,10,0.31833044443196
2021-03-23,control,10,0.315353209844117
2021-03-24,control,10,0.311614508409548
2021-03-25,control,10,0.306969240052118
2021-03-26,control,10,0.301690118263522
2021-03-27,control,10,0.297889040995874
2021-03-28,control,10,0.29581869034235
2021-03-29,control,10,0.291350795472456
2021-03-30,control,10,0.285314965833697
2021-03-31,control,10,0.278312985871968
2021-04-01,control,10,0.270806742082562
2021-04-02,control,10,0.263046200141478
2021-04-03,control,10,0.256142592796913
2021-04-04,control,10,0.250491844524037
2021-04-05,control,10,0.244706718738385
2021-04-06,control,10,0.238796041735051
2021-04-07,control,10,0.2355466155698
2021-04-08,control,10,0.233192093337981
2021-04-09,control,10,0.229047178186298
2021-04-10,control,10,0.22263488006878
2021-04-11,control,10,0.215290382216193
2021-04-12,control,10,0.21027226333789
2021-04-13,control,10,0.206990847554851
2021-04-14,control,10,0.203728372653617
2021-04-15,control,10,0.20077017927724
2021-04-16,control,10,0.197891352062094
2021-04-17,control,10,0.19471261154025
2021-04-18,control,10,0.190978806235574
2021-04-19,control,10,0.187400686087496
2021-04-20,control,10,0.183591957749992
2021-04-21,control,10,0.179998456976387
2021-04-22,control,10,0.176982171261159
2021-04-23,control,10,0.173537699441512
2021-04-24,control,10,0.170263436358908
2021-04-25,control,10,0.167282932071423
2021-04-26,control,10,0.165917627882861
2021-04-27,control,10,0.164815105056988
2021-04-28,control,10,0.162928619626001
2021-04-29,control,10,0.163497303672459
2021-04-30,control,10,0.175619103661899
2021-05-01,control,10,0.189981452468906
2021-05-02,control,10,0.207364042984812
2021-05-03,control,10,0.211558110629811
2021-05-04,control,10,0.209337727473332
2021-05-05,control,10,0.205277684619399
2021-05-06,control,10,0.211196912263569
2021-05-07,control,10,0.324059507454848
2021-05-08,control,10,0.337903052357044
2021-05-09,control,10,0.326518565520304
2021-05-10,control,10,0.314700684922465
2021-05-11,control,10,0.318186435699463
2021-05-12,control,10,0.351778668082546
2021-05-13,control,10,0.342574189370139
2021-05-14,control,10,0.3324322502209
2021-05-15,control,10,0.32587463437135
2021-05-16,control,10,0.349317650662655
2021-05-17,control,10,0.375119261892218
2021-05-18,control,10,0.362490640256427
2021-05-19,control,10,0.351195988893667
2021-05-20,control,10,0.341123341925826
2021-05-21,control,10,0.332918024297346
2021-05-22,control,10,0.347768098724022
2021-05-23,control,10,0.341398280935085
2021-05-24,control,10,0.332345544258373
2021-05-25,control,10,0.324340851574519
2021-05-26,control,10,0.314008239815928
2021-05-27,control,10,0.303017590539454
2021-05-28,control,10,0.29152825044782
2021-05-29,control,10,0.27918128491294
2021-05-30,control,10,0.266437993439586
2021-05-31,control,10,0.250729867803906
2021-06-01,control,10,0.234386265094464
2021-06-02,control,10,0.220252645266953
2021-06-03,control,10,0.210206324837425
2021-06-04,control,10,0.197396077802104
2021-06-05,control,10,0.199078072351767
2021-06-06,control,10,0.202490191252335
2021-06-07,control,10,0.196745416927705
2021-06-08,control,10,0.193681625809373
2021-06-09,control,10,0.189531466526541
2021-06-10,control,10,0.182778387803298
2021-06-11,control,10,0.175400529291539
2021-06-12,control,10,0.169167839815373
2021-06-13,control,10,0.163645979225797
2021-06-14,control,10,0.158658813322121
2021-06-15,control,10,0.154210148179164
2021-06-16,control,10,0.150191833523787
2021-06-17,control,10,0.146825017514436
2021-06-18,control,10,0.14377216292549
2021-06-19,control,10,0.141554212804317
2021-06-20,control,10,0.139775425515918
2021-06-21,control,10,0.13861240641276
2021-06-22,control,10,0.143333315079095
2021-06-23,control,10,0.169880380218561
2021-06-24,control,10,0.169708348573741
2021-06-25,control,10,0.182120865653006
2021-06-26,control,10,0.178075329267311
2021-06-27,control,10,0.16747117042978
2021-06-28,control,10,0.158349382255955
2021-06-29,control,10,0.154558369852848
2021-06-30,control,10,0.15223707574918
2021-07-01,control,10,0.150294174969051
2021-07-02,control,10,0.147611967580182
2021-07-03,control,10,0.145085391637395
2021-07-04,control,10,0.14504604908458
2021-07-05,control,10,0.143914148147166
2021-07-06,control,10,0.145081801824133
2021-07-07,control,10,0.165085277557373
2021-07-08,control,10,0.207970219930013
2021-07-09,control,10,0.329208227303825
2021-07-10,control,10,0.321066600849269
2021-07-11,control,10,0.310822694951838
2021-07-12,control,10,0.298770206606365
2021-07-13,control,10,0.327342655528675
2021-07-14,control,10,0.360402297973633
2021-07-15,control,10,0.374598579406738
2021-07-16,control,10,0.376312919709741
2021-07-17,control,10,0.357009461150798
2021-07-18,control,10,0.340771092501554
2021-07-19,control,10,0.325749234367819
2021-07-20,control,10,0.311790646870931
2021-07-21,control,10,0.29793201032033
2021-07-22,control,10,0.282821289682894
2021-07-23,control,10,0.266017676266757
2021-07-24,control,10,0.248187967534651
2021-07-25,control,10,0.231132681528727
2021-07-26,control,10,0.216454375886081
2021-07-27,control,10,0.204005527496338
2021-07-28,control,10,0.196717964172363
2021-07-29,control,10,0.189926077993293
2021-07-30,control,10,0.183717406346248
2021-07-31,control,10,0.179383381553318
2021-08-01,control,10,0.187724202473958
2021-08-02,control,10,0.190207431127304
2021-08-03,control,10,0.18671445261393
2021-08-04,control,10,0.186928666085625
2021-08-05,control,10,0.192078009287516
2021-08-06,control,10,0.192866893727312
2021-08-07,control,10,0.191152346426981
2021-08-08,control,10,0.220263406580145
2021-08-09,control,10,0.23323284624334
2021-08-10,control,10,0.227354964086155
2021-08-11,control,10,0.214423845540334
2021-08-12,control,10,0.200571167295922
2021-08-13,control,10,0.197778566364838
2021-08-14,control,10,0.192493704677087
2021-08-15,control,10,0.184264693015289
2021-08-16,control,10,0.185015835202777
2021-08-17,control,10,0.181648720772988
2021-08-18,control,10,0.176655265438941
2021-08-19,control,10,0.171585257175051
2021-08-20,control,10,0.166680802308176
2021-08-21,control,10,0.161800458863851
2021-08-22,control,10,0.158547909965506
2021-08-23,control,10,0.156247205882013
2021-08-24,control,10,0.152713592997768
2021-08-25,control,10,0.149802081437028
2021-08-26,control,10,0.147580081212481
2021-08-27,control,10,0.145266385510741
2021-08-28,control,10,0.143176498413086
2021-08-29,control,10,0.141529620226692
2021-08-30,control,10,0.139865130025444
2021-08-31,control,10,0.138380089335853
2021-09-01,control,10,0.136968932288135
2021-09-02,control,10,0.135710381925776
2021-09-03,control,10,0.134435972067026
2021-09-04,control,10,0.133387091708003
2021-09-05,control,10,0.132539968905242
2021-09-06,control,10,0.131601632971513
2021-09-07,control,10,0.130642981427781
2021-09-08,control,10,0.129643840807253
2021-09-09,control,10,0.128875812368603
2021-09-10,control,10,0.13260651550293
2021-09-11,control,10,0.136544174838196
2021-09-12,control,10,0.136346679355787
2021-09-13,control,10,0.136171000551997
2021-09-14,control,10,0.135828136936311
2021-09-15,control,10,0.136821038749781
2021-09-16,control,10,0.142017567475273
2021-09-17,control,10,0.142393260912949
2021-09-18,control,10,0.142179135458062
2021-09-19,control,10,0.184893380057238
2021-09-20,control,10,0.247434075119238
2021-09-21,control,10,0.256104963022811
2021-09-22,control,10,0.253406239827474
2021-09-23,control,10,0.24738337145128
2021-09-24,control,10,0.23931795991189
2021-09-25,control,10,0.230014762021183
2021-09-26,control,10,0.223526262078187
2021-09-27,control,10,0.217231051841479
2021-09-28,control,10,0.208004283905029
2021-09-29,control,10,0.198650592457164
2021-09-30,control,10,0.19032706564794
2021-10-01,control,10,0.182774623835932
2021-10-02,control,10,0.175417904368618
2021-10-03,control,10,0.167941535626724
2021-10-04,control,10,0.164622446577559
2021-10-05,control,10,0.173141104921382
2021-10-06,control,10,0.184332257351895
2021-10-07,control,10,0.188352819883984
2021-10-08,control,10,0.187355577228817
2021-10-09,control,10,0.184861735654681
2021-10-10,control,10,0.182003830853896
2021-10-11,control,10,0.179281681350884
2021-10-12,control,10,0.176333915757439
2021-10-13,control,10,0.172828426210779
2021-10-14,control,10,0.169392463165883
2021-10-15,control,10,0.169063678700873
2021-10-16,control,10,0.167078851713502
2021-10-17,control,10,0.165105932186811
2021-10-18,control,10,0.162982197700188
2021-10-19,control,10,0.16076099208757
2021-10-20,control,10,0.158529953817833
2021-10-21,control,10,0.15922415555228
2021-10-22,control,10,0.159822740903671
2021-10-23,control,10,0.159961936982657
2021-10-24,control,10,0.160180306175358
2021-10-25,control,10,0.159982603051689
2021-10-26,control,10,0.159654540904084
2021-10-27,control,10,0.159424071121824
2021-10-28,control,10,0.159127023286329
2021-10-29,control,10,0.158187049931223
2021-10-30,control,10,0.156965679977879
2021-10-31,control,10,0.156047545781931
2021-11-01,control,10,0.160945298205847
2021-11-02,control,10,0.172277553264911
2021-11-03,control,10,0.180553769381514
2021-11-04,control,10,0.196441735582489
2021-11-05,control,10,0.202599091819971
2021-11-06,control,10,0.204766766805253
2021-11-07,control,10,0.205512672829583
2021-11-08,control,10,0.205670342499182
2021-11-09,control,10,0.20554791182225499
2021-11-10,control,10,0.204138045778462
2021-11-11,control,10,0.20247151257699
2021-11-12,control,10,0.201744278994474
2021-11-13,control,10,0.201480317455671
2021-11-14,control,10,0.201603826192852
2021-11-15,control,10,0.201326689068418
2021-11-16,control,10,0.200381525030655
2021-11-17,control,10,0.199990337330808
2021-11-18,control,10,0.199185377979836
2021-11-19,control,10,0.198895238395001
2021-11-20,control,10,0.198710602318218
2021-11-21,control,10,0.19826239134136
2021-11-22,control,10,0.197193172347173
2021-11-23,control,10,0.196229165701892
2021-11-24,control,10,0.196248724617213
2021-11-25,control,10,0.195659393184091
2021-11-26,control,10,0.194793178704891
2021-11-27,control,10,0.194482868169195
2021-11-28,control,10,0.193999120683136
2021-11-29,control,10,0.193312642963631
2021-11-30,control,10,0.192823980626497
2021-12-01,control,10,0.192502054969109
2021-12-02,control,10,0.192380338346096
2021-12-03,control,10,0.192047557032034
2021-12-04,control,10,0.208771536738077
2021-12-05,control,10,0.258932523081372
2021-12-06,control,10,0.271970060501976
2021-12-07,control,10,0.277494429528283
2021-12-08,control,10,0.283913810669025
2021-12-09,control,10,0.299520702821717
2021-12-10,control,10,0.303681082571832
2021-12-11,control,10,0.305965679266737
2021-12-12,control,10,0.312076315671573
2021-12-13,control,10,0.316547844264024
2021-12-14,control,10,0.319297442096896
2021-12-15,control,10,0.32117334130185
2021-12-16,control,10,0.321967161712623
2021-12-17,control,10,0.321459440084604
2021-12-18,control,10,0.320502917027613
2021-12-19,control,10,0.319203627848486
2021-12-20,control,10,0.317658387766349
2021-12-21,control,10,0.315763780763152
2021-12-22,control,10,0.313771295547485
2021-12-23,control,10,0.311948861870714
2021-12-24,control,10,0.310458612363975
2021-12-25,control,10,0.310081831011305
2021-12-26,control,10,0.32153402680567
2021-12-27,control,10,0.341742215512276
2021-12-28,control,10,0.362054736986429
2021-12-29,control,10,0.378116942797967
2021-12-30,control,10,0.376693369133313
2021-12-31,control,10,0.367442721080658
2022-01-01,control,10,0.361046390806325
2022-01-02,control,10,0.35651107396494103
2022-01-03,control,10,0.352857121531164
2022-01-04,control,10,0.349367047185761
2022-01-05,control,10,0.354460897185298
2022-01-06,control,10,0.353789299327642
2022-01-07,control,10,0.348442555087352
2022-01-08,control,10,0.34560741603418
2022-01-09,control,10,0.345974280693493
2022-01-10,control,10,0.352046229431757
2022-01-11,control,10,0.352387359119781
2022-01-12,control,10,0.348640602082874
2022-01-13,control,10,0.344833389212392
2022-01-14,control,10,0.341681507133874
2022-01-15,control,10,0.33946713111643
2022-01-16,control,10,0.337833166599932
2022-01-17,control,10,0.336063922786841
2022-01-18,control,10,0.334175633501968
2022-01-19,control,10,0.332353500541244
2022-01-20,control,10,0.331090470698842
2022-01-21,control,10,0.330830355231096
2022-01-22,control,10,0.329713183523246
2022-01-23,control,10,0.328162107768941
2022-01-24,control,10,0.326524469168777
2022-01-25,control,10,0.324932975603026
2022-01-26,control,10,0.323375386303736
2022-01-27,control,10,0.321934405544348
2022-01-28,control,10,0.320672977573765
2022-01-29,control,10,0.319864115142308
2022-01-30,control,10,0.319364148078606
2022-01-31,control,10,0.319587484769376
2022-02-01,control,10,0.322551099409513
2022-02-02,control,10,0.350574517584684
2022-02-03,control,10,0.373613783051983
2022-02-04,control,10,0.371041654929137
2022-02-05,control,10,0.366431863719019
2022-02-06,control,10,0.361963733037313
2022-02-07,control,10,0.377509791923292
2022-02-08,control,10,0.369807872514815
2022-02-09,control,10,0.36349224471595
2022-02-10,control,10,0.359240243309423
2022-02-11,control,10,0.356599159563632
2022-02-12,control,10,0.35374651840234
2022-02-13,control,10,0.350897272342422
2022-02-14,control,10,0.348604595230742
2022-02-15,control,10,0.34706177379634
2022-02-16,control,10,0.347738763701964
2022-02-17,control,10,0.363695580869212
2022-02-18,control,10,0.362796591321134
2022-02-19,control,10,0.357287196516175
2022-02-20,control,10,0.352776443015133
2022-02-21,control,10,0.349552869385692
2022-02-22,control,10,0.347487881811042
2022-02-23,control,10,0.345004737122982
2022-02-24,control,10,0.342567900852591
2022-02-25,control,10,0.339930929171267
2022-02-26,control,10,0.337287602057824
2022-02-27,control,10,0.335200891996685
2022-02-28,control,10,0.333554817358041
2022-03-01,control,10,0.332005743276476
2022-03-02,control,10,0.330348361333211
2022-03-03,control,10,0.328148815331467
2022-03-04,control,10,0.325914045853255
2022-03-05,control,10,0.323837601586406
2022-03-06,control,10,0.321874060002032
2022-03-07,control,10,0.320343251758152
2022-03-08,control,10,0.318859276272431
2022-03-09,control,10,0.317285840656111
2022-03-10,control,10,0.31546892095845
2022-03-11,control,10,0.312884607814012
2022-03-12,control,10,0.309878373719974
2022-03-13,control,10,0.306950433042963
2022-03-14,control,10,0.303778061811857
2022-03-15,control,10,0.300874472145841
2022-03-16,control,10,0.299122841916365
2022-03-17,control,10,0.296707286238828
2022-03-18,control,10,0.293141939462864
2022-03-19,control,10,0.289976154133271
2022-03-20,control,10,0.285799686539391
2022-03-21,control,10,0.281315065804004
2022-03-22,control,10,0.276761991731859
2022-03-23,control,10,0.272018944422404
2022-03-24,control,10,0.267215229985844
2022-03-25,control,10,0.262222468874844
2022-03-26,control,10,0.256813679167338
2022-03-27,control,10,0.250731862704241
2022-03-28,control,10,0.244881890584407
2022-03-29,control,10,0.238927694149003
2022-03-30,control,10,0.2336932493511
2022-03-31,control,10,0.230327366330836
2022-04-01,control,10,0.228224326173242
2022-04-02,control,10,0.229082240857576
2022-04-03,control,10,0.228078221507996
2022-04-04,control,10,0.225875396326969
2022-04-05,control,10,0.222464123989673
2022-04-06,control,10,0.218664362472756
2022-04-07,control,10,0.236110666776958
2022-04-08,control,10,0.327553359784578
2022-04-09,control,10,0.349966571807861
2022-04-10,control,10,0.34201443821906
2022-04-11,control,10,0.333114665856954
2022-04-12,control,10,0.323619355290361
2022-04-13,control,10,0.314418520475689
2022-04-14,control,10,0.305958336923979
2022-04-15,control,10,0.297612643593236
2022-04-16,control,10,0.289154805434378
2022-04-17,control,10,0.280381266006185
2022-04-18,control,10,0.271439865513852
2022-04-19,control,10,0.261795393342534
2022-04-20,control,10,0.251249992853316
2022-04-21,control,10,0.240600001485724
2022-04-22,control,10,0.230680720279091
2022-04-23,control,10,0.221709221015762
2022-04-24,control,10,0.21685964587768
2022-04-25,control,10,0.214910174520392
2022-04-26,control,10,0.212408003705613
2022-04-27,control,10,0.208685582762202
2022-04-28,control,10,0.204045149720585
2022-04-29,control,10,0.199524198396801
2022-04-30,control,10,0.196126062224453
2022-05-01,control,10,0.194269199777157
2022-05-02,control,10,0.191751370279413
2022-05-03,control,10,0.189349569822613
2022-05-04,control,10,0.188345789852693
2022-05-05,control,10,0.18884643695229
2022-05-06,control,10,0.188886481435675
2022-05-07,control,10,0.187810902043393
2022-05-08,control,10,0.186661379563181
2022-05-09,control,10,0.185490650779323
2022-05-10,control,10,0.183596126355623
2022-05-11,control,10,0.181047042645906
2022-05-12,control,10,0.178809944720978
2022-05-13,control,10,0.17626241768803
2022-05-14,control,10,0.174157148730715
2022-05-15,control,10,0.175579069421646
2022-05-16,control,10,0.194801177978516
2022-05-17,control,10,0.191693450325414
2022-05-18,control,10,0.187061731460247
2022-05-19,control,10,0.183032266917982
2022-05-20,control,10,0.179822375448127
2022-05-21,control,10,0.176695690155029
2022-05-22,control,10,0.173627645614299
2022-05-23,control,10,0.171388759613037
2022-05-24,control,10,0.170467053690264
2022-05-25,control,10,0.169554997490074
2022-05-26,control,10,0.168057126898515
2022-05-27,control,10,0.166137816579718
2022-05-28,control,10,0.163928295135498
2022-05-29,control,10,0.161660982168268
2022-05-30,control,10,0.159585952758789
2022-05-31,control,10,0.162709877338815
2022-06-01,control,10,0.185025702131555
2022-06-02,control,10,0.195540464100085
2022-06-03,control,10,0.207293612297545
2022-06-04,control,10,0.207093621504934
2022-06-05,control,10,0.201971571872109
2022-06-06,control,10,0.197250301153834
2022-06-07,control,10,0.19318058013916
2022-06-08,control,10,0.189896939528616
2022-06-09,control,10,0.186944579074257
2022-06-10,control,10,0.183274007548457
2022-06-11,control,10,0.178319795189834
2022-06-12,control,10,0.174323024487206
2022-06-13,control,10,0.171036949157715
2022-06-14,control,10,0.166500052175214
2022-06-15,control,10,0.163305035252725
2022-06-16,control,10,0.160296447507797
2022-06-17,control,10,0.157415196033234
2022-06-18,control,10,0.154589176177979
2022-06-19,control,10,0.151423795599686
2022-06-20,control,10,0.148201962320428
2022-06-21,control,10,0.146639204326429
2022-06-22,control,10,0.148851990549188
2022-06-23,control,10,0.161694412231445
2022-06-24,control,10,0.160321791397898
2022-06-25,control,10,0.159855117797852
2022-06-26,control,10,0.158739546759799
2022-06-27,control,10,0.164428849727549
2022-06-28,control,10,0.184127101898193
2022-06-29,control,10,0.207163677215576
2022-06-30,control,10,0.203635235836631
2022-07-01,control,10,0.204768372585899
2022-07-02,control,10,0.199612736350612
2022-07-03,control,10,0.191522759889302
2022-07-04,control,10,0.187876830260137
2022-07-05,control,10,0.231522979736328
2022-07-06,control,10,0.24391397797434
2022-07-07,control,10,0.23767505645752
2022-07-08,control,10,0.227652624832956
2022-07-09,control,10,0.213869529074811
2022-07-10,control,10,0.199072971343994
2022-07-11,control,10,0.186199319311913
2022-07-12,control,10,0.177052710482949
2022-07-13,control,10,0.170114364624023
2022-07-14,control,10,0.163676166534424
2022-07-15,control,10,0.158336123014751
2022-07-16,control,10,0.152958340278039
2022-07-17,control,10,0.148870492894599
2022-07-18,control,10,0.144557304382324
2022-07-19,control,10,0.140578807027716
2022-07-20,control,10,0.137193851470947
2022-07-21,control,10,0.135390071868897
2022-07-22,control,10,0.133898263429341
2022-07-23,control,10,0.132218437194824
2022-07-24,control,10,0.130903587341309
2022-07-25,control,10,0.128342185171027
2022-07-26,control,10,0.126040859222412
2022-07-27,control,10,0.12412239074707
2022-07-28,control,10,0.122441444396973
2022-07-29,control,10,0.121387748718262
2022-07-30,control,10,0.121241683959961
2022-07-31,control,10,0.120501480102539
2022-08-01,control,10,0.119677603470652
2022-08-02,control,10,0.118267517089844
2022-08-03,control,10,0.117269763946533
2022-08-04,control,10,0.116466674804688
2022-08-05,control,10,0.118104629516602
2022-08-06,control,10,0.128846951133326
2022-08-07,control,10,0.129116364930805
2022-08-08,control,10,0.129388198852539
2022-08-09,control,10,0.128596992492676
2022-08-10,control,10,0.127901946017617
2022-08-11,control,10,0.126442070007324
2022-08-12,control,10,0.124896640777588
2022-08-13,control,10,0.122982444763184
2022-08-14,control,10,0.121771717874627
2022-08-15,control,10,0.121009368896484
2022-08-16,control,10,0.119330425262451
2022-08-17,control,10,0.118392672087017
2022-08-18,control,10,0.122645854949951
2022-08-19,control,10,0.128412742614746
2022-08-20,control,10,0.13200145520662
2022-08-21,control,10,0.132061091172068
2022-08-22,control,10,0.131712783997163
2022-08-23,control,10,0.130807055021587
2022-08-24,control,10,0.129315700531006
2022-08-25,control,10,0.12785016913163
2022-08-26,control,10,0.138178179956252
2022-08-27,control,10,0.151816590760884
2022-08-28,control,10,0.151936741076018
2022-08-29,control,10,0.151941426728901
2022-08-30,control,10,0.151356431258352
2022-08-31,control,10,0.15070500042564
2022-09-01,control,10,0.149802309538189
2022-09-02,control,10,0.147606045999559
2022-09-03,control,10,0.14633983411287
2022-09-04,control,10,0.144092341172068
2022-09-05,control,10,0.140578441619873
2022-09-06,control,10,0.139576224879215
2022-09-07,control,10,0.145147560320402
2022-09-08,control,10,0.166126857155248
2022-09-09,control,10,0.16185879657143
2022-09-10,control,10,0.159449221001227
2022-09-11,control,10,0.157765748403107
2022-09-12,control,10,0.156388170342696
2022-09-13,control,10,0.154156811336912
2022-09-14,control,10,0.152210958581222
2022-09-15,control,10,0.149754176892732
2022-09-16,control,10,0.146719570159912
2022-09-17,control,10,0.143502473128469
2022-09-18,control,10,0.140483876880847
2022-09-19,control,10,0.138195524316085
2022-09-20,control,10,0.135839620489823
2022-09-21,control,10,0.134320755004883
2022-09-22,control,10,0.132359554893092
2022-09-23,control,10,0.1310618019104
2022-09-24,control,10,0.13565149307251
2022-09-25,control,10,0.137883720397949
2022-09-26,control,10,0.136150569915771
2022-09-27,control,10,0.13590232728657
2022-09-28,control,10,0.168979568079898
2022-09-29,control,10,0.209647908060174
2022-09-30,control,10,0.237736473083496
2022-10-01,control,10,0.245044177406713
2022-10-02,control,10,0.27961727142334
2022-10-03,control,10,0.289258613586426
2022-10-04,control,10,0.288691226557681
2022-10-05,control,10,0.282847652435303
2022-10-06,control,10,0.275697476838764
2022-10-07,control,10,0.26876522064209
2022-10-08,control,10,0.263152942657471
2022-10-09,control,10,0.260219442869488
2022-10-10,control,10,0.255992951644094
2022-10-11,control,10,0.248869892120361
2022-10-12,control,10,0.242186778018349
2022-10-13,control,10,0.236326196971693
2022-10-14,control,10,0.231425341944541
2022-10-15,control,10,0.228418369293213
2022-10-16,control,10,0.22428709632472
2022-10-17,control,10,0.217893417559172
2022-10-18,control,10,0.210476700803067
2022-10-19,control,10,0.203200969696045
2022-10-20,control,10,0.198335203967463
2022-10-21,control,10,0.196191596984863
2022-10-22,control,10,0.233323320288407
2022-10-23,control,10,0.253647052965666
2022-10-24,control,10,0.282460050281725
2022-10-25,control,10,0.338801464883905
2022-10-26,control,10,0.345976036440942
2022-10-27,control,10,0.332610264426032
2022-10-28,control,10,0.326587070357306
2022-10-29,control,10,0.319671891325264
2022-10-30,control,10,0.312549579719324
2022-10-31,control,10,0.306086476982063
2022-11-01,control,10,0.30123493982398
2022-11-02,control,10,0.299592794221023
2022-11-03,control,10,0.297488553274542
2022-11-04,control,10,0.297474538805182
2022-11-05,control,10,0.30209124883016
2022-11-06,control,10,0.302841686591124
2022-11-07,control,10,0.302637617323134
2022-11-08,control,10,0.300993629212075
2022-11-09,control,10,0.298942826656585
2022-11-10,control,10,0.29469854907419
2022-11-11,control,10,0.293885907044647
2022-11-12,control,10,0.293025848329022
2022-11-13,control,10,0.290247251233147
2022-11-14,control,10,0.303255787142019
2022-11-15,control,10,0.328546159841607
2022-11-16,control,10,0.334074165412947
2022-11-17,control,10,0.335294451679744
2022-11-18,control,10,0.35499393184943
2022-11-19,control,10,0.354981043321744
2022-11-20,control,10,0.350756933150753
2022-11-21,control,10,0.346263297550877
2022-11-22,control,10,0.347376429872782
2022-11-23,control,10,0.347462568417451
2022-11-24,control,10,0.351463883009821
2022-11-25,control,10,0.348923362076638
2022-11-26,control,10,0.345624036827551
2022-11-27,control,10,0.342886132215842
2022-11-28,control,10,0.339135314762941
2022-11-29,control,10,0.337483303383162
2022-11-30,control,10,0.338374278005815
2022-12-01,control,10,0.336895632058611
2022-12-02,control,10,0.335070915711232
2022-12-03,control,10,0.333342266082764
2022-12-04,control,10,0.330930240667812
2022-12-05,control,10,0.329067810707048
2022-12-06,control,10,0.328042988911687
2022-12-07,control,10,0.326876981294158
2022-12-08,control,10,0.325319859970241
2022-12-09,control,10,0.324782669200455
2022-12-10,control,10,0.34184751897812
2022-12-11,control,10,0.34880941156028
2022-12-12,control,10,0.345525075397589
2022-12-13,control,10,0.341542427999931
2022-12-14,control,10,0.341042821132742
2022-12-15,control,10,0.342316356333978
2022-12-16,control,10,0.34397832163564
2022-12-17,control,10,0.345575438368699
2022-12-18,control,10,0.344613560269979
2022-12-19,control,10,0.343482792762018
2022-12-20,control,10,0.340692137320515
2022-12-21,control,10,0.339197161326452
2022-12-22,control,10,0.334348578202097
2022-12-23,control,10,0.39241594822697
2022-12-24,control,10,0.38627411851855
2022-12-25,control,10,0.37280912168829
2022-12-26,control,10,0.364893208386605
2022-12-27,control,10,0.363113298497202
2022-12-28,control,10,0.359596812172123
2022-12-29,control,10,0.357007378306417
2022-12-30,control,10,0.355346797613686
2022-12-31,control,10,0.367136594082447
2023-01-01,control,10,0.349890302575153
2023-01-02,control,10,0.356352389594891
2023-01-03,control,10,0.355152351350259
2023-01-04,control,10,0.350797219147926
2023-01-05,control,10,0.348301260147367
2023-01-06,control,10,0.345535860478144
2023-01-07,control,10,0.343774744920563
2023-01-08,control,10,0.342179162283109
2023-01-09,control,10,0.348695668866557
2023-01-10,control,10,0.348493480682373
2023-01-11,control,10,0.37394738489256
2023-01-12,control,10,0.372190137160452
2023-01-13,control,10,0.366497261772458
2023-01-14,control,10,0.361521209370006
2023-01-15,control,10,0.356912998067442
2023-01-16,control,10,0.355651825189824
2023-01-17,control,10,0.353375524968472
2023-01-18,control,10,0.357720899103183
2023-01-19,control,10,0.364966139248314
2023-01-20,control,10,0.359069994371822
2023-01-21,control,10,0.350460938528074
2023-01-22,control,10,0.325018999653478
2023-01-23,control,10,0.324176523309005
2023-01-24,control,10,0.323180804045304
2023-01-25,control,10,0.32241036788277
2023-01-26,control,10,0.321003938757855
2023-01-27,control,10,0.31914701461792
2023-01-28,control,10,0.320340572703968
2023-01-29,control,10,0.32263472707648
2023-01-30,control,10,0.321909750661542
2023-01-31,control,10,0.312190378161444
2023-02-01,control,10,0.317323516517557
2023-02-02,control,10,0.322935758550116
2023-02-03,control,10,0.331026688442435
2023-02-04,control,10,0.321392988122028
2023-02-05,control,10,0.325638991135817
2023-02-06,control,10,0.334700411016291
2023-02-07,control,10,0.357651519775391
2023-02-08,control,10,0.354799453340527
2023-02-09,control,10,0.348642201833596
2023-02-10,control,10,0.34312139362066
2023-02-11,control,10,0.339320611771039
2023-02-12,control,10,0.33747772311572
2023-02-13,control,10,0.337183650973614
2023-02-14,control,10,0.338114092426915
2023-02-15,control,10,0.339068672094452
2023-02-16,control,10,0.340086889779696
2023-02-17,control,10,0.346349548989154
2023-02-18,control,10,0.347900991132182
2023-02-19,control,10,0.349574786278509
2023-02-20,control,10,0.347979310201894
2023-02-21,control,10,0.345847342822607
2023-02-22,control,10,0.342793294390159
2023-02-23,control,10,0.345335558003177
2023-02-24,control,10,0.352823241381721
2023-02-25,control,10,0.350391892254571
2023-02-26,control,10,0.347494991529452
2023-02-27,control,10,0.345006625468914
2023-02-28,control,10,0.342975796633139
2023-03-01,control,10,0.341408208545886
2023-03-02,control,10,0.34011348172772
2023-03-03,control,10,0.338742541497754
2023-03-04,control,10,0.337446990205763
2023-03-05,control,10,0.335987319946289
2023-03-06,control,10,0.334447511382725
2023-03-07,control,10,0.33292476725071
2023-03-08,control,10,0.331948881991246
2023-03-09,control,10,0.386139814183533
2023-03-10,control,10,0.393045629912455
2023-03-11,control,10,0.404345324766551
2023-03-12,control,10,0.388959707962839
2023-03-13,control,10,0.379283905029297
2023-03-14,control,10,0.404221881230672
2023-03-15,control,10,0.388159092891554
2023-03-16,control,10,0.378671701201077
2023-03-17,control,10,0.372313693562193
2023-03-18,control,10,0.366487135259729
2023-03-19,control,10,0.361765173424122
2023-03-20,control,10,0.380621275495976
2023-03-21,control,10,0.373985487481822
2023-03-22,control,10,0.367120735035386
2023-03-23,control,10,0.361129829088847
2023-03-24,control,10,0.363948546668469
2023-03-25,control,10,0.383288516747324
2023-03-26,control,10,0.388373560113945
2023-03-27,control,10,0.391876061962497
2023-03-28,control,10,0.380925480011971
2023-03-29,control,10,0.374780238591708
2023-03-30,control,10,0.371575923583322
2023-03-31,control,10,0.387831021822416
2023-04-01,control,10,0.397988044555455
2023-04-02,control,10,0.384356850126515
2023-04-03,control,10,0.375939524843452
2023-04-04,control,10,0.36964777863544
2023-04-05,control,10,0.364597070361921
2023-04-06,control,10,0.360068160767107
2023-04-07,control,10,0.359694944895231
2023-04-08,control,10,0.361224503538742
2023-04-09,control,10,0.357297938057546
2023-04-10,control,10,0.352546210289001
2023-04-11,control,10,0.348877951536286
2023-04-12,control,10,0.349797759776609
2023-04-13,control,10,0.348175707230201
2023-04-14,control,10,0.344927398018215
2023-04-15,control,10,0.342194636737803
2023-04-16,control,10,0.340320898936345
2023-04-17,control,10,0.336947570455835
2023-04-18,control,10,0.33309865657301
2023-04-19,control,10,0.328431371006905
2023-04-20,control,10,0.325155053968015
2023-04-21,control,10,0.332412621249323
2023-04-22,control,10,0.331669464111328
2023-04-23,control,10,0.328782140189272
2023-04-24,control,10,0.325683529915348
2023-04-25,control,10,0.32318334479081
2023-04-26,control,10,0.324053851679752
2023-04-27,control,10,0.320874558962308
2023-04-28,control,10,0.316035972757542
2023-04-29,control,10,0.366412312313403
2023-04-30,control,10,0.371338965389968
2023-05-01,control,10,0.398848670156378
2023-05-02,control,10,0.385410356521606
2023-05-03,control,10,0.372527095895064
2023-05-04,control,10,0.363074346022172
2023-05-05,control,10,0.354671459197998
2023-05-06,control,10,0.346909172995049
2023-05-07,control,10,0.34011684014247
2023-05-08,control,10,0.337565688545502
2023-05-09,control,10,0.331972734645064
2023-05-10,control,10,0.332210640473799
2023-05-11,control,10,0.273761458415068
2023-05-12,control,10,0.272131779718061
2023-05-13,control,10,0.268749112651972
2023-05-14,control,10,0.265351772285804
2023-05-15,control,10,0.26117968697684
2023-05-16,control,10,0.256158838088101
2023-05-17,control,10,0.250905676552129
2023-05-18,control,10,0.245277348631798
2023-05-19,control,10,0.239985393970571
2023-05-20,control,10,0.234239548264913
2023-05-21,control,10,0.226559577462842
2023-05-22,control,10,0.217389900113532
2023-05-23,control,10,0.208212520049906
2023-05-24,control,10,0.200837765911169
2023-05-25,control,10,0.19457111947858
2023-05-26,control,10,0.187370191323486
2023-05-27,control,10,0.179875870704262
2023-05-28,control,10,0.173248503306249
2023-05-29,control,10,0.166469986285383
2023-05-30,control,10,0.160463734754184
2023-05-31,control,10,0.155865430722875
2023-06-01,control,10,0.151710580498905
2023-06-02,control,10,0.148091971801391
2023-06-03,control,10,0.145832401688336
2023-06-04,control,10,0.143908513018583
2023-06-05,control,10,0.141935053232432
2023-06-06,control,10,0.139331931911354
2023-06-07,control,10,0.136913335755555
2023-06-08,control,10,0.134663727731264
2023-06-09,control,10,0.132903254892168
2023-06-10,control,10,0.156033787520035
2023-06-11,control,10,0.158437602784899
2023-06-12,control,10,0.153083393308851
2023-06-13,control,10,0.148480371393408
2023-06-14,control,10,0.144442149176114
2023-06-15,control,10,0.140028257303006
2023-06-16,control,10,0.136174410285679
2023-06-17,control,10,0.132804490580703
2023-06-18,control,10,0.129793872248018
2023-06-19,control,10,0.127482448107954
2023-06-20,control,10,0.125162122991096
2023-06-21,control,10,0.123052588229849
2023-06-22,control,10,0.121396729318719
2023-06-23,control,10,0.120950527088616
2023-06-24,control,10,0.120266907532352
2023-06-25,control,10,0.119248268334299
2023-06-26,control,10,0.117895605777358
2023-06-27,control,10,0.116202592229061
2023-06-28,control,10,0.114526857464681
2023-06-29,control,10,0.119707252766903
2023-06-30,control,10,0.138845148864909
2023-07-01,control,10,0.133783091654794
2023-07-02,control,10,0.130885492265401
2023-07-03,control,10,0.127749740678414
2023-07-04,control,10,0.124699311325516
2023-07-05,control,10,0.121815802037031
2023-07-06,control,10,0.11948689672682
2023-07-07,control,10,0.117505735176197
2023-07-08,control,10,0.112165848345302
2023-07-09,control,10,0.110141297792134
2023-07-10,control,10,0.108233348846436
2023-07-11,control,10,0.10649141982717
2023-07-12,control,10,0.155092089335124
2023-07-13,control,10,0.193462365191916
2023-07-14,control,10,0.186539168819304
2023-07-15,control,10,0.222257080078125
2023-07-16,control,10,0.206260338258208
2023-07-17,control,10,0.189530029296875
2023-07-18,control,10,0.172878590035946
2023-07-19,control,10,0.161880510308769
2023-07-20,control,10,0.152944046823602
2023-07-21,control,10,0.146168111165365
2023-07-22,control,10,0.141184260927398
2023-07-23,control,10,0.136757543812627
2023-07-24,control,10,0.17716469142748
2023-07-25,control,10,0.259750011355378
2023-07-26,control,10,0.251879989269168
2023-07-27,control,10,0.189832281887621
2023-07-28,control,10,0.185200963608391
2023-07-29,control,10,0.182633604812746
2023-07-30,control,10,0.206126719388095
2023-07-31,control,10,0.194901696054559
2023-08-01,control,10,0.186315928059803
2023-08-02,control,10,0.177474903779871
2023-08-03,control,10,0.167868582752368
2023-08-04,control,10,0.159705581665039
2023-08-05,control,10,0.152750051671808
2023-08-06,control,10,0.145953889326616
2023-08-07,control,10,0.140128313712526
2023-08-08,control,10,0.134596711476644
2023-08-09,control,10,0.129775580273324
2023-08-10,control,10,0.125690424545952
2023-08-11,control,10,0.122271019720262
2023-08-12,control,10,0.119103522908877
2023-08-13,control,10,0.116470113951584
2023-08-14,control,10,0.114491772110441
2023-08-15,control,10,0.112879242108017
2023-08-16,control,10,0.113327264224782
2023-08-17,control,10,0.120582532246908
2023-08-18,control,10,0.118723802973826
2023-08-19,control,10,0.116954104706528
2023-08-20,control,10,0.114977399633172
2023-08-21,control,10,0.112842102361456
2023-08-22,control,10,0.110739107865554
2023-08-23,control,10,0.108810713568399
2023-08-24,control,10,0.10689120809599
2023-08-25,control,10,0.105096817016602
2023-08-26,control,10,0.104642647361226
2023-08-27,control,10,0.147946778347618
2023-08-28,control,10,0.236662761797037
2023-08-29,control,10,0.256178022284257
2023-08-30,control,10,0.248402026195492
2023-08-31,control,10,0.241726710073064
2023-09-01,control,10,0.234750922134437
2023-09-02,control,10,0.226914897319899
2023-09-03,control,10,0.21887004216512
2023-09-04,control,10,0.210232096078595
2023-09-05,control,10,0.201293109547008
2023-09-06,control,10,0.19197647582653
2023-09-07,control,10,0.182391514301386
2023-09-08,control,10,0.172521426908432
2023-09-09,control,10,0.162841098539291
2023-09-10,control,10,0.153943133557014
2023-09-11,control,10,0.146489916159041
2023-09-12,control,10,0.140786719891233
2023-09-13,control,10,0.138412464610317
2023-09-14,control,10,0.137240157727985
2023-09-15,control,10,0.135776465555255
2023-09-16,control,10,0.133665512748387
2023-09-17,control,10,0.13138682438777
2023-09-18,control,10,0.157452772254432
2023-09-19,control,10,0.207899287148267
2023-09-20,control,10,0.196571589421945
2023-09-21,control,10,0.187361836684234
2023-09-22,control,10,0.19526336160266
2023-09-23,control,10,0.193732057635704
2023-09-24,control,10,0.186752201960637
2023-09-25,control,10,0.179346038837942
2023-09-26,control,10,0.170414237854062
2023-09-27,control,10,0.163267501195272
2023-09-28,control,10,0.156368989354715
2023-09-29,control,10,0.15027206359122
2023-09-30,control,10,0.145135077949601
2023-10-01,control,10,0.140842392179701
2023-10-02,control,10,0.136968693588719
2023-10-03,control,10,0.133557482825385
2023-10-04,control,10,0.130916856950329
2023-10-05,control,10,0.128678275377322
2023-10-06,control,10,0.126682210905391
2023-10-07,control,10,0.124675810114012
2023-10-08,control,10,0.123049241151123
2023-10-09,control,10,0.121492193259521
2023-10-10,control,10,0.120026270491546
2023-10-11,control,10,0.118733866438208
2023-10-12,control,10,0.117541002812356
2023-10-13,control,10,0.116501783288043
2023-10-14,control,10,0.115720999249968
2023-10-15,control,10,0.115138301095979
2023-10-16,control,10,0.114316932049207
2023-10-17,control,10,0.113739868303845
2023-10-18,control,10,0.113454966717411
2023-10-19,control,10,0.11311307264058
2023-10-20,control,10,0.117617171162094
2023-10-21,control,10,0.125449810758162
2023-10-22,control,10,0.124141971688522
2023-10-23,control,10,0.122565490346849
2023-10-24,control,10,0.128543279351441
2023-10-25,control,10,0.141297307705815
2023-10-26,control,10,0.178155345596674
2023-10-27,control,10,0.253491076717276
2023-10-28,control,10,0.265895794085114
2023-10-29,control,10,0.25928232477541
2023-10-30,control,10,0.260675776531076
2023-10-31,control,10,0.294388984506198
2023-11-01,control,10,0.288517102895184
2023-11-02,control,10,0.302404615308437
2023-11-03,control,10,0.318332316749974
2023-11-04,control,10,0.31887149177956
2023-11-05,control,10,0.343165267193079
2023-11-06,control,10,0.327124535257265
2023-11-07,control,10,0.317444187941244
2023-11-08,control,10,0.310750457347886
2023-11-09,control,10,0.305885680341468
2023-11-10,control,10,0.325382714133306
2023-11-11,control,10,0.333945006320351
2023-11-12,control,10,0.336934513799856
2023-11-13,control,10,0.348623565243967
2023-11-14,control,10,0.361762891928998
2023-11-15,control,10,0.343376914598336
2023-11-16,control,10,0.329216156504565
2023-11-17,control,10,0.322554798769726
2023-11-18,control,10,0.318092604864493
2023-11-19,control,10,0.321442648746896
2023-11-20,control,10,0.326548386489056
2023-11-21,control,10,0.321660594909765
2023-11-22,control,10,0.318191087986005
2023-11-23,control,10,0.314445426567945
2023-11-24,control,10,0.311316572974626
2023-11-25,control,10,0.308742683387478
2023-11-26,control,10,0.306231609980265
2023-11-27,control,10,0.304077534591943
2023-11-28,control,10,0.334032935385588
2023-11-29,control,10,0.335466378359519
2023-11-30,control,10,0.336625506306252
2023-12-01,control,10,0.361719778559609
2023-12-02,control,10,0.355543253387075
2023-12-03,control,10,0.342974062576992
2023-12-04,control,10,0.332978898190904
2023-12-05,control,10,0.329528621658911
2023-12-06,control,10,0.32733767343604
2023-12-07,control,10,0.323794446316053
2023-12-08,control,10,0.326287662520889
2023-12-09,control,10,0.348534016514533
2023-12-10,control,10,0.359337470470331
2023-12-11,control,10,0.368514748502463
2023-12-12,control,10,0.368571166669431
2023-12-13,control,10,0.365296753006208
2023-12-14,control,10,0.350654129452176
2023-12-15,control,10,0.340917408332396
2023-12-16,control,10,0.334554750491411
2023-12-17,control,10,0.330384731805453
2023-12-18,control,10,0.327486059583467
2023-12-19,control,10,0.32486475696384
2023-12-20,control,10,0.322879216290902
2023-12-21,control,10,0.323893970680876
2023-12-22,control,10,0.328008706834581
2023-12-23,control,10,0.325054878658719
2023-12-24,control,10,0.321851663233172
2023-12-25,control,10,0.319536268625897
2023-12-26,control,10,0.31740177883863
2023-12-27,control,10,0.31534472065472
2023-12-28,control,10,0.313455486517021
2023-12-29,control,10,0.311195333124142
2023-12-30,control,10,0.309779187402159
2023-12-31,control,10,0.308837901098393
2024-01-01,control,10,0.311591540903285
2024-01-02,control,10,0.312339368005942
2024-01-03,control,10,0.340322150169121
2024-01-04,control,10,0.347636113905184
2024-01-05,control,10,0.339751214627866
2024-01-06,control,10,0.351855199120752
2024-01-07,control,10,0.343200594292949
2024-01-08,control,10,0.336823207677189
2024-01-09,control,10,0.332942368907313
2024-01-10,control,10,0.329545907747957
2024-01-11,control,10,0.326596613756315
2024-01-12,control,10,0.324036791415584
2024-01-13,control,10,0.32076832314237
2024-01-14,control,10,0.316748144040023
2024-01-15,control,10,0.31654686719342
2024-01-16,control,10,0.317093739318848
2024-01-17,control,10,0.342283067114235
2024-01-18,control,10,0.367100761853732
2024-01-19,control,10,0.355272868059684
2024-01-20,control,10,0.343427281448807
2024-01-21,control,10,0.335171830182695
2024-01-22,control,10,0.333552878815534
2024-01-23,control,10,0.352676416165901
2024-01-24,control,10,0.34627981123118
2024-01-25,control,10,0.340137494662513
2024-01-26,control,10,0.335351151904518
2024-01-27,control,10,0.333171931886406
2024-01-28,control,10,0.330334673111891
2024-01-29,control,10,0.327863163779537
2024-01-30,control,10,0.325624124613185
2024-01-31,control,10,0.32353716551074
2024-02-01,control,10,0.321744049919976
2024-02-02,control,10,0.320085224677591
2024-02-03,control,10,0.318389565149943
2024-02-04,control,10,0.31694576508254
2024-02-05,control,10,0.3158566317859
2024-02-06,control,10,0.314583411778186
2024-02-07,control,10,0.313212194941099
2024-02-08,control,10,0.327466073403831
2024-02-09,control,10,0.330874892503787
2024-02-10,control,10,0.326327819805281
2024-02-11,control,10,0.322102225631005
2024-02-12,control,10,0.318955510457357
2024-02-13,control,10,0.316236077673067
2024-02-14,control,10,0.313814398239219
2024-02-15,control,10,0.311457472478464
2024-02-16,control,10,0.30917721547578503
2024-02-17,control,10,0.30711348159928
2024-02-18,control,10,0.3051318456014
2024-02-19,control,10,0.303170280456543
2024-02-20,control,10,0.302320844051885
2024-02-21,control,10,0.302076003494381
2024-02-22,control,10,0.317617020113715
2024-02-23,control,10,0.356762974323371
2024-02-24,control,10,0.34259055977437
2024-02-25,control,10,0.337348861079062
2024-02-26,control,10,0.329669220965842
2024-02-27,control,10,0.325458202234904
2024-02-28,control,10,0.322086267762605
2024-02-29,control,10,0.318860390607049
2024-03-01,control,10,0.318324449851507
2024-03-02,control,10,0.320811939239502
2024-03-03,control,10,0.318010075348245
2024-03-04,control,10,0.314924140279857
2024-03-05,control,10,0.312746261820201
2024-03-06,control,10,0.31047965028726
2024-03-07,control,10,0.307959100815887
2024-03-08,control,10,0.305420071045469
2024-03-09,control,10,0.302432347614848
2024-03-10,control,10,0.313019971847534
2024-03-11,control,10,0.345574750858372
2024-03-12,control,10,0.336092626427312
2024-03-13,control,10,0.329888566335042
2024-03-14,control,10,0.325074527684407
2024-03-15,control,10,0.319789224037757
2024-03-16,control,10,0.334395196658471
2024-03-17,control,10,0.336672879918416
2024-03-18,control,10,0.354918910551441
2024-03-19,control,10,0.349945755799611
2024-03-20,control,10,0.340485180288121
2024-03-21,control,10,0.335034280353122
2024-03-22,control,10,0.332101938459608
2024-03-23,control,10,0.327269947928105
2024-03-24,control,10,0.322553091036142
2024-03-25,control,10,0.318844758823354
2024-03-26,control,10,0.314587197048974
2024-03-27,control,10,0.313551821720812
2024-03-28,control,10,0.325607235794548
2024-03-29,control,10,0.329544809783081
2024-03-30,control,10,0.317128083906934
2024-03-31,control,10,0.33792444025839
2024-04-01,control,10,0.330141011281654
2024-04-02,control,10,0.315447363327807
2024-04-03,control,10,0.309398865111758
2024-04-04,control,10,0.305070848540058
2024-04-05,control,10,0.299969517907431
2024-04-06,control,10,0.29472068894294
2024-04-07,control,10,0.289684277534485
2024-04-08,control,10,0.284732968600716
2024-04-09,control,10,0.282841651193027
2024-04-10,control,10,0.284601808996762
2024-04-11,control,10,0.281511459863199
2024-04-12,control,10,0.277842110383417
2024-04-13,control,10,0.273094501038877
2024-04-14,control,10,0.266836262530968
2024-04-15,control,10,0.260496442968195
2024-04-16,control,10,0.254923226081723
2024-04-17,control,10,0.250325591075896
2024-04-18,control,10,0.246960839491624
2024-04-19,control,10,0.243611109501296
2024-04-20,control,10,0.240385137904774
2024-04-21,control,10,0.237268501387702
2024-04-22,control,10,0.234977922697217
2024-04-23,control,10,0.232246722808251
2024-04-24,control,10,0.228206877385156
2024-04-25,control,10,0.239523483192264
2024-04-26,control,10,0.234721229610158
2024-04-27,control,10,0.229126359518805
2024-04-28,control,10,0.222629159883011
2024-04-29,control,10,0.216455003010065
2024-04-30,control,10,0.207766765322181
2024-05-01,control,10,0.199122772216797
2024-05-02,control,10,0.193007771418645
2024-05-03,control,10,0.189250110998493
2024-05-04,control,10,0.186197227418222
2024-05-05,control,10,0.181319355264336
2024-05-06,control,10,0.192181313337704
2024-05-07,control,10,0.234625506897159
2024-05-08,control,10,0.266482618602181
2024-05-09,control,10,0.261537441562298
2024-05-10,control,10,0.255015045594628
2024-05-11,control,10,0.248468540924707
2024-05-12,control,10,0.241366131124161
2024-05-13,control,10,0.234277172382061
2024-05-14,control,10,0.228778872494283
2024-05-15,control,10,0.221776282347242
2024-05-16,control,10,0.21629469397878
2024-05-17,control,10,0.216798188725351
2024-05-18,control,10,0.216112111650477
2024-05-19,control,10,0.212165141796612
2024-05-20,control,10,0.205318646468911
2024-05-21,control,10,0.198834674835205
2024-05-22,control,10,0.193219724399955
2024-05-23,control,10,0.187869033933941
2024-05-24,control,10,0.185177398151239
2024-05-25,control,10,0.180854256506309
2024-05-26,control,10,0.17515251039401
2024-05-27,control,10,0.171232029691092
2024-05-28,control,10,0.169459932479766
2024-05-29,control,10,0.166591967934056
2024-05-30,control,10,0.164815017298648
2024-05-31,control,10,0.165656133589662
2024-06-01,control,10,0.166134735050995
2024-06-02,control,10,0.165835272236874
2024-06-03,control,10,0.165530497097088
2024-06-04,control,10,0.162075419638321
2024-06-05,control,10,0.159152654512611
2024-06-06,control,10,0.182561546148256
2024-06-07,control,10,0.179250885719477
2024-06-08,control,10,0.176728579872533
2024-06-09,control,10,0.174606808749112
2024-06-10,control,10,0.1720157653328
2024-06-11,control,10,0.145388427734375
2024-06-12,control,10,0.144394137974268
2024-06-13,control,10,0.142048832875008
2024-06-14,control,10,0.140057751982488
2024-06-15,control,10,0.151688526555112
2024-06-16,control,10,0.158316239206414
2024-06-17,control,10,0.155023231450131
2024-06-18,control,10,0.15000580695569
2024-06-19,control,10,0.144209448412845
2024-06-20,control,10,0.141099917054379
2024-06-21,control,10,0.142733355770788
2024-06-22,control,10,0.150900355098093
2024-06-23,control,10,0.156076980276175
2024-06-24,control,10,0.155311426236699
2024-06-25,control,10,0.152115546453974
2024-06-26,control,10,0.148600197123197
2024-06-27,control,10,0.145233871923285
2024-06-28,control,10,0.140758069528447
2024-06-29,control,10,0.137437949133489
2024-06-30,control,10,0.135793164308097
2024-07-01,control,10,0.13410470934725
2024-07-02,control,10,0.132316723549657
2024-07-03,control,10,0.130267763207316
2024-07-04,control,10,0.128705237283661
2024-07-05,control,10,0.126721785087478
2024-07-06,control,10,0.126512944426131
2024-07-07,control,10,0.149330881815024
2024-07-08,control,10,0.14550964360102
2024-07-09,control,10,0.140736911158408
2024-07-10,control,10,0.135751704432509
2024-07-11,control,10,0.132232092433635
2024-07-12,control,10,0.14197859301104
2024-07-13,control,10,0.153180478018048
2024-07-14,control,10,0.149720762076324
2024-07-15,control,10,0.145518161171361
2024-07-16,control,10,0.186428621794048
2024-07-17,control,10,0.19149075196573
2024-07-18,control,10,0.184317664523071
2024-07-19,control,10,0.173628113316973
2024-07-20,control,10,0.161585121634218
2024-07-21,control,10,0.152762550957857
2024-07-22,control,10,0.148260041694942
2024-07-23,control,10,0.141136006152376
2024-07-24,control,10,0.135355407112523
2024-07-25,control,10,0.130732017115543
2024-07-26,control,10,0.127410781723948
2024-07-27,control,10,0.124794865698563
2024-07-28,control,10,0.122737251444066
2024-07-29,control,10,0.12085082248909
2024-07-30,control,10,0.11904784861109
2024-07-31,control,10,0.117346533590828
2024-08-01,control,10,0.116822030971546
2024-08-02,control,10,0.117252041769747
2024-08-03,control,10,0.117338130064534
2024-08-04,control,10,0.116964277797724
2024-08-05,control,10,0.116211919653507
2024-08-06,control,10,0.115622040577424
2024-08-07,control,10,0.114339274329108
2024-08-08,control,10,0.113629409800962
2024-08-09,control,10,0.112936184782087
2024-08-10,control,10,0.112122622558336
2024-08-11,control,10,0.111386447613056
2024-08-12,control,10,0.110525593442993
2024-08-13,control,10,0.110181774139879
2024-08-14,control,10,0.110228261536959
2024-08-15,control,10,0.109983566379227
2024-08-16,control,10,0.109748559869648
2024-08-17,control,10,0.113829370314075
2024-08-18,control,10,0.177176739645956
2024-08-19,control,10,0.183139382284597
2024-08-20,control,10,0.181129207387484
2024-08-21,control,10,0.174282199809426
2024-08-22,control,10,0.165539967700815
2024-08-23,control,10,0.155985455889558
2024-08-24,control,10,0.145993224364564
2024-08-25,control,10,0.137784659567879
2024-08-26,control,10,0.133512031011236
2024-08-27,control,10,0.129215215008291
2024-08-28,control,10,0.125441482358616
2024-08-29,control,10,0.122424179473953
2024-08-30,control,10,0.120010157553627
2024-08-31,control,10,0.117967884642421
2024-09-01,control,10,0.116291275085113
2024-09-02,control,10,0.114992805082192
2024-09-03,control,10,0.11417321388152
2024-09-04,control,10,0.113335832914461
2024-09-05,control,10,0.131513495997379
2024-09-06,control,10,0.138817556495204
2024-09-07,control,10,0.132451636818544
2024-09-08,control,10,0.1274698182882
2024-09-09,control,10,0.174872447420353
2024-09-10,control,10,0.179018495896028
2024-09-11,control,10,0.175430772502995
2024-09-12,control,10,0.172430273179256
2024-09-13,control,10,0.16932882113978
2024-09-14,control,10,0.166687319769243
2024-09-15,control,10,0.16313896733105
2024-09-16,control,10,0.159715743772151
2024-09-17,control,10,0.155972412163429
2024-09-18,control,10,0.151234561530849
2024-09-19,control,10,0.146448271708287
2024-09-20,control,10,0.141744080330285
2024-09-21,control,10,0.136348140914393
2024-09-22,control,10,0.131101707637911
2024-09-23,control,10,0.128591076912668
2024-09-24,control,10,0.127841199065507
2024-09-25,control,10,0.125634436983811
2024-09-26,control,10,0.170077051816024
2024-09-27,control,10,0.196421198411421
2024-09-28,control,10,0.191718263217548
2024-09-29,control,10,0.189073650912618
2024-09-30,control,10,0.185922178739478
2024-10-01,control,10,0.183160055910357
2024-10-02,control,10,0.205223800956651
2024-10-03,control,10,0.204710851154829
2024-10-04,control,10,0.202453143097634
2024-10-05,control,10,0.200268297562232
2024-10-06,control,10,0.198654062197759
2024-10-07,control,10,0.197416190838251
2024-10-08,control,10,0.195549348110461
2024-10-09,control,10,0.19575304762694
2024-10-10,control,10,0.215020722388927
2024-10-11,control,10,0.212696745863372
2024-10-12,control,10,0.211755326561712
2024-10-13,control,10,0.218460487925317
2024-10-14,control,10,0.225483447313309
2024-10-15,control,10,0.231204493840535
2024-10-16,control,10,0.235545263547919
2024-10-17,control,10,0.235005417215339
2024-10-18,control,10,0.233274137973785
2024-10-19,control,10,0.234251384092698
2024-10-20,control,10,0.234062289110562
2024-10-21,control,10,0.232800637435489
2024-10-22,control,10,0.231390829800594
2024-10-23,control,10,0.230074618621749
2024-10-24,control,10,0.228632366798636
2024-10-25,control,10,0.226745904364237
2024-10-26,control,10,0.225124886914303
2024-10-27,control,10,0.223002053898366
2024-10-28,control,10,0.221343374252319
2024-10-29,control,10,0.200592245339741
2024-10-30,control,10,0.199451713134834
2024-10-31,control,10,0.198131657154002
2024-11-01,control,10,0.196720329251206
2024-11-02,control,10,0.195388132790171
2024-11-03,control,10,0.194261014503345
2024-11-04,control,10,0.19301122824351
2024-11-05,control,10,0.191817553838094
2024-11-06,control,10,0.190660158793132
2024-11-07,control,10,0.189446773696364
2024-11-08,control,10,0.188218980676988
2024-11-09,control,10,0.187142080335475
2024-11-10,control,10,0.185902898250482
2024-11-11,control,10,0.184908723329243
2024-11-12,control,10,0.19328092734019
2024-11-13,control,10,0.19302014860996
2024-11-14,control,10,0.191475979487101
2024-11-15,control,10,0.191060272350646
2024-11-16,control,10,0.190968920389811
2024-11-17,control,10,0.190406698125009
2024-11-18,control,10,0.190145979172144
2024-11-19,control,10,0.190081330972124
2024-11-20,control,10,0.233809614181519
2024-11-21,control,10,0.232200980489794
2024-11-22,control,10,0.231778223945288
2024-11-23,control,10,0.234673247689206
2024-11-24,control,10,0.234785387610312
2024-11-25,control,10,0.252255558043487
2024-11-26,control,10,0.268836762148172
2024-11-27,control,10,0.264292087554932
2024-11-28,control,10,0.263369513070712
2024-11-29,control,10,0.263827149454753
2024-11-30,control,10,0.256909609731038
2024-12-01,control,10,0.253301432638457
2024-12-02,control,10,0.254713011392859
2024-12-03,control,10,0.257222500882408
2024-12-04,control,10,0.256670006116231
2024-12-05,control,10,0.285892097903901
2024-12-06,control,10,0.297285534408187
2024-12-07,control,10,0.296150641404945
2024-12-08,control,10,0.293527801581255
2024-12-09,control,10,0.290678487379454
2024-12-10,control,10,0.288450271584267
2024-12-11,control,10,0.286321181992347
2024-12-12,control,10,0.296359183941592
2024-12-13,control,10,0.294310754725808
2024-12-14,control,10,0.293564547963677
2024-12-15,control,10,0.294079906788278
2024-12-16,control,10,0.293109163033335
2024-12-17,control,10,0.29195226803416
2024-12-18,control,10,0.291884779973411
2024-12-19,control,10,0.293017855886067
2024-12-20,control,10,0.306725480398648
2024-12-21,control,10,0.304844718724301
2024-12-22,control,10,0.310845426425032
2024-12-23,control,10,0.322217440749267
2024-12-24,control,10,0.325835283947347
2024-12-25,control,10,0.321834357315683
2024-12-26,control,10,0.317878370937548
2024-12-27,control,10,0.31430217233872
2024-12-28,control,10,0.311567110442181
2024-12-29,control,10,0.309384069265142
2024-12-30,control,10,0.307658209047819
2024-12-31,control,10,0.312282543323944
2025-01-01,control,10,0.310656266563817
2025-01-02,control,10,0.309796131513757
2025-01-03,control,10,0.331272344254611
2025-01-04,control,10,0.329816445351934
2025-01-05,control,10,0.332678848489027
2025-01-06,control,10,0.34449789402875
2025-01-07,control,10,0.340513571270725
2025-01-08,control,10,0.339671293051201
2025-01-09,control,10,0.342006044178678
2025-01-10,control,10,0.336616664930832
2025-01-11,control,10,0.337480418556615
2025-01-12,control,10,0.337824290175187
2025-01-13,control,10,0.332867089731029
2025-01-14,control,10,0.327215976380465
2025-01-15,control,10,0.321606647874984
2025-01-16,control,10,0.316728884224
2025-01-17,control,10,0.312325923343097
2025-01-18,control,10,0.309122924125763
2025-01-19,control,10,0.308159113530902
2025-01-20,control,10,0.310517260149906
2025-01-21,control,10,0.312464187725882
2025-01-22,control,10,0.312822685014156
2025-01-23,control,10,0.317630798398403
2025-01-24,control,10,0.326337515847725
2025-01-25,control,10,0.32677658349148
2025-01-26,control,10,0.32819800229354
2025-01-27,control,10,0.327749330443935
2025-01-28,control,10,0.347392367750366
2025-01-29,control,10,0.344132430955627
2025-01-30,control,10,0.338861974373198
2025-01-31,control,10,0.335077483669029
2025-02-01,control,10,0.332335347248015
2025-02-02,control,10,0.330051254017928
2025-02-03,control,10,0.327981254858107
2025-02-04,control,10,0.32585598943191
2025-02-05,control,10,0.323677892440405
2025-02-06,control,10,0.321716318088665
2025-02-07,control,10,0.320044030975877
2025-02-08,control,10,0.320923966130243
2025-02-09,control,10,0.321232771910907
2025-02-10,control,10,0.320161210569446
2025-02-11,control,10,0.318799143952933
2025-02-12,control,10,0.317275645905292
2025-02-13,control,10,0.316585885287006
2025-02-14,control,10,0.32022796259822
2025-02-15,control,10,0.32016003621498
2025-02-16,control,10,0.319287078893926
2025-02-17,control,10,0.317975211784854
2025-02-18,control,10,0.316649668766902
2025-02-19,control,10,0.338370736929087
2025-02-20,control,10,0.337492060661316
2025-02-21,control,10,0.33642578125
2025-02-22,control,10,0.33493419940655
2025-02-23,control,10,0.333303949487118
2025-02-24,control,10,0.331940690861192
2025-02-25,control,10,0.330626572829026
2025-02-26,control,10,0.329458346896701
2025-02-27,control,10,0.328163409233093
2025-02-28,control,10,0.32699933052063
2025-03-01,control,10,0.325919896906072
2025-03-02,control,10,0.324860027643639
2025-03-03,control,10,0.323735430768428
2025-03-04,control,10,0.322368711937131
2025-03-05,control,10,0.320708719889323
2025-03-06,control,10,0.318698600708969
2025-03-07,control,10,0.316400169780236
2025-03-08,control,10,0.313942517732319
2025-03-09,control,10,0.311334297873757
2025-03-10,control,10,0.309066141932464
2025-03-11,control,10,0.306757017623547
2025-03-12,control,10,0.304547627766927
2025-03-13,control,10,0.306539420194404
2025-03-14,control,10,0.307151596418774
2025-03-15,control,10,0.306441551031068
2025-03-16,control,10,0.305924479166667
2025-03-17,control,10,0.304955434799194
2025-03-18,control,10,0.303136624634721
2025-03-19,control,10,0.300871568053733
2025-03-20,control,10,0.298157413861224
2025-03-21,control,10,0.294867945081405
2025-03-22,control,10,0.290953125
2025-03-23,control,10,0.286733774038462
2025-03-24,control,10,0.2827204617587
2025-03-25,control,10,0.278577710761399
2025-03-26,control,10,0.274303526390256
2025-03-27,control,10,0.269912815844919
2025-03-28,control,10,0.265714565543241
2025-03-29,control,10,0.261075710720486
2025-03-30,control,10,0.256380231990371
2025-03-31,control,10,0.250511559774709
2025-04-01,control,10,0.244749366580032
2025-04-02,control,10,0.210862369487292
2025-04-03,control,10,0.20726307665181
2025-04-04,control,10,0.202215112397867
2025-04-05,control,10,0.197213145078897
2025-04-06,control,10,0.192280573539469
2025-04-07,control,10,0.187760450472768
2025-04-08,control,10,0.183753488230151
2025-04-09,control,10,0.179548789136911
2025-04-10,control,10,0.175795929336028
2025-04-11,control,10,0.17231063927933
2025-04-12,control,10,0.167884678579081
2025-04-13,control,10,0.164628476761935
2025-04-14,control,10,0.161485145087211
2025-04-15,control,10,0.158258049080957
2025-04-16,control,10,0.181766135609404
2025-04-17,control,10,0.275111273563269
2025-04-18,control,10,0.305747941571727
2025-04-19,control,10,0.310052176641549
2025-04-20,control,10,0.314213634409738
2025-04-21,control,10,0.305539775965257
2025-04-22,control,10,0.299394142073658
2025-04-23,control,10,0.294775854724239
2025-04-24,control,10,0.292940688393333
2025-04-25,control,10,0.29025784421688
2025-04-26,control,10,0.286830677132311
2025-04-27,control,10,0.283428325200656
2025-04-28,control,10,0.279849946469105
2025-04-29,control,10,0.275660474105403
2025-04-30,control,10,0.271142006427109
2025-05-01,control,10,0.266421677634941
2025-05-02,control,10,0.261309402830584
2025-05-03,control,10,0.259574378663601
2025-05-04,control,10,0.269309592247009
2025-05-05,control,10,0.278900970303886
2025-05-06,control,10,0.28000790195378
2025-05-07,control,10,0.277441481616581
2025-05-08,control,10,0.274861572176911
2025-05-09,control,10,0.271207231911481
2025-05-10,control,10,0.267216321057036
2025-05-11,control,10,0.262030416789808
2025-05-12,control,10,0.257559613447923
2025-05-13,control,10,0.25454683143674
2025-05-14,control,10,0.248961519285013
2025-05-15,control,10,0.242718791537815
2025-05-16,control,10,0.236691856384277
2025-05-17,control,10,0.229798544103449
2025-05-18,control,10,0.22252101844817
2025-05-19,control,10,0.214699867704344
2025-05-20,control,10,0.208758544034736
2025-05-21,control,10,0.205669347589666
2025-05-22,control,10,0.202190399169922
2025-05-23,control,10,0.198246601406687
2025-05-24,control,10,0.193058608661998
2025-05-25,control,10,0.188491051797648
2025-05-26,control,10,0.185550903582391
2025-05-27,control,10,0.181241140265214
2025-05-28,control,10,0.178507969165138
2025-05-29,control,10,0.180188795630612
2025-05-30,control,10,0.176179868106954
2025-05-31,control,10,0.171651978125939
2025-06-01,control,10,0.16700532393022
2025-06-02,control,10,0.164437022962068
2025-06-03,control,10,0.163674397468567
2025-06-04,control,10,0.162046487482615
2025-06-05,control,10,0.16073534488678
2025-06-06,control,10,0.15873674598107
2025-06-07,control,10,0.161336102362046
2025-06-08,control,10,0.165195334507869
2025-06-09,control,10,0.149000263214111
2025-06-10,control,10,0.127952159837235
2025-06-11,control,10,0.122540482471352
2025-06-12,control,10,0.116483667284664
2025-06-13,control,10,0.10944587583617
2025-06-14,control,10,0.105269569449537
2025-06-15,control,10,0.135194728910461
2025-06-16,control,10,0.132778263092041
2025-06-17,control,10,0.130263074239095
2025-06-18,control,10,0.128010890203932
2025-06-19,control,10,0.125956868612638
2025-06-20,control,10,0.124140124357948
2025-06-21,control,10,0.12256391968723
2025-06-22,control,10,0.121406221554527
2025-06-23,control,10,0.120434373708872
2025-06-24,control,10,0.119499006387193
2025-06-25,control,10,0.0893972218036652
2025-06-26,control,10,0.116743742290296
2025-06-27,control,10,0.116094553094161
2025-06-28,control,10,0.0891230405062765
2025-06-29,control,10,0.0889543463826662
2025-06-30,control,10,0.113405915859698
2025-07-01,control,10,0.139392602352696
2025-07-02,control,10,0.139869725426962
2025-07-03,control,10,0.139777321039244
2025-07-04,control,10,0.0882461224781193
2025-07-05,control,10,0.0862953186035156
2025-07-06,control,10,0.112081339420416
2025-07-07,control,10,0.111431959903601
2025-07-08,control,10,0.111005889728505
2025-07-09,control,10,0.111018106020414
2025-07-10,control,10,0.0836712867256225
2025-07-11,control,10,0.0846050160809567
2025-07-12,control,10,0.084170295313785
2025-07-13,control,10,0.0828958357323983
2025-07-14,control,10,0.127865182925493
2025-07-15,control,10,0.128919248237088
2025-07-16,control,10,0.12116530939635
2025-07-17,control,10,0.0882592045983603
2025-07-18,control,10,0.0873676342485054
2025-07-19,control,10,0.111509084701538
2025-07-20,control,10,0.110893080127773
2025-07-21,control,10,0.119429397583008
2025-07-22,control,10,0.0887620726674192
2025-07-23,control,10,0.115242852105035
2025-07-24,control,10,0.113917396946957
2025-07-25,control,10,0.12469329719633
2025-07-26,control,10,0.114238278071086
2025-07-27,control,10,0.111677785086411
2025-07-28,control,10,0.126433107984348
2025-07-29,control,10,0.12105675095006
2025-07-30,control,10,0.114633185093797
2025-07-31,control,10,0.108817919817838
2025-08-01,control,10,0.135436662038167
2014-04-11,irrigation,10,0.245461494197066
2014-04-12,irrigation,10,0.243011281066516
2014-04-13,irrigation,10,0.242903082006185
2014-04-14,irrigation,10,0.242106075075259
2014-04-15,irrigation,10,0.2414263384928
2014-04-16,irrigation,10,0.240212331055623
2014-04-17,irrigation,10,0.240144367466221
2014-04-18,irrigation,10,0.239104309121107
2014-04-19,irrigation,10,0.305185288014049
2014-04-20,irrigation,10,0.388867131547412
2014-04-21,irrigation,10,0.378277315867324
2014-04-22,irrigation,10,0.372790866404412
2014-04-23,irrigation,10,0.367640129899348
2014-04-24,irrigation,10,0.362795198109766
2014-04-25,irrigation,10,0.358450960117544
2014-04-26,irrigation,10,0.354655000758919
2014-04-27,irrigation,10,0.411063169533733
2014-04-28,irrigation,10,0.419563884474528
2014-04-29,irrigation,10,0.43172005289767
2014-04-30,irrigation,10,0.414365099055177
2014-05-01,irrigation,10,0.40401994933114
2014-05-02,irrigation,10,0.399138989292727
2014-05-03,irrigation,10,0.397453792427589
2014-05-04,irrigation,10,0.389359480386993
2014-05-05,irrigation,10,0.384188635374494
2014-05-06,irrigation,10,0.38004966943725
2014-05-07,irrigation,10,0.375311721485303
2014-05-08,irrigation,10,0.375345995381106
2014-05-13,irrigation,10,0.362939574936845
2014-05-14,irrigation,10,0.361061986798101
2014-05-15,irrigation,10,0.35845491953808
2014-05-16,irrigation,10,0.361969860650303
2014-05-17,irrigation,10,0.367824656535752
2014-05-18,irrigation,10,0.365566170878379
2014-05-19,irrigation,10,0.362849742317669
2014-05-20,irrigation,10,0.359296983114744
2014-05-21,irrigation,10,0.356374401407023
2014-05-22,irrigation,10,0.353171587169989
2014-05-23,irrigation,10,0.356775790495339
2014-05-24,irrigation,10,0.359261485905752
2014-05-25,irrigation,10,0.356483255694359
2014-05-26,irrigation,10,0.352744586254644
2014-05-27,irrigation,10,0.360798692030534
2014-05-28,irrigation,10,0.383932578428499
2014-05-29,irrigation,10,0.391978229066363
2014-05-30,irrigation,10,0.394726443039564
2014-05-31,irrigation,10,0.397165707743667
2014-06-01,irrigation,10,0.3980480138096
2014-06-02,irrigation,10,0.399291893673827
2014-06-03,irrigation,10,0.401480677320884
2014-06-04,irrigation,10,0.40103516993725
2014-06-05,irrigation,10,0.408292888227946
2014-06-06,irrigation,10,0.408607774045573
2014-06-07,irrigation,10,0.408491973502134
2014-06-08,irrigation,10,0.407900664891653
2014-06-09,irrigation,10,0.403091284839366
2014-06-10,irrigation,10,0.39976742726906
2014-06-11,irrigation,10,0.40003450440692
2014-06-12,irrigation,10,0.398077195157142
2014-06-13,irrigation,10,0.396076034048884
2014-06-14,irrigation,10,0.396661592823228
2014-06-15,irrigation,10,0.394752394570424
2014-06-16,irrigation,10,0.393341619980187
2014-06-17,irrigation,10,0.389935309124349
2014-06-18,irrigation,10,0.39228556218216
2014-06-19,irrigation,10,0.38928999620994
2014-06-20,irrigation,10,0.388830676686514
2014-06-21,irrigation,10,0.386597666044834
2014-06-22,irrigation,10,0.384939443059556
2014-06-23,irrigation,10,0.387488335399555
2014-06-24,irrigation,10,0.406022868541217
2014-06-25,irrigation,10,0.407054203592269
2014-06-26,irrigation,10,0.402173650752925
2014-06-27,irrigation,10,0.400217252277803
2014-06-28,irrigation,10,0.39735575370829
2014-06-29,irrigation,10,0.398878146088656
2014-06-30,irrigation,10,0.40359162565528
2014-07-01,irrigation,10,0.397183495912407
2014-07-02,irrigation,10,0.396191194388441
2014-07-03,irrigation,10,0.405082908131748
2014-07-04,irrigation,10,0.399013144783968
2014-07-05,irrigation,10,0.394610247659645
2014-07-06,irrigation,10,0.394202627044654
2014-07-07,irrigation,10,0.386682826076181
2014-07-08,irrigation,10,0.410290969610668
2014-07-09,irrigation,10,0.411448872106352
2014-07-10,irrigation,10,0.426008310996407
2014-07-11,irrigation,10,0.435148317285122
2014-07-12,irrigation,10,0.426576145874549
2014-07-13,irrigation,10,0.418963956254187
2014-07-14,irrigation,10,0.411657738584367
2014-07-15,irrigation,10,0.410979122202629
2014-07-16,irrigation,10,0.40636314122987
2014-07-17,irrigation,10,0.402500328916904
2014-07-18,irrigation,10,0.396909257164034
2014-07-19,irrigation,10,0.386534362242772
2014-07-20,irrigation,10,0.384818736758509
2014-07-21,irrigation,10,0.422168328898571
2014-07-22,irrigation,10,0.430124383072799
2014-07-23,irrigation,10,0.425841650788852
2014-07-24,irrigation,10,0.434785690688126
2014-07-25,irrigation,10,0.426808594856686
2014-07-26,irrigation,10,0.433582038139362
2014-07-27,irrigation,10,0.436515102531329
2014-07-28,irrigation,10,0.439183456154971
2014-07-29,irrigation,10,0.458890464940276
2014-07-30,irrigation,10,0.446001537079678
2014-07-31,irrigation,10,0.440680528271199
2014-08-01,irrigation,10,0.42502489621762
2014-08-02,irrigation,10,0.412965593777782
2014-08-03,irrigation,10,0.413433093832237
2014-08-04,irrigation,10,0.406440831729176
2014-08-05,irrigation,10,0.411318109596864
2014-08-06,irrigation,10,0.412247305579785
2014-08-07,irrigation,10,0.412462609636678
2014-08-08,irrigation,10,0.42006416755638
2014-08-09,irrigation,10,0.446204727296781
2014-08-10,irrigation,10,0.439992106927729
2014-08-11,irrigation,10,0.454609683647538
2014-08-12,irrigation,10,0.448004573083479
2014-08-13,irrigation,10,0.449217532640055
2014-08-14,irrigation,10,0.442487443169326
2014-08-15,irrigation,10,0.434982854861111
2014-08-16,irrigation,10,0.430347446015423
2014-08-17,irrigation,10,0.424651379877774
2014-08-18,irrigation,10,0.42083664893808
2014-08-19,irrigation,10,0.423837792339531
2014-08-20,irrigation,10,0.423072685528449
2014-08-21,irrigation,10,0.420241835902151
2014-08-22,irrigation,10,0.417155572512131
2014-08-23,irrigation,10,0.409808158519029
2014-08-24,irrigation,10,0.401287948047119
2014-08-25,irrigation,10,0.394763231362362
2014-08-26,irrigation,10,0.438258197617387
2014-08-27,irrigation,10,0.4421485424309
2014-08-28,irrigation,10,0.429504369603023
2014-08-29,irrigation,10,0.415656535066259
2014-08-30,irrigation,10,0.406817403187929
2014-08-31,irrigation,10,0.401866303719622
2014-09-01,irrigation,10,0.401563193649063
2014-09-02,irrigation,10,0.395427885383461
2014-09-03,irrigation,10,0.39059765658336
2014-09-04,irrigation,10,0.385732404399859
2014-09-05,irrigation,10,0.384200445826418
2014-09-06,irrigation,10,0.384585781628852
2014-09-07,irrigation,10,0.379030015150158
2014-09-08,irrigation,10,0.377763015703127
2014-09-09,irrigation,10,0.3769285948549
2014-09-10,irrigation,10,0.398200115263839
2014-09-11,irrigation,10,0.405367570472266
2014-09-12,irrigation,10,0.406859393462846
2014-09-13,irrigation,10,0.410884664893617
2014-09-14,irrigation,10,0.408895055303171
2014-09-15,irrigation,10,0.408564497896491
2014-09-16,irrigation,10,0.409403448782339
2014-09-17,irrigation,10,0.408363200695647
2014-09-18,irrigation,10,0.409962064103888
2014-09-19,irrigation,10,0.4079726067951
2014-09-20,irrigation,10,0.406166681603521
2014-09-21,irrigation,10,0.408741771954873
2014-09-22,irrigation,10,0.411434927686931
2014-09-23,irrigation,10,0.406921321087884
2014-09-24,irrigation,10,0.405810162494419
2014-09-25,irrigation,10,0.405144363771288
2014-09-26,irrigation,10,0.400271864595462
2014-09-27,irrigation,10,0.397110042934481
2014-09-28,irrigation,10,0.392629212856198
2014-09-29,irrigation,10,0.388129818180672
2014-09-30,irrigation,10,0.384629206252972
2014-10-01,irrigation,10,0.384382200510976
2014-10-02,irrigation,10,0.379201721461116
2014-10-03,irrigation,10,0.37072555092519
2014-10-04,irrigation,10,0.362849356168214
2014-10-05,irrigation,10,0.355002334277175
2014-10-06,irrigation,10,0.371263184104119
2014-10-07,irrigation,10,0.376555376952548
2014-10-08,irrigation,10,0.371164864468135
2014-10-09,irrigation,10,0.363817684808924
2014-10-10,irrigation,10,0.35744023840156
2014-10-16,irrigation,10,0.361077880631885
2014-10-17,irrigation,10,0.364214144427813
2014-10-18,irrigation,10,0.365748784602546
2014-10-19,irrigation,10,0.362108378172716
2014-10-20,irrigation,10,0.357305212124424
2014-10-21,irrigation,10,0.353434149067047
2014-10-22,irrigation,10,0.350011052263968
2014-10-23,irrigation,10,0.347557842640325
2014-10-24,irrigation,10,0.328461104655336
2014-10-25,irrigation,10,0.306066812984672
2014-10-26,irrigation,10,0.303875347448241
2014-10-27,irrigation,10,0.301964383687593
2014-10-28,irrigation,10,0.299585486033268
2014-10-29,irrigation,10,0.297405151227487
2014-10-30,irrigation,10,0.294769867820576
2014-10-31,irrigation,10,0.291816199733382
2014-11-01,irrigation,10,0.288734884970857
2014-11-02,irrigation,10,0.285623622286656
2014-11-03,irrigation,10,0.282309601593978
2014-11-04,irrigation,10,0.277500604088862
2014-11-05,irrigation,10,0.30125275974647
2014-11-06,irrigation,10,0.37122720651752
2014-11-07,irrigation,10,0.364563834828357
2014-11-08,irrigation,10,0.358903041178491
2014-11-09,irrigation,10,0.353777080058985
2014-11-10,irrigation,10,0.348853922982371
2014-11-11,irrigation,10,0.344715765047547
2014-11-12,irrigation,10,0.340116228285504
2014-11-13,irrigation,10,0.33905942978669
2014-11-14,irrigation,10,0.339051890996757
2014-11-15,irrigation,10,0.340826409859284
2014-11-16,irrigation,10,0.392427929144737
2014-11-17,irrigation,10,0.382696986492761
2014-11-18,irrigation,10,0.379678421863269
2014-11-19,irrigation,10,0.373875328892583
2014-11-20,irrigation,10,0.36866444567045
2014-11-21,irrigation,10,0.363844509135894
2014-11-22,irrigation,10,0.360198416512643
2014-11-23,irrigation,10,0.356946266756604
2014-11-24,irrigation,10,0.35365245837396603
2014-11-25,irrigation,10,0.351109718289553
2014-11-26,irrigation,10,0.349102680810626
2014-11-27,irrigation,10,0.347238364332965
2014-11-28,irrigation,10,0.344054886575424
2014-11-29,irrigation,10,0.340658752477526
2014-11-30,irrigation,10,0.337864493203698
2014-12-01,irrigation,10,0.336068127788198
2014-12-02,irrigation,10,0.335408150454631
2014-12-03,irrigation,10,0.335005979849485
2014-12-04,irrigation,10,0.334307923324275
2014-12-05,irrigation,10,0.333533784236111
2014-12-06,irrigation,10,0.332667687309942
2014-12-07,irrigation,10,0.331991984951902
2014-12-08,irrigation,10,0.331232726839539
2014-12-09,irrigation,10,0.330526589122078
2014-12-10,irrigation,10,0.329782761845996
2014-12-11,irrigation,10,0.329114520749269
2014-12-12,irrigation,10,0.328323381213061
2014-12-13,irrigation,10,0.327411786544342
2014-12-14,irrigation,10,0.326446822338177
2014-12-15,irrigation,10,0.325328986195175
2014-12-16,irrigation,10,0.324131149157647
2014-12-17,irrigation,10,0.32834831743592
2014-12-18,irrigation,10,0.37371096202361
2014-12-19,irrigation,10,0.388726223637905
2014-12-20,irrigation,10,0.390254235135234
2014-12-21,irrigation,10,0.384844199838002
2014-12-22,irrigation,10,0.378058593743515
2014-12-23,irrigation,10,0.374307142676853
2014-12-24,irrigation,10,0.370389935515358
2014-12-25,irrigation,10,0.367142891367666
2014-12-26,irrigation,10,0.36424455147192
2014-12-27,irrigation,10,0.361953565434093
2014-12-28,irrigation,10,0.364892132995534
2014-12-29,irrigation,10,0.369823589537321
2014-12-30,irrigation,10,0.371033654217517
2014-12-31,irrigation,10,0.372155543139507
2015-01-01,irrigation,10,0.371649216184355
2015-01-02,irrigation,10,0.368973069255045
2015-01-03,irrigation,10,0.377379584558546
2015-01-04,irrigation,10,0.410901791109284
2015-01-05,irrigation,10,0.398718501807501
2015-01-06,irrigation,10,0.388795466124896
2015-01-07,irrigation,10,0.381501753779536
2015-01-08,irrigation,10,0.375708969912649
2015-01-09,irrigation,10,0.374823945741583
2015-01-10,irrigation,10,0.383179700640176
2015-01-11,irrigation,10,0.382603953154551
2015-01-12,irrigation,10,0.379377701502193
2015-01-13,irrigation,10,0.375888270770799
2015-01-14,irrigation,10,0.376382509074703
2015-01-15,irrigation,10,0.37910772624965
2015-01-16,irrigation,10,0.37608192332844
2015-01-17,irrigation,10,0.37765423919995
2015-01-18,irrigation,10,0.3777430935814
2015-01-19,irrigation,10,0.374867506781503
2015-01-20,irrigation,10,0.37269732548557
2015-01-21,irrigation,10,0.370346842565193
2015-01-22,irrigation,10,0.368470383774626
2015-01-23,irrigation,10,0.366766331994309
2015-01-24,irrigation,10,0.365163638368056
2015-01-25,irrigation,10,0.363540945456871
2015-01-26,irrigation,10,0.361792014632675
2015-01-27,irrigation,10,0.363784995715431
2015-01-28,irrigation,10,0.373346413477705
2015-01-29,irrigation,10,0.374730518923611
2015-01-30,irrigation,10,0.394908509895833
2015-01-31,irrigation,10,0.393889071388383
2015-02-01,irrigation,10,0.390049162818088
2015-02-02,irrigation,10,0.387692762821365
2015-02-03,irrigation,10,0.384776239736842
2015-02-04,irrigation,10,0.380883948901681
2015-02-05,irrigation,10,0.377526421224415
2015-02-06,irrigation,10,0.37547586691155
2015-02-07,irrigation,10,0.375296907923316
2015-02-08,irrigation,10,0.375398748812135
2015-02-09,irrigation,10,0.374084243654971
2015-02-10,irrigation,10,0.371807935222953
2015-02-11,irrigation,10,0.369732676206413
2015-02-12,irrigation,10,0.369325373658626
2015-02-13,irrigation,10,0.370147736690424
2015-02-14,irrigation,10,0.375065572900219
2015-02-15,irrigation,10,0.398663521686769
2015-02-16,irrigation,10,0.403618048817189
2015-02-17,irrigation,10,0.402350205162646
2015-02-18,irrigation,10,0.398077857540205
2015-02-19,irrigation,10,0.392639737159349
2015-02-20,irrigation,10,0.388255269466374
2015-02-21,irrigation,10,0.386153778883406
2015-02-22,irrigation,10,0.390555683188962
2015-02-23,irrigation,10,0.39738504514997
2015-02-24,irrigation,10,0.396632996008772
2015-02-25,irrigation,10,0.3937916890625
2015-02-26,irrigation,10,0.389001530364023
2015-02-27,irrigation,10,0.385188889654333
2015-02-28,irrigation,10,0.381624463384503
2015-03-01,irrigation,10,0.381255838561769
2015-03-02,irrigation,10,0.406979439774095
2015-03-03,irrigation,10,0.402389709469027
2015-03-04,irrigation,10,0.394865577291667
2015-03-05,irrigation,10,0.389396108486842
2015-03-06,irrigation,10,0.384465721631206
2015-03-07,irrigation,10,0.380622163804825
2015-03-08,irrigation,10,0.377112400774101
2015-03-09,irrigation,10,0.373533193317809
2015-03-10,irrigation,10,0.369947235582968
2015-03-11,irrigation,10,0.366463662497342
2015-03-12,irrigation,10,0.362924795972753
2015-03-13,irrigation,10,0.359715727064974
2015-03-14,irrigation,10,0.3568646355547
2015-03-15,irrigation,10,0.354089290284466
2015-03-16,irrigation,10,0.351006242267909
2015-03-17,irrigation,10,0.347410689274488
2015-03-18,irrigation,10,0.343649363194444
2015-03-19,irrigation,10,0.340053915588061
2015-03-20,irrigation,10,0.336526781819009
2015-03-21,irrigation,10,0.333469352817982
2015-03-22,irrigation,10,0.334754529887201
2015-03-23,irrigation,10,0.33621140910270497
2015-03-24,irrigation,10,0.333984998479532
2015-03-25,irrigation,10,0.330274745169917
2015-03-26,irrigation,10,0.327480635948465
2015-03-27,irrigation,10,0.324382674925151
2015-03-28,irrigation,10,0.320284242545347
2015-03-29,irrigation,10,0.316860001965845
2015-03-30,irrigation,10,0.381886461372442
2015-03-31,irrigation,10,0.406998054081708
2015-04-01,irrigation,10,0.389250907123538
2015-04-02,irrigation,10,0.377905330763889
2015-04-03,irrigation,10,0.372886972607744
2015-04-04,irrigation,10,0.369321742191155
2015-04-05,irrigation,10,0.364950686794474
2015-04-06,irrigation,10,0.359444543704313
2015-04-07,irrigation,10,0.354328558627559
2015-04-08,irrigation,10,0.349316604014985
2015-04-09,irrigation,10,0.344132696396121
2015-04-10,irrigation,10,0.338671928788572
2015-04-11,irrigation,10,0.333292524912281
2015-04-12,irrigation,10,0.32818177053675
2015-04-13,irrigation,10,0.322443904981725
2015-04-14,irrigation,10,0.316243789532164
2015-04-15,irrigation,10,0.309480832394959
2015-04-16,irrigation,10,0.302467092218567
2015-04-17,irrigation,10,0.297903629321536
2015-04-18,irrigation,10,0.294235463824927
2015-04-19,irrigation,10,0.288465220025585
2015-04-20,irrigation,10,0.281802504548611
2015-04-21,irrigation,10,0.274802975321637
2015-04-22,irrigation,10,0.267455015798611
2015-04-23,irrigation,10,0.260475401520468
2015-04-24,irrigation,10,0.253857636149488
2015-04-25,irrigation,10,0.248492650173611
2015-04-26,irrigation,10,0.249154204861111
2015-04-27,irrigation,10,0.247755498019006
2015-04-28,irrigation,10,0.243514942792398
2015-04-29,irrigation,10,0.239780033934576
2015-04-30,irrigation,10,0.235770398090278
2015-05-01,irrigation,10,0.285228849879858
2015-05-02,irrigation,10,0.388627693157895
2015-05-03,irrigation,10,0.408168459073465
2015-05-04,irrigation,10,0.405337351684942
2015-05-05,irrigation,10,0.390213927184584
2015-05-06,irrigation,10,0.381186928819444
2015-05-07,irrigation,10,0.370571886150383
2015-05-08,irrigation,10,0.3600550359375
2015-05-09,irrigation,10,0.351608355761517
2015-05-10,irrigation,10,0.342842050520833
2015-05-11,irrigation,10,0.33386644962902
2015-05-12,irrigation,10,0.324731031944444
2015-05-13,irrigation,10,0.337274823377193
2015-05-14,irrigation,10,0.339061916034357
2015-05-15,irrigation,10,0.363868633506944
2015-05-16,irrigation,10,0.394574318229167
2015-05-17,irrigation,10,0.380814080202851
2015-05-18,irrigation,10,0.3699308875
2015-05-19,irrigation,10,0.367019440540936
2015-05-20,irrigation,10,0.365170805378251
2015-05-21,irrigation,10,0.360446348489292
2015-05-22,irrigation,10,0.353969778859649
2015-05-23,irrigation,10,0.353751528697003
2015-05-24,irrigation,10,0.347704111787281
2015-05-25,irrigation,10,0.338886831988304
2015-05-26,irrigation,10,0.334136295100512
2015-05-27,irrigation,10,0.328939553830409
2015-05-28,irrigation,10,0.318609588550804
2015-05-29,irrigation,10,0.307885181771128
2015-05-30,irrigation,10,0.299155672743056
2015-05-31,irrigation,10,0.290896198688042
2015-06-01,irrigation,10,0.281480709201389
2015-06-02,irrigation,10,0.272441452430556
2015-06-03,irrigation,10,0.262149029166667
2015-06-04,irrigation,10,0.250915317258772
2015-06-05,irrigation,10,0.240462872395833
2015-06-06,irrigation,10,0.231332830910165
2015-06-07,irrigation,10,0.223972274826389
2015-06-08,irrigation,10,0.220401749628787
2015-06-09,irrigation,10,0.230506047770468
2015-06-10,irrigation,10,0.238602434027778
2015-06-11,irrigation,10,0.24184027681341
2015-06-12,irrigation,10,0.239057493832237
2015-06-13,irrigation,10,0.236956328900709
2015-06-14,irrigation,10,0.235038540971445
2015-06-15,irrigation,10,0.236352156142178
2015-06-16,irrigation,10,0.234445418020095
2015-06-17,irrigation,10,0.232024567953216
2015-06-18,irrigation,10,0.225956198784722
2015-06-19,irrigation,10,0.236624218126827
2015-06-20,irrigation,10,0.25002425934576
2015-06-21,irrigation,10,0.265057317708333
2015-06-22,irrigation,10,0.26760123072916697
2015-06-23,irrigation,10,0.266510414409722
2015-06-24,irrigation,10,0.285598618402778
2015-06-25,irrigation,10,0.279762260243056
2015-06-26,irrigation,10,0.271615009979898
2015-06-27,irrigation,10,0.264649057317251
2015-06-28,irrigation,10,0.262303080169956
2015-06-29,irrigation,10,0.258825338020833
2015-06-30,irrigation,10,0.251305432465278
2015-07-01,irrigation,10,0.243096802563962
2015-07-02,irrigation,10,0.236969347869152
2015-07-03,irrigation,10,0.231939419618056
2015-07-04,irrigation,10,0.227452069131944
2015-07-05,irrigation,10,0.21281394900402
2015-07-06,irrigation,10,0.199767662673611
2015-07-07,irrigation,10,0.189624693055556
2015-07-08,irrigation,10,0.184275232291667
2015-07-09,irrigation,10,0.182408221908245
2015-07-10,irrigation,10,0.199258314236111
2015-07-11,irrigation,10,0.188817602777778
2015-07-12,irrigation,10,0.179450381884137
2015-07-13,irrigation,10,0.182413352604167
2015-07-14,irrigation,10,0.181564206423611
2015-07-15,irrigation,10,0.177789306074561
2015-07-16,irrigation,10,0.175117581048977
2015-07-17,irrigation,10,0.173688861284722
2015-07-18,irrigation,10,0.173711642523757
2015-07-19,irrigation,10,0.180096031681287
2015-07-20,irrigation,10,0.18387770716557
2015-07-21,irrigation,10,0.180242856770833
2015-07-22,irrigation,10,0.176133056990132
2015-07-23,irrigation,10,0.178024413368056
2015-07-24,irrigation,10,0.179179228070175
2015-07-25,irrigation,10,0.219679450694444
2015-07-26,irrigation,10,0.240735654592471
2015-07-27,irrigation,10,0.289221429513889
2015-07-28,irrigation,10,0.295484294905554
2015-07-29,irrigation,10,0.285416086111111
2015-07-30,irrigation,10,0.284528535809576
2015-07-31,irrigation,10,0.274343127604167
2015-08-01,irrigation,10,0.275595732638889
2015-08-02,irrigation,10,0.320743652019371
2015-08-03,irrigation,10,0.313684085460526
2015-08-04,irrigation,10,0.296262748958333
2015-08-05,irrigation,10,0.279873173285819
2015-08-06,irrigation,10,0.263326197048611
2015-08-07,irrigation,10,0.243035648622076
2015-08-08,irrigation,10,0.226369055381944
2015-08-09,irrigation,10,0.220514166398026
2015-08-10,irrigation,10,0.323800550868056
2015-08-11,irrigation,10,0.328557670148026
2015-08-12,irrigation,10,0.318172027083333
2015-08-13,irrigation,10,0.303672036284722
2015-08-14,irrigation,10,0.325710488715278
2015-08-15,irrigation,10,0.376098235689467
2015-08-16,irrigation,10,0.385194643923611
2015-08-17,irrigation,10,0.361658667881944
2015-08-18,irrigation,10,0.34274571972405
2015-08-19,irrigation,10,0.336261036275585
2015-08-20,irrigation,10,0.324005377430556
2015-08-21,irrigation,10,0.30782987488758
2015-08-22,irrigation,10,0.287926973216374
2015-08-23,irrigation,10,0.271447794455527
2015-08-24,irrigation,10,0.2618206453125
2015-08-25,irrigation,10,0.253526252269648
2015-08-26,irrigation,10,0.24351095037037
2015-08-27,irrigation,10,0.232017053522625
2015-08-28,irrigation,10,0.221554422569444
2015-08-29,irrigation,10,0.215650286987838
2015-08-30,irrigation,10,0.211154552951389
2015-08-31,irrigation,10,0.207652697222222
2015-09-01,irrigation,10,0.208847178002558
2015-09-02,irrigation,10,0.237713221354167
2015-09-03,irrigation,10,0.237823943956506
2015-09-04,irrigation,10,0.234834013194444
2015-09-05,irrigation,10,0.235050963368056
2015-09-06,irrigation,10,0.237979397876462
2015-09-07,irrigation,10,0.231258266145833
2015-09-08,irrigation,10,0.224980429959795
2015-09-09,irrigation,10,0.219417223991228
2015-09-10,irrigation,10,0.221913917534722
2015-09-11,irrigation,10,0.231259724491959
2015-09-12,irrigation,10,0.242017977556652
2015-09-13,irrigation,10,0.244236314449927
2015-09-14,irrigation,10,0.286533823993056
2015-09-15,irrigation,10,0.295421784674202
2015-09-16,irrigation,10,0.292791717701023
2015-09-17,irrigation,10,0.288839803125
2015-09-18,irrigation,10,0.300324252256944
2015-09-19,irrigation,10,0.299456870833333
2015-09-20,irrigation,10,0.296953348784722
2015-09-21,irrigation,10,0.29271052536367
2015-09-22,irrigation,10,0.289182615191886
2015-09-23,irrigation,10,0.290397118402778
2015-09-24,irrigation,10,0.296543695659722
2015-09-25,irrigation,10,0.294351610416667
2015-09-26,irrigation,10,0.292360681597222
2015-09-27,irrigation,10,0.290720689756944
2015-09-28,irrigation,10,0.290377251834795
2015-09-29,irrigation,10,0.290716601460161
2015-09-30,irrigation,10,0.289189469422515
2015-10-01,irrigation,10,0.284953675398392
2015-10-02,irrigation,10,0.280635011979167
2015-10-03,irrigation,10,0.279652908333333
2015-10-04,irrigation,10,0.279412922569444
2015-10-05,irrigation,10,0.279816794618056
2015-10-06,irrigation,10,0.288108888070175
2015-10-07,irrigation,10,0.297338841739766
2015-10-08,irrigation,10,0.290387401297515
2015-10-09,irrigation,10,0.281894924479167
2015-10-10,irrigation,10,0.275644219027126
2015-10-12,irrigation,10,0.256987568098899
2015-10-13,irrigation,10,0.251442877951389
2015-10-14,irrigation,10,0.246983601968202
2015-10-15,irrigation,10,0.243235517708333
2015-10-16,irrigation,10,0.242154377430556
2015-10-17,irrigation,10,0.240624952777778
2015-10-18,irrigation,10,0.237437661723319
2015-10-19,irrigation,10,0.233316719444444
2015-10-20,irrigation,10,0.229320732986111
2015-10-21,irrigation,10,0.224087330034722
2015-10-22,irrigation,10,0.21848207815424
2015-10-23,irrigation,10,0.2139687109375
2015-10-24,irrigation,10,0.210130726388889
2015-10-25,irrigation,10,0.205849469270833
2015-10-26,irrigation,10,0.202244019618056
2015-10-27,irrigation,10,0.199328540277778
2015-10-28,irrigation,10,0.195612015451389
2015-10-29,irrigation,10,0.193910605902778
2015-10-30,irrigation,10,0.194505968055556
2015-10-31,irrigation,10,0.196273176388889
2015-11-01,irrigation,10,0.197419316898757
2015-11-02,irrigation,10,0.197245128819444
2015-11-03,irrigation,10,0.1959119921875
2015-11-04,irrigation,10,0.194896258159722
2015-11-05,irrigation,10,0.194441816215278
2015-11-06,irrigation,10,0.193613758506944
2015-11-07,irrigation,10,0.192622627777778
2015-11-08,irrigation,10,0.191648333506944
2015-11-09,irrigation,10,0.190578865972222
2015-11-10,irrigation,10,0.189666322395833
2015-11-11,irrigation,10,0.189177290601243
2015-11-12,irrigation,10,0.188583588569079
2015-11-13,irrigation,10,0.187971258605629
2015-11-14,irrigation,10,0.187522814236111
2015-11-15,irrigation,10,0.1867925234375
2015-11-16,irrigation,10,0.186129165277778
2015-11-17,irrigation,10,0.185603765310673
2015-11-18,irrigation,10,0.185027655729167
2015-11-19,irrigation,10,0.184780221527778
2015-11-20,irrigation,10,0.189368777430556
2015-11-21,irrigation,10,0.325952821180556
2015-11-22,irrigation,10,0.350791762383041
2015-11-23,irrigation,10,0.345326262854532
2015-11-24,irrigation,10,0.340903451664839
2015-11-25,irrigation,10,0.338856821419956
2015-11-26,irrigation,10,0.354119007986111
2015-11-27,irrigation,10,0.363354812412281
2015-11-28,irrigation,10,0.356553296875
2015-11-29,irrigation,10,0.353912618205409
2015-11-30,irrigation,10,0.351102129513889
2015-12-01,irrigation,10,0.347012010504386
2015-12-02,irrigation,10,0.343641568402778
2015-12-03,irrigation,10,0.340664340069444
2015-12-04,irrigation,10,0.337666572569444
2015-12-05,irrigation,10,0.334971251736111
2015-12-06,irrigation,10,0.333536548263889
2015-12-07,irrigation,10,0.332213949305556
2015-12-08,irrigation,10,0.330807165625
2015-12-09,irrigation,10,0.329300181472953
2015-12-10,irrigation,10,0.328434712947734
2015-12-11,irrigation,10,0.327426374179459
2015-12-12,irrigation,10,0.326332870138889
2015-12-13,irrigation,10,0.325356439409722
2015-12-14,irrigation,10,0.324570123090278
2015-12-15,irrigation,10,0.323715794965278
2015-12-16,irrigation,10,0.324435061979167
2015-12-17,irrigation,10,0.325822155332602
2015-12-18,irrigation,10,0.325404843923611
2015-12-19,irrigation,10,0.324066036805556
2015-12-20,irrigation,10,0.323318684197734
2015-12-21,irrigation,10,0.322053601215278
2015-12-22,irrigation,10,0.321065458636696
2015-12-23,irrigation,10,0.320078723784722
2015-12-24,irrigation,10,0.318974662152778
2015-12-25,irrigation,10,0.31779045447695
2015-12-26,irrigation,10,0.31657662462902
2015-12-27,irrigation,10,0.315270277145468
2015-12-28,irrigation,10,0.313852156944444
2015-12-29,irrigation,10,0.31257765418988
2015-12-30,irrigation,10,0.311646299214181
2015-12-31,irrigation,10,0.310518161637427
2016-01-01,irrigation,10,0.309436607986111
2016-01-02,irrigation,10,0.308841149826389
2016-01-03,irrigation,10,0.311412715853436
2016-01-04,irrigation,10,0.324760400347222
2016-01-05,irrigation,10,0.358017881840278
2016-01-06,irrigation,10,0.365139832291667
2016-01-07,irrigation,10,0.362205970288743
2016-01-08,irrigation,10,0.363022708413743
2016-01-09,irrigation,10,0.387094951909722
2016-01-10,irrigation,10,0.389546026624635
2016-01-11,irrigation,10,0.396566152213085
2016-01-12,irrigation,10,0.395873638093933
2016-01-13,irrigation,10,0.392478481770833
2016-01-14,irrigation,10,0.38268220973136
2016-01-15,irrigation,10,0.377098265277778
2016-01-16,irrigation,10,0.372742245486111
2016-01-17,irrigation,10,0.369157284201389
2016-01-18,irrigation,10,0.363971799512061
2016-01-19,irrigation,10,0.359543424203411
2016-01-20,irrigation,10,0.358725225520833
2016-01-21,irrigation,10,0.358451611677632
2016-01-22,irrigation,10,0.354975295146238
2016-01-23,irrigation,10,0.352856052430556
2016-01-24,irrigation,10,0.352635643921784
2016-01-25,irrigation,10,0.35341055407432
2016-01-26,irrigation,10,0.353613139976243
2016-01-27,irrigation,10,0.352657452951389
2016-01-28,irrigation,10,0.351123197288012
2016-01-29,irrigation,10,0.349624988541667
2016-01-30,irrigation,10,0.348537848207237
2016-01-31,irrigation,10,0.386550882960526
2016-02-01,irrigation,10,0.392505844965278
2016-02-02,irrigation,10,0.383327480208333
2016-02-03,irrigation,10,0.380790932986111
2016-02-04,irrigation,10,0.379694792534722
2016-02-05,irrigation,10,0.388602370670687
2016-02-06,irrigation,10,0.382050787152778
2016-02-07,irrigation,10,0.376742028766447
2016-02-08,irrigation,10,0.378218972390351
2016-02-09,irrigation,10,0.37785051154057
2016-02-10,irrigation,10,0.392121293402778
2016-02-11,irrigation,10,0.383322614236111
2016-02-12,irrigation,10,0.378333753150585
2016-02-13,irrigation,10,0.378832474977098
2016-02-14,irrigation,10,0.396378184201389
2016-02-15,irrigation,10,0.395812765277778
2016-02-16,irrigation,10,0.390746753024488
2016-02-17,irrigation,10,0.384393442958699
2016-02-18,irrigation,10,0.379975203797515
2016-02-19,irrigation,10,0.377920427494518
2016-02-20,irrigation,10,0.375240196701389
2016-02-21,irrigation,10,0.38725335293327
2016-02-22,irrigation,10,0.384029569270833
2016-02-23,irrigation,10,0.38015119375
2016-02-24,irrigation,10,0.380745325005482
2016-02-25,irrigation,10,0.385289950532367
2016-02-26,irrigation,10,0.380844345762755
2016-02-27,irrigation,10,0.374978272743056
2016-02-28,irrigation,10,0.377167558676901
2016-02-29,irrigation,10,0.378235170175439
2016-03-01,irrigation,10,0.372477658304094
2016-03-02,irrigation,10,0.367316261737939
2016-03-03,irrigation,10,0.368176308333333
2016-03-04,irrigation,10,0.36666236154788
2016-03-05,irrigation,10,0.368620334375
2016-03-06,irrigation,10,0.375479013982091
2016-03-07,irrigation,10,0.368943543964244
2016-03-08,irrigation,10,0.363762412152778
2016-03-09,irrigation,10,0.359579572028509
2016-03-10,irrigation,10,0.355868684722222
2016-03-11,irrigation,10,0.352344146217105
2016-03-12,irrigation,10,0.349117299201389
2016-03-13,irrigation,10,0.345614233707968
2016-03-14,irrigation,10,0.341979189572368
2016-03-15,irrigation,10,0.338871326822003
2016-03-16,irrigation,10,0.335656178645833
2016-03-17,irrigation,10,0.331503343576389
2016-03-18,irrigation,10,0.327366389756944
2016-03-19,irrigation,10,0.323196495513523
2016-03-20,irrigation,10,0.318661764340278
2016-03-21,irrigation,10,0.31394289186038
2016-03-22,irrigation,10,0.309388953102599
2016-03-23,irrigation,10,0.304683164409722
2016-03-24,irrigation,10,0.29971277973552
2016-03-25,irrigation,10,0.295234606479019
2016-03-26,irrigation,10,0.291313716938962
2016-03-27,irrigation,10,0.28451609498538
2016-03-28,irrigation,10,0.280682272468933
2016-03-29,irrigation,10,0.274131627171053
2016-03-30,irrigation,10,0.267685658506944
2016-03-31,irrigation,10,0.260102803435361
2016-04-01,irrigation,10,0.252533050135234
2016-04-02,irrigation,10,0.24583214965826
2016-04-03,irrigation,10,0.238937167604905
2016-04-04,irrigation,10,0.232772661906067
2016-04-05,irrigation,10,0.227728823611111
2016-04-06,irrigation,10,0.225976662847222
2016-04-07,irrigation,10,0.227455568453947
2016-04-08,irrigation,10,0.2287730334123
2016-04-09,irrigation,10,0.249959080096857
2016-04-10,irrigation,10,0.271474255381944
2016-04-11,irrigation,10,0.270008689930556
2016-04-12,irrigation,10,0.263054836458333
2016-04-13,irrigation,10,0.255495803819444
2016-04-14,irrigation,10,0.250495400614035
2016-04-15,irrigation,10,0.245447985168129
2016-04-16,irrigation,10,0.241452245962618
2016-04-17,irrigation,10,0.236889135416667
2016-04-18,irrigation,10,0.23613738372076
2016-04-19,irrigation,10,0.233736871239035
2016-04-20,irrigation,10,0.228669602657164
2016-04-21,irrigation,10,0.223606793402778
2016-04-22,irrigation,10,0.21921374066886
2016-04-23,irrigation,10,0.229906786379751
2016-04-24,irrigation,10,0.247058119270833
2016-04-25,irrigation,10,0.247203832291667
2016-04-26,irrigation,10,0.243128726465915
2016-04-27,irrigation,10,0.237400695659722
2016-04-28,irrigation,10,0.23230014778326
2016-04-29,irrigation,10,0.227013281423611
2016-04-30,irrigation,10,0.221409672138158
2016-05-01,irrigation,10,0.217596921732043
2016-05-02,irrigation,10,0.217410230222953
2016-05-03,irrigation,10,0.216319728917934
2016-05-04,irrigation,10,0.214648237357456
2016-05-05,irrigation,10,0.211398074482822
2016-05-06,irrigation,10,0.207538854387792
2016-05-07,irrigation,10,0.203268744270833
2016-05-08,irrigation,10,0.199438870818713
2016-05-09,irrigation,10,0.195863121902412
2016-05-10,irrigation,10,0.191963310416667
2016-05-11,irrigation,10,0.18815173659174
2016-05-12,irrigation,10,0.186700506083699
2016-05-13,irrigation,10,0.263544313684211
2016-05-14,irrigation,10,0.311983069444444
2016-05-15,irrigation,10,0.30688893754386
2016-05-16,irrigation,10,0.294125781884137
2016-05-17,irrigation,10,0.278076552436156
2016-05-18,irrigation,10,0.260144004372667
2016-05-19,irrigation,10,0.245527974994518
2016-05-20,irrigation,10,0.235646674305556
2016-05-21,irrigation,10,0.223937211631944
2016-05-22,irrigation,10,0.212419563963816
2016-05-23,irrigation,10,0.236435164315439
2016-05-24,irrigation,10,0.287431336439592
2016-05-25,irrigation,10,0.293946396701389
2016-05-26,irrigation,10,0.283883533333333
2016-05-27,irrigation,10,0.266813255555556
2016-05-28,irrigation,10,0.245194282788782
2016-05-29,irrigation,10,0.258840907531262
2016-05-30,irrigation,10,0.320113390146199
2016-05-31,irrigation,10,0.330408408092105
2016-06-01,irrigation,10,0.325963898322368
2016-06-02,irrigation,10,0.326244955341312
2016-06-03,irrigation,10,0.333249732461623
2016-06-04,irrigation,10,0.336754905182749
2016-06-05,irrigation,10,0.328598865292553
2016-06-06,irrigation,10,0.316813898444888
2016-06-07,irrigation,10,0.305330987942251
2016-06-08,irrigation,10,0.297158689320175
2016-06-09,irrigation,10,0.299404259181287
2016-06-10,irrigation,10,0.295459090838112
2016-06-11,irrigation,10,0.294452739672414
2016-06-12,irrigation,10,0.301767245854448
2016-06-13,irrigation,10,0.304341198206393
2016-06-14,irrigation,10,0.3105331159375
2016-06-15,irrigation,10,0.298070189523026
2016-06-16,irrigation,10,0.286760959164657
2016-06-17,irrigation,10,0.310353839534954
2016-06-18,irrigation,10,0.307614437423246
2016-06-19,irrigation,10,0.303542169541976
2016-06-20,irrigation,10,0.296463761583428
2016-06-21,irrigation,10,0.290429509847813
2016-06-22,irrigation,10,0.288505129255913
2016-06-23,irrigation,10,0.271542368282977
2016-06-24,irrigation,10,0.257546718733178
2016-06-25,irrigation,10,0.254903896378247
2016-06-26,irrigation,10,0.284207450930946
2016-06-27,irrigation,10,0.282014607785088
2016-06-28,irrigation,10,0.270859828098365
2016-06-29,irrigation,10,0.256018791779971
2016-06-30,irrigation,10,0.250348907141813
2016-07-01,irrigation,10,0.249508218629386
2016-07-02,irrigation,10,0.244138697779487
2016-07-03,irrigation,10,0.24361608852518
2016-07-04,irrigation,10,0.235093038715278
2016-07-05,irrigation,10,0.225232099903143
2016-07-06,irrigation,10,0.216772082498114
2016-07-07,irrigation,10,0.207541188286216
2016-07-08,irrigation,10,0.199721116689312
2016-07-09,irrigation,10,0.193635959213637
2016-07-10,irrigation,10,0.189032627629674
2016-07-11,irrigation,10,0.185534794778874
2016-07-12,irrigation,10,0.224772241785453
2016-07-13,irrigation,10,0.272572358545322
2016-07-14,irrigation,10,0.279972002604167
2016-07-15,irrigation,10,0.284103218687865
2016-07-16,irrigation,10,0.286842324610746
2016-07-17,irrigation,10,0.28007014611881
2016-07-18,irrigation,10,0.264990065438596
2016-07-19,irrigation,10,0.247968849926128
2016-07-20,irrigation,10,0.230982783042445
2016-07-21,irrigation,10,0.216412182269732
2016-07-22,irrigation,10,0.213455094981725
2016-07-23,irrigation,10,0.229094430136245
2016-07-24,irrigation,10,0.228396763028104
2016-07-25,irrigation,10,0.221331237267171
2016-07-26,irrigation,10,0.212965767347424
2016-07-27,irrigation,10,0.20388502404057
2016-07-28,irrigation,10,0.198311734297429
2016-07-29,irrigation,10,0.193418691518817
2016-07-30,irrigation,10,0.189530191127986
2016-07-31,irrigation,10,0.19297145656981
2016-08-01,irrigation,10,0.208724764479167
2016-08-02,irrigation,10,0.207292229854433
2016-08-03,irrigation,10,0.20393094957233
2016-08-04,irrigation,10,0.196425417898
2016-08-05,irrigation,10,0.212312198274245
2016-08-06,irrigation,10,0.216460527894796
2016-08-07,irrigation,10,0.214340470780336
2016-08-08,irrigation,10,0.210298808641943
2016-08-09,irrigation,10,0.20617890988864
2016-08-10,irrigation,10,0.230416331451672
2016-08-11,irrigation,10,0.233812930238701
2016-08-12,irrigation,10,0.241626866930874
2016-08-13,irrigation,10,0.23207841162496
2016-08-14,irrigation,10,0.217212284595016
2016-08-15,irrigation,10,0.20085289612067
2016-08-16,irrigation,10,0.188711632453154
2016-08-17,irrigation,10,0.182555694999118
2016-08-18,irrigation,10,0.181974891797935
2016-08-19,irrigation,10,0.194465418342471
2016-08-20,irrigation,10,0.198580363289474
2016-08-21,irrigation,10,0.201948854166667
2016-08-22,irrigation,10,0.20017571284681
2016-08-23,irrigation,10,0.197867410229641
2016-08-24,irrigation,10,0.19574230429968
2016-08-25,irrigation,10,0.191788580799399
2016-08-26,irrigation,10,0.189695778477643
2016-08-27,irrigation,10,0.188806242361111
2016-08-28,irrigation,10,0.192381413386748
2016-08-29,irrigation,10,0.191964800539108
2016-08-30,irrigation,10,0.191698424555685
2016-08-31,irrigation,10,0.200910410328476
2016-09-01,irrigation,10,0.199775188851074
2016-09-02,irrigation,10,0.197251185782844
2016-09-03,irrigation,10,0.19993072377175
2016-09-04,irrigation,10,0.207613338043318
2016-09-05,irrigation,10,0.254359640394737
2016-09-06,irrigation,10,0.269747226364082
2016-09-07,irrigation,10,0.256884935557748
2016-09-08,irrigation,10,0.236518245428231
2016-09-09,irrigation,10,0.216212163250567
2016-09-10,irrigation,10,0.201870645909406
2016-09-11,irrigation,10,0.19151087454309
2016-09-12,irrigation,10,0.183199400905437
2016-09-13,irrigation,10,0.176393433276837
2016-09-14,irrigation,10,0.170835171701919
2016-09-15,irrigation,10,0.166866252644371
2016-09-16,irrigation,10,0.16478298861325
2016-09-17,irrigation,10,0.164645430953325
2016-09-18,irrigation,10,0.164886245240182
2016-09-19,irrigation,10,0.164198959118452
2016-09-20,irrigation,10,0.162682043260234
2016-09-21,irrigation,10,0.161172962088816
2016-09-22,irrigation,10,0.161276168130871
2016-09-23,irrigation,10,0.160050424819079
2016-09-24,irrigation,10,0.158677366542398
2016-09-25,irrigation,10,0.157420554586988
2016-09-26,irrigation,10,0.156073346468479
2016-09-27,irrigation,10,0.156079118802997
2016-09-28,irrigation,10,0.157634550921376
2016-10-07,irrigation,10,0.311218339964318
2016-10-08,irrigation,10,0.303743540857823
2016-10-09,irrigation,10,0.293371353619082
2016-10-10,irrigation,10,0.28407416454346
2016-10-11,irrigation,10,0.273771343060455
2016-10-12,irrigation,10,0.263501450258771
2016-10-13,irrigation,10,0.253418991663526
2016-10-14,irrigation,10,0.251887904646175
2016-10-15,irrigation,10,0.259395356406386
2016-10-16,irrigation,10,0.255198000361998
2016-10-17,irrigation,10,0.250923256560017
2016-10-18,irrigation,10,0.248267148358812
2016-10-19,irrigation,10,0.245598252240815
2016-10-20,irrigation,10,0.240595013373617
2016-10-21,irrigation,10,0.235247263976738
2016-10-22,irrigation,10,0.230385122439307
2016-10-23,irrigation,10,0.225735324711879
2016-10-24,irrigation,10,0.219207316879739
2016-10-25,irrigation,10,0.216590604208053
2016-10-26,irrigation,10,0.245466335361583
2016-10-27,irrigation,10,0.292071088876879
2016-10-28,irrigation,10,0.304345803385282
2016-10-29,irrigation,10,0.300499735513718
2016-10-30,irrigation,10,0.296050405612302
2016-10-31,irrigation,10,0.292162363279275
2016-11-01,irrigation,10,0.288194052231437
2016-11-02,irrigation,10,0.283654571534869
2016-11-03,irrigation,10,0.279081425133551
2016-11-04,irrigation,10,0.275500723152075
2016-11-05,irrigation,10,0.270419567838289
2016-11-06,irrigation,10,0.292622083717113
2016-11-07,irrigation,10,0.30574333358323
2016-11-08,irrigation,10,0.307310205524731
2016-11-09,irrigation,10,0.306441168425444
2016-11-10,irrigation,10,0.322906814265351
2016-11-11,irrigation,10,0.368036688355057
2016-11-12,irrigation,10,0.364326557206866
2016-11-13,irrigation,10,0.356110042764377
2016-11-14,irrigation,10,0.363510001529121
2016-11-15,irrigation,10,0.360763674153823
2016-11-16,irrigation,10,0.354258715669862
2016-11-17,irrigation,10,0.348861268398427
2016-11-18,irrigation,10,0.344575800127275
2016-11-19,irrigation,10,0.356069918663824
2016-11-20,irrigation,10,0.360279779375007
2016-11-21,irrigation,10,0.350400665638169
2016-11-22,irrigation,10,0.340854966333753
2016-11-23,irrigation,10,0.333353927982301
2016-11-24,irrigation,10,0.326951217127057
2016-11-25,irrigation,10,0.322278449096604
2016-11-26,irrigation,10,0.320054634526286
2016-11-27,irrigation,10,0.318791602427171
2016-11-28,irrigation,10,0.317882567292672
2016-11-29,irrigation,10,0.31706295760018
2016-11-30,irrigation,10,0.316468397570703
2016-12-01,irrigation,10,0.315874082047456
2016-12-02,irrigation,10,0.315193361297812
2016-12-03,irrigation,10,0.314559380522339
2016-12-04,irrigation,10,0.313941050517441
2016-12-05,irrigation,10,0.313410743388594
2016-12-06,irrigation,10,0.312834762901845
2016-12-07,irrigation,10,0.312305727261314
2016-12-08,irrigation,10,0.311738982937226
2016-12-09,irrigation,10,0.311228364188597
2016-12-10,irrigation,10,0.310819679098163
2016-12-11,irrigation,10,0.310493891902986
2016-12-12,irrigation,10,0.310154160015429
2016-12-13,irrigation,10,0.309759844826358
2016-12-14,irrigation,10,0.309367260871402
2016-12-15,irrigation,10,0.309010246757843
2016-12-16,irrigation,10,0.308580794655794
2016-12-17,irrigation,10,0.30820155898617
2016-12-18,irrigation,10,0.307702357396183
2016-12-19,irrigation,10,0.306946852774866
2016-12-20,irrigation,10,0.305876792912919
2016-12-21,irrigation,10,0.305664081457351
2016-12-22,irrigation,10,0.30549033630232
2016-12-23,irrigation,10,0.305252414060203
2016-12-24,irrigation,10,0.304937136689868
2016-12-25,irrigation,10,0.304280778514509
2016-12-26,irrigation,10,0.303904422719226
2016-12-27,irrigation,10,0.303595169510918
2016-12-28,irrigation,10,0.303358104110644
2016-12-29,irrigation,10,0.30298095378724
2016-12-30,irrigation,10,0.30266371833784
2016-12-31,irrigation,10,0.302196950586347
2017-01-01,irrigation,10,0.301650595328361
2017-01-02,irrigation,10,0.301011570141211
2017-01-03,irrigation,10,0.300301158273568
2017-01-04,irrigation,10,0.300049153372957
2017-01-05,irrigation,10,0.299702161072151
2017-01-06,irrigation,10,0.299790141344032
2017-01-07,irrigation,10,0.299535208758481
2017-01-08,irrigation,10,0.298582775163322
2017-01-09,irrigation,10,0.298310882344876
2017-01-10,irrigation,10,0.298251903802348
2017-01-11,irrigation,10,0.298066255563948
2017-01-12,irrigation,10,0.29829386654086
2017-01-13,irrigation,10,0.33637876586559
2017-01-14,irrigation,10,0.350736937214806
2017-01-15,irrigation,10,0.347768741228252
2017-01-16,irrigation,10,0.34324890669287
2017-01-17,irrigation,10,0.33790889970109
2017-01-18,irrigation,10,0.333141610449547
2017-01-19,irrigation,10,0.327993148177631
2017-01-20,irrigation,10,0.321543944201083
2017-01-21,irrigation,10,0.315613307645908
2017-01-22,irrigation,10,0.311880767432147
2017-01-23,irrigation,10,0.312830473016244
2017-01-24,irrigation,10,0.311190469951514
2017-01-25,irrigation,10,0.306421857847176
2017-01-26,irrigation,10,0.290589779715154
2017-01-27,irrigation,10,0.292015632973124
2017-01-28,irrigation,10,0.308913715572003
2017-01-29,irrigation,10,0.320438072330517
2017-01-30,irrigation,10,0.32753295781574
2017-01-31,irrigation,10,0.345612564380366
2017-02-01,irrigation,10,0.372575916892096
2017-02-02,irrigation,10,0.371524695798589
2017-02-03,irrigation,10,0.367016366163567
2017-02-04,irrigation,10,0.365158843982091
2017-02-05,irrigation,10,0.367356933207756
2017-02-06,irrigation,10,0.373644205215709
2017-02-07,irrigation,10,0.377017570487939
2017-02-08,irrigation,10,0.380605315564693
2017-02-09,irrigation,10,0.380527061461172
2017-02-10,irrigation,10,0.374879998576389
2017-02-11,irrigation,10,0.369180046458331
2017-02-12,irrigation,10,0.36423868730776
2017-02-13,irrigation,10,0.359210557731791
2017-02-14,irrigation,10,0.354183467282957
2017-02-15,irrigation,10,0.349707458530886
2017-02-16,irrigation,10,0.345985847097078
2017-02-17,irrigation,10,0.342832327892256
2017-02-18,irrigation,10,0.340218052293622
2017-02-19,irrigation,10,0.337791214082714
2017-02-20,irrigation,10,0.335692482424838
2017-02-21,irrigation,10,0.333513222112564
2017-02-22,irrigation,10,0.331178335106109
2017-02-23,irrigation,10,0.32806928118914
2017-02-24,irrigation,10,0.324893516166365
2017-02-25,irrigation,10,0.322134846713873
2017-02-26,irrigation,10,0.319334122161206
2017-02-27,irrigation,10,0.316031789189857
2017-02-28,irrigation,10,0.320061266301226
2017-03-01,irrigation,10,0.340312137279325
2017-03-02,irrigation,10,0.382892841028331
2017-03-03,irrigation,10,0.376176218332595
2017-03-04,irrigation,10,0.368507769301933
2017-03-05,irrigation,10,0.36910812700772
2017-03-06,irrigation,10,0.392142660417501
2017-03-07,irrigation,10,0.396747839700688
2017-03-08,irrigation,10,0.383301902437943
2017-03-09,irrigation,10,0.391154936091514
2017-03-10,irrigation,10,0.385776329702364
2017-03-11,irrigation,10,0.373479712397933
2017-03-12,irrigation,10,0.363659630888398
2017-03-13,irrigation,10,0.355326352210394
2017-03-14,irrigation,10,0.348006711751969
2017-03-15,irrigation,10,0.341544157319244
2017-03-16,irrigation,10,0.33540760335274
2017-03-17,irrigation,10,0.329408350179897
2017-03-18,irrigation,10,0.326173335700448
2017-03-19,irrigation,10,0.337456458068231
2017-03-20,irrigation,10,0.333449407486075
2017-03-21,irrigation,10,0.327475426509857
2017-03-22,irrigation,10,0.322121582493723
2017-03-23,irrigation,10,0.319224373798876
2017-03-24,irrigation,10,0.312199670778625
2017-03-25,irrigation,10,0.303350619835526
2017-03-26,irrigation,10,0.298642218631797
2017-03-27,irrigation,10,0.296688487283161
2017-03-28,irrigation,10,0.290493336243913
2017-03-29,irrigation,10,0.282920797887675
2017-03-30,irrigation,10,0.274256320933385
2017-03-31,irrigation,10,0.264601638411639
2017-04-01,irrigation,10,0.255066470093834
2017-04-02,irrigation,10,0.248393353802044
2017-04-03,irrigation,10,0.242569457723008
2017-04-04,irrigation,10,0.236295852666768
2017-04-05,irrigation,10,0.230294838099097
2017-04-06,irrigation,10,0.224115843182713
2017-04-07,irrigation,10,0.219126363976899
2017-04-08,irrigation,10,0.214206550338045
2017-04-09,irrigation,10,0.209418519769919
2017-04-10,irrigation,10,0.205085056329604
2017-04-11,irrigation,10,0.201651420467396
2017-04-12,irrigation,10,0.198581901420671
2017-04-13,irrigation,10,0.195817238519711
2017-04-14,irrigation,10,0.193530761277412
2017-04-15,irrigation,10,0.191936961827397
2017-04-16,irrigation,10,0.191044361302997
2017-04-17,irrigation,10,0.189930033130133
2017-04-18,irrigation,10,0.188733447120924
2017-04-19,irrigation,10,0.188248879090586
2017-04-20,irrigation,10,0.188157725690751
2017-04-21,irrigation,10,0.187589327077501
2017-04-22,irrigation,10,0.186033780950451
2017-04-23,irrigation,10,0.183983224391686
2017-04-24,irrigation,10,0.182316197242112
2017-04-25,irrigation,10,0.180848409491158
2017-04-26,irrigation,10,0.182043856605277
2017-04-27,irrigation,10,0.187372073034978
2017-04-28,irrigation,10,0.191197993296753
2017-04-29,irrigation,10,0.193390513815012
2017-04-30,irrigation,10,0.192398820899004
2017-05-01,irrigation,10,0.207459696775188
2017-05-02,irrigation,10,0.22500213357571
2017-05-03,irrigation,10,0.223936464695931
2017-05-04,irrigation,10,0.219117980221935
2017-05-05,irrigation,10,0.213277110588414
2017-05-06,irrigation,10,0.205415981413354
2017-05-07,irrigation,10,0.202296131061877
2017-05-08,irrigation,10,0.199866295008379
2017-05-09,irrigation,10,0.198198540572026
2017-05-10,irrigation,10,0.194859618836817
2017-05-11,irrigation,10,0.190373769930483
2017-05-12,irrigation,10,0.186446384189799
2017-05-13,irrigation,10,0.183947396442763
2017-05-14,irrigation,10,0.183259774064277
2017-05-15,irrigation,10,0.180773675196719
2017-05-16,irrigation,10,0.178178095013876
2017-05-17,irrigation,10,0.175663355545045
2017-05-18,irrigation,10,0.173738336210398
2017-05-19,irrigation,10,0.177592785143779
2017-05-20,irrigation,10,0.192167544208348
2017-05-21,irrigation,10,0.188969539015271
2017-05-22,irrigation,10,0.182798655487298
2017-05-23,irrigation,10,0.177787888662284
2017-05-24,irrigation,10,0.17424987041576
2017-05-25,irrigation,10,0.170643162799097
2017-05-26,irrigation,10,0.167859006543272
2017-05-27,irrigation,10,0.165110623577754
2017-05-28,irrigation,10,0.162640488785008
2017-05-29,irrigation,10,0.161481303873141
2017-05-30,irrigation,10,0.170569554475232
2017-05-31,irrigation,10,0.167316380550981
2017-06-01,irrigation,10,0.175230790772896
2017-06-02,irrigation,10,0.185956981967451
2017-06-03,irrigation,10,0.187493248943425
2017-06-04,irrigation,10,0.207311370511873
2017-06-05,irrigation,10,0.221644096825421
2017-06-06,irrigation,10,0.239101904094746
2017-06-07,irrigation,10,0.244047911107512
2017-06-08,irrigation,10,0.242129959348645
2017-06-09,irrigation,10,0.237223176998748
2017-06-10,irrigation,10,0.231370664934996
2017-06-11,irrigation,10,0.223026196793372
2017-06-12,irrigation,10,0.214221566775937
2017-06-13,irrigation,10,0.207134459439664
2017-06-14,irrigation,10,0.205838984656509
2017-06-15,irrigation,10,0.237278071286368
2017-06-16,irrigation,10,0.238701684644918
2017-06-17,irrigation,10,0.238669922345614
2017-06-18,irrigation,10,0.2341523779769
2017-06-19,irrigation,10,0.226017729843589
2017-06-20,irrigation,10,0.216210127198854
2017-06-21,irrigation,10,0.204619969492368
2017-06-22,irrigation,10,0.198825429789852
2017-06-23,irrigation,10,0.18913956642152
2017-06-24,irrigation,10,0.179647385613944
2017-06-25,irrigation,10,0.177375628655423
2017-06-26,irrigation,10,0.184297951482178
2017-06-27,irrigation,10,0.203752101059517
2017-06-28,irrigation,10,0.207702157204615
2017-06-29,irrigation,10,0.210970085276981
2017-06-30,irrigation,10,0.215636415636352
2017-07-01,irrigation,10,0.215974131547999
2017-07-02,irrigation,10,0.221336679567887
2017-07-03,irrigation,10,0.222121481401112
2017-07-04,irrigation,10,0.21381764031058
2017-07-05,irrigation,10,0.202315928141288
2017-07-06,irrigation,10,0.189409284388773
2017-07-07,irrigation,10,0.180359085671246
2017-07-08,irrigation,10,0.173843502114761
2017-07-09,irrigation,10,0.171742219000208
2017-07-10,irrigation,10,0.200529881501817
2017-07-11,irrigation,10,0.258946345503595
2017-07-12,irrigation,10,0.264214724878542
2017-07-13,irrigation,10,0.267052049997223
2017-07-14,irrigation,10,0.269157592518298
2017-07-15,irrigation,10,0.267915695823359
2017-07-16,irrigation,10,0.255789299101087
2017-07-17,irrigation,10,0.242794335760304
2017-07-18,irrigation,10,0.229474324583548
2017-07-19,irrigation,10,0.224001924586319
2017-07-20,irrigation,10,0.233948092042357
2017-07-21,irrigation,10,0.228947277236404
2017-07-22,irrigation,10,0.246100897538042
2017-07-23,irrigation,10,0.256876675287887
2017-07-24,irrigation,10,0.262615458170575
2017-07-25,irrigation,10,0.276949818761721
2017-07-26,irrigation,10,0.304707046475335
2017-07-27,irrigation,10,0.299775414383211
2017-07-28,irrigation,10,0.29127488721881
2017-07-29,irrigation,10,0.286481385147349
2017-07-30,irrigation,10,0.277322681159314
2017-07-31,irrigation,10,0.283382375282167
2017-08-01,irrigation,10,0.286028600324667
2017-08-02,irrigation,10,0.302143607241021
2017-08-03,irrigation,10,0.297501597844112
2017-08-04,irrigation,10,0.290919892925877
2017-08-05,irrigation,10,0.28554404777037
2017-08-06,irrigation,10,0.283920580044133
2017-08-07,irrigation,10,0.277000181102726
2017-08-08,irrigation,10,0.304024978098742
2017-08-09,irrigation,10,0.357158672626252
2017-08-10,irrigation,10,0.366831202667888
2017-08-11,irrigation,10,0.383998891261513
2017-08-12,irrigation,10,0.363698727632798
2017-08-13,irrigation,10,0.341154167356624
2017-08-14,irrigation,10,0.322161881599188
2017-08-15,irrigation,10,0.30249780587982
2017-08-16,irrigation,10,0.299346395124471
2017-08-17,irrigation,10,0.294469095309989
2017-08-18,irrigation,10,0.28893504860582
2017-08-19,irrigation,10,0.317427645398856
2017-08-20,irrigation,10,0.314507519069448
2017-08-21,irrigation,10,0.306107200245856
2017-08-22,irrigation,10,0.299137935232619
2017-08-23,irrigation,10,0.293703455674031
2017-08-24,irrigation,10,0.288498440108898
2017-08-25,irrigation,10,0.28604647774892
2017-08-26,irrigation,10,0.281576832956056
2017-08-27,irrigation,10,0.276712876370087
2017-08-28,irrigation,10,0.275878218098689
2017-08-29,irrigation,10,0.262665254358665
2017-08-30,irrigation,10,0.249401727308324
2017-08-31,irrigation,10,0.241803980788519
2017-09-01,irrigation,10,0.258610041266988
2017-09-02,irrigation,10,0.273483615902304
2017-09-03,irrigation,10,0.282353420759509
2017-09-04,irrigation,10,0.281706614648138
2017-09-05,irrigation,10,0.279798594524993
2017-09-06,irrigation,10,0.277034340475847
2017-09-07,irrigation,10,0.277188802004691
2017-09-08,irrigation,10,0.276101632517258
2017-09-09,irrigation,10,0.28137193335189
2017-09-10,irrigation,10,0.284088982699235
2017-09-11,irrigation,10,0.284338895898154
2017-09-12,irrigation,10,0.283271103882829
2017-09-13,irrigation,10,0.282692899313471
2017-09-14,irrigation,10,0.285880110054727
2017-09-15,irrigation,10,0.288873972791265
2017-09-16,irrigation,10,0.287879638094426
2017-09-17,irrigation,10,0.287802622144482
2017-09-18,irrigation,10,0.289503044208159
2017-09-19,irrigation,10,0.28832825298978
2017-09-20,irrigation,10,0.295008784868969
2017-09-21,irrigation,10,0.294458597391267
2017-09-22,irrigation,10,0.290127486780905
2017-09-23,irrigation,10,0.287666025813188
2017-09-24,irrigation,10,0.286600518846709
2017-09-25,irrigation,10,0.286625577194738
2017-09-26,irrigation,10,0.286571884580165
2017-09-27,irrigation,10,0.28653168781366
2017-09-28,irrigation,10,0.285280533092883
2017-09-29,irrigation,10,0.284728826365074
2017-09-30,irrigation,10,0.282832938963555
2017-10-01,irrigation,10,0.28500780692605
2017-10-02,irrigation,10,0.287388979811083
2017-10-03,irrigation,10,0.292826247722527
2017-10-04,irrigation,10,0.299029957664035
2017-10-05,irrigation,10,0.299288342290385
2017-10-06,irrigation,10,0.296538324940772
2017-10-07,irrigation,10,0.303000525579185
2017-10-08,irrigation,10,0.304534001699066
2017-10-09,irrigation,10,0.303276883902262
2017-10-10,irrigation,10,0.300517273730178
2017-10-11,irrigation,10,0.291982761203661
2017-10-12,irrigation,10,0.283345094512043
2017-10-13,irrigation,10,0.2754871182218
2017-10-14,irrigation,10,0.268345820650147
2017-10-15,irrigation,10,0.261449722697272
2017-10-16,irrigation,10,0.254461568301841
2017-10-17,irrigation,10,0.247322746973062
2017-10-18,irrigation,10,0.239881923648138
2017-10-19,irrigation,10,0.23268677545955
2017-10-20,irrigation,10,0.226050668995761
2017-10-21,irrigation,10,0.220196619615208
2017-10-22,irrigation,10,0.216019571716249
2017-10-23,irrigation,10,0.21422356702166
2017-10-24,irrigation,10,0.212412880345397
2017-10-25,irrigation,10,0.209140102454838
2017-10-26,irrigation,10,0.205251615866562
2017-10-27,irrigation,10,0.20232062021893
2017-10-28,irrigation,10,0.200879281889508
2017-10-29,irrigation,10,0.199903428770411
2017-10-30,irrigation,10,0.199176339397085
2017-10-31,irrigation,10,0.198731531137008
2017-11-01,irrigation,10,0.197977315269122
2017-11-02,irrigation,10,0.196604374333445
2017-11-03,irrigation,10,0.195395575908214
2017-11-04,irrigation,10,0.193728370341717
2017-11-05,irrigation,10,0.203364652144666
2017-11-06,irrigation,10,0.217133405785782
2017-11-07,irrigation,10,0.217455846809977
2017-11-08,irrigation,10,0.21634974931414
2017-11-09,irrigation,10,0.216245282022583
2017-11-10,irrigation,10,0.215931227975542
2017-11-11,irrigation,10,0.215179508209213
2017-11-12,irrigation,10,0.24089027163857
2017-11-13,irrigation,10,0.281734798632164
2017-11-14,irrigation,10,0.294890197753907
2017-11-15,irrigation,10,0.296015867404206
2017-11-16,irrigation,10,0.296289124423691
2017-11-17,irrigation,10,0.296316848806701
2017-11-18,irrigation,10,0.296276344747206
2017-11-19,irrigation,10,0.29570121818182
2017-11-20,irrigation,10,0.29575185389421
2017-11-21,irrigation,10,0.295439311106187
2017-11-22,irrigation,10,0.294229385156304
2017-11-23,irrigation,10,0.292151118830643
2017-11-24,irrigation,10,0.289590057037908
2017-11-25,irrigation,10,0.288642008272879
2017-11-26,irrigation,10,0.293984121346254
2017-11-27,irrigation,10,0.294955236936972
2017-11-28,irrigation,10,0.295003283350282
2017-11-29,irrigation,10,0.294216586665114
2017-11-30,irrigation,10,0.294857876372299
2017-12-01,irrigation,10,0.295387709971619
2017-12-02,irrigation,10,0.29547863210925
2017-12-03,irrigation,10,0.295341429151613
2017-12-04,irrigation,10,0.295122798870452
2017-12-05,irrigation,10,0.29468252254753
2017-12-06,irrigation,10,0.294123237063596
2017-12-07,irrigation,10,0.293547193737949
2017-12-08,irrigation,10,0.296884698157902
2017-12-09,irrigation,10,0.312883302548171
2017-12-10,irrigation,10,0.318997784177655
2017-12-11,irrigation,10,0.327244928373513
2017-12-12,irrigation,10,0.365980974733496
2017-12-13,irrigation,10,0.371454398614366
2017-12-14,irrigation,10,0.370803902029057
2017-12-15,irrigation,10,0.381363762490473
2017-12-16,irrigation,10,0.379482708742417
2017-12-17,irrigation,10,0.375194655896479
2017-12-18,irrigation,10,0.369915876803174
2017-12-19,irrigation,10,0.36530501175352
2017-12-20,irrigation,10,0.363542603833319
2017-12-21,irrigation,10,0.362631943186182
2017-12-22,irrigation,10,0.362461300742557
2017-12-23,irrigation,10,0.370277230358467
2017-12-24,irrigation,10,0.371305947542508
2017-12-25,irrigation,10,0.36625014277384
2017-12-26,irrigation,10,0.36209061511254
2017-12-27,irrigation,10,0.363024322527658
2017-12-28,irrigation,10,0.375886797672457
2017-12-29,irrigation,10,0.3723309921479
2017-12-30,irrigation,10,0.38122413929022
2017-12-31,irrigation,10,0.390673485444553
2018-01-01,irrigation,10,0.38875170831794
2018-01-02,irrigation,10,0.394789693876091
2018-01-03,irrigation,10,0.396084411287599
2018-01-04,irrigation,10,0.404936934774989
2018-01-05,irrigation,10,0.397532945594535
2018-01-06,irrigation,10,0.387173629873078
2018-01-07,irrigation,10,0.379729915727624
2018-01-08,irrigation,10,0.389751378512458
2018-01-09,irrigation,10,0.409255768548072
2018-01-10,irrigation,10,0.393322115097968
2018-01-11,irrigation,10,0.383971335270068
2018-01-12,irrigation,10,0.377132808479619
2018-01-13,irrigation,10,0.372077803712555
2018-01-14,irrigation,10,0.367868837062201
2018-01-15,irrigation,10,0.36396890002626
2018-01-16,irrigation,10,0.369193788848327
2018-01-17,irrigation,10,0.389664921056786
2018-01-18,irrigation,10,0.388910579347363
2018-01-19,irrigation,10,0.396422489511933
2018-01-20,irrigation,10,0.386209890453575
2018-01-21,irrigation,10,0.399930978150262
2018-01-22,irrigation,10,0.413489977054938
2018-01-23,irrigation,10,0.408139851617013
2018-01-24,irrigation,10,0.394233433781669
2018-01-25,irrigation,10,0.384863124911232
2018-01-26,irrigation,10,0.377408873955769
2018-01-27,irrigation,10,0.372409401477473
2018-01-28,irrigation,10,0.368909058266593
2018-01-29,irrigation,10,0.365678212494799
2018-01-30,irrigation,10,0.363194570637137
2018-01-31,irrigation,10,0.361245294397135
2018-02-01,irrigation,10,0.367703266841714
2018-02-02,irrigation,10,0.371884113741873
2018-02-03,irrigation,10,0.367314693466813
2018-02-04,irrigation,10,0.36299417735671
2018-02-05,irrigation,10,0.361001674003739
2018-02-06,irrigation,10,0.360547271218842
2018-02-07,irrigation,10,0.358643031371267
2018-02-08,irrigation,10,0.35660153627883
2018-02-09,irrigation,10,0.354492045976587
2018-02-10,irrigation,10,0.353009477429529
2018-02-11,irrigation,10,0.352212359484021
2018-02-12,irrigation,10,0.353396304138742
2018-02-13,irrigation,10,0.351796402067384
2018-02-14,irrigation,10,0.34907055830285
2018-02-15,irrigation,10,0.347846053262047
2018-02-16,irrigation,10,0.360850759982364
2018-02-17,irrigation,10,0.388789260530776
2018-02-18,irrigation,10,0.394037971308175
2018-02-19,irrigation,10,0.388078749298484
2018-02-20,irrigation,10,0.382098831716747
2018-02-21,irrigation,10,0.377471981275264
2018-02-22,irrigation,10,0.373044457848779
2018-02-23,irrigation,10,0.369519688618974
2018-02-24,irrigation,10,0.366895348679534
2018-02-25,irrigation,10,0.364389002927257
2018-02-26,irrigation,10,0.361266702885056
2018-02-27,irrigation,10,0.356745495602317
2018-02-28,irrigation,10,0.351678543730613
2018-03-01,irrigation,10,0.349796828436914
2018-03-02,irrigation,10,0.349527445578053
2018-03-03,irrigation,10,0.35174146341944
2018-03-04,irrigation,10,0.356893556630816
2018-03-05,irrigation,10,0.361917328610552
2018-03-06,irrigation,10,0.359316453516988
2018-03-07,irrigation,10,0.355875932316662
2018-03-08,irrigation,10,0.352922445247588
2018-03-09,irrigation,10,0.349670818473294
2018-03-10,irrigation,10,0.346393667695397
2018-03-11,irrigation,10,0.343264606577781
2018-03-12,irrigation,10,0.341434765570885
2018-03-13,irrigation,10,0.343550254394731
2018-03-14,irrigation,10,0.341189625937323
2018-03-15,irrigation,10,0.336694681727898
2018-03-16,irrigation,10,0.332607108401331
2018-03-17,irrigation,10,0.330075802190213
2018-03-18,irrigation,10,0.332918629325778
2018-03-19,irrigation,10,0.331884053638907
2018-03-20,irrigation,10,0.3291206518809
2018-03-21,irrigation,10,0.326379712422689
2018-03-22,irrigation,10,0.324437809827035
2018-03-23,irrigation,10,0.322015494296425
2018-03-24,irrigation,10,0.318610754013062
2018-03-25,irrigation,10,0.314345770355657
2018-03-26,irrigation,10,0.309722575974046
2018-03-27,irrigation,10,0.305160500041226
2018-03-28,irrigation,10,0.304687334361829
2018-03-29,irrigation,10,0.309376336817156
2018-03-30,irrigation,10,0.310686133033351
2018-03-31,irrigation,10,0.317652126745129
2018-04-01,irrigation,10,0.322617053985596
2018-04-02,irrigation,10,0.317984660466512
2018-04-03,irrigation,10,0.310944373314841
2018-04-04,irrigation,10,0.30305552482605
2018-04-05,irrigation,10,0.298731883366903
2018-04-06,irrigation,10,0.293615055084229
2018-04-07,irrigation,10,0.285662553665486
2018-04-08,irrigation,10,0.276205608300995
2018-04-09,irrigation,10,0.267623805999756
2018-04-10,irrigation,10,0.259509360330147
2018-04-11,irrigation,10,0.252534194682367
2018-04-12,irrigation,10,0.244202299659134
2018-04-13,irrigation,10,0.237550123892696
2018-04-14,irrigation,10,0.230793305949161
2018-04-15,irrigation,10,0.225049175438306
2018-04-16,irrigation,10,0.220127814112425
2018-04-17,irrigation,10,0.21507202349211
2018-04-18,irrigation,10,0.210018559506065
2018-04-19,irrigation,10,0.205386689503988
2018-04-20,irrigation,10,0.20127187745613
2018-04-21,irrigation,10,0.197578589121501
2018-04-22,irrigation,10,0.194315422573567
2018-04-23,irrigation,10,0.191787408862198
2018-04-24,irrigation,10,0.190079930623372
2018-04-25,irrigation,10,0.187904989175629
2018-04-26,irrigation,10,0.186140989838985
2018-04-27,irrigation,10,0.18466090661628
2018-04-28,irrigation,10,0.183045387442652
2018-04-29,irrigation,10,0.181494498838458
2018-04-30,irrigation,10,0.180988042039966
2018-05-01,irrigation,10,0.181493633337188
2018-05-02,irrigation,10,0.182100486755371
2018-05-03,irrigation,10,0.20455441956879
2018-05-04,irrigation,10,0.225466989825928
2018-05-05,irrigation,10,0.222546774613942
2018-05-06,irrigation,10,0.210707787798162
2018-05-07,irrigation,10,0.200620965455708
2018-05-08,irrigation,10,0.197285525004069
2018-05-09,irrigation,10,0.213964067771061
2018-05-10,irrigation,10,0.225756451424132
2018-05-11,irrigation,10,0.244990885642267
2018-05-12,irrigation,10,0.254712073008219
2018-05-13,irrigation,10,0.259420911658513
2018-05-14,irrigation,10,0.293190647928338
2018-05-15,irrigation,10,0.341418205729702
2018-05-16,irrigation,10,0.353289316913538
2018-05-17,irrigation,10,0.351485750873429
2018-05-18,irrigation,10,0.343831196333233
2018-05-19,irrigation,10,0.336002296758882
2018-05-20,irrigation,10,0.335155370611893
2018-05-21,irrigation,10,0.330292066272936
2018-05-22,irrigation,10,0.324466711086409
2018-05-23,irrigation,10,0.324944749791571
2018-05-24,irrigation,10,0.321258374477955
2018-05-25,irrigation,10,0.309956269614863
2018-05-26,irrigation,10,0.304836259139212
2018-05-27,irrigation,10,0.300669306202939
2018-05-28,irrigation,10,0.297053694124898
2018-05-29,irrigation,10,0.300170707200703
2018-05-30,irrigation,10,0.294932475326755
2018-05-31,irrigation,10,0.28829394976298
2018-06-01,irrigation,10,0.280637287507977
2018-06-02,irrigation,10,0.267336921720373
2018-06-03,irrigation,10,0.254719254677756
2018-06-04,irrigation,10,0.24199074394904
2018-06-05,irrigation,10,0.234003245203119
2018-06-06,irrigation,10,0.227718625508302
2018-06-07,irrigation,10,0.226209238524078
2018-06-08,irrigation,10,0.22379332569474
2018-06-09,irrigation,10,0.221372136663883
2018-06-10,irrigation,10,0.216465847115768
2018-06-11,irrigation,10,0.219655964165403
2018-06-12,irrigation,10,0.227676722169501
2018-06-13,irrigation,10,0.276655843693723
2018-06-14,irrigation,10,0.286905327396116
2018-06-15,irrigation,10,0.284270897993805
2018-06-16,irrigation,10,0.275843959224379
2018-06-17,irrigation,10,0.266991671512001
2018-06-18,irrigation,10,0.26649786808901
2018-06-19,irrigation,10,0.262176340184313
2018-06-20,irrigation,10,0.25330315874334
2018-06-21,irrigation,10,0.243407102718688
2018-06-22,irrigation,10,0.249497421751631
2018-06-23,irrigation,10,0.247856110689933
2018-06-24,irrigation,10,0.241395346323649
2018-06-25,irrigation,10,0.238060592182896
2018-06-26,irrigation,10,0.230750131607056
2018-06-27,irrigation,10,0.224466531485842
2018-06-28,irrigation,10,0.218412924827413
2018-06-29,irrigation,10,0.222927797263396
2018-06-30,irrigation,10,0.21691394156598
2018-07-01,irrigation,10,0.218183199564616
2018-07-02,irrigation,10,0.213093021459747
2018-07-03,irrigation,10,0.215103500098513
2018-07-04,irrigation,10,0.216197964011414
2018-07-05,irrigation,10,0.217464490090647
2018-07-06,irrigation,10,0.225013412989623
2018-07-07,irrigation,10,0.225426269330476
2018-07-08,irrigation,10,0.215877084799692
2018-07-09,irrigation,10,0.212041304973846
2018-07-10,irrigation,10,0.180986138607593
2018-07-11,irrigation,10,0.188578570822011
2018-07-12,irrigation,10,0.177551450752038
2018-07-13,irrigation,10,0.175218947761937
2018-07-14,irrigation,10,0.17353266069966
2018-07-15,irrigation,10,0.219452191403038
2018-07-16,irrigation,10,0.247271699163406
2018-07-17,irrigation,10,0.241835114431719
2018-07-18,irrigation,10,0.227597774257852
2018-07-19,irrigation,10,0.207948568745663
2018-07-20,irrigation,10,0.21645094871521
2018-07-21,irrigation,10,0.262993787798965
2018-07-22,irrigation,10,0.270915299747007
2018-07-23,irrigation,10,0.262373510327256
2018-07-24,irrigation,10,0.247966289520264
2018-07-25,irrigation,10,0.24081053583245501
2018-07-26,irrigation,10,0.236585143407186
2018-07-27,irrigation,10,0.236806067583854
2018-07-28,irrigation,10,0.234545438644734
2018-07-29,irrigation,10,0.256768738428752
2018-07-30,irrigation,10,0.247533435821533
2018-07-31,irrigation,10,0.223890189789889
2018-08-01,irrigation,10,0.212325270792672
2018-08-02,irrigation,10,0.224354245902628
2018-08-03,irrigation,10,0.221575621554726
2018-08-04,irrigation,10,0.216702365707933
2018-08-05,irrigation,10,0.213706076437967
2018-08-06,irrigation,10,0.216751869823916
2018-08-07,irrigation,10,0.227885663383885
2018-08-08,irrigation,10,0.226361964209038
2018-08-09,irrigation,10,0.228469870885213
2018-08-10,irrigation,10,0.253525863279376
2018-08-11,irrigation,10,0.248731966695042
2018-08-12,irrigation,10,0.239879949803938
2018-08-13,irrigation,10,0.231851376148692
2018-08-14,irrigation,10,0.236611900162279
2018-08-15,irrigation,10,0.236203625996908
2018-08-16,irrigation,10,0.22957171490317901
2018-08-17,irrigation,10,0.223897177043714
2018-08-18,irrigation,10,0.223017196487962
2018-08-19,irrigation,10,0.232046955663262
2018-08-20,irrigation,10,0.227441182220191
2018-08-21,irrigation,10,0.21933218009083
2018-08-22,irrigation,10,0.222630131202832
2018-08-23,irrigation,10,0.230949255625407
2018-08-24,irrigation,10,0.24910575097607
2018-08-25,irrigation,10,0.242896540290431
2018-08-26,irrigation,10,0.251843766831515
2018-08-27,irrigation,10,0.247567271182412
2018-08-28,irrigation,10,0.240975987116496
2018-08-29,irrigation,10,0.23733824276755
2018-08-30,irrigation,10,0.243458259984067
2018-08-31,irrigation,10,0.24627734167534
2018-09-01,irrigation,10,0.256411033429598
2018-09-02,irrigation,10,0.252441482711257
2018-09-03,irrigation,10,0.239700135753955
2018-09-04,irrigation,10,0.229816074371338
2018-09-05,irrigation,10,0.225775432141693
2018-09-06,irrigation,10,0.22154427612037
2018-09-07,irrigation,10,0.225449646753622
2018-09-08,irrigation,10,0.229065261083223
2018-09-09,irrigation,10,0.230483422697636
2018-09-10,irrigation,10,0.229233729044596
2018-09-11,irrigation,10,0.228100643727529
2018-09-12,irrigation,10,0.226768116198088
2018-09-13,irrigation,10,0.224927110671997
2018-09-14,irrigation,10,0.235800101809557
2018-09-15,irrigation,10,0.243707806454438
2018-09-16,irrigation,10,0.246492486083717
2018-09-17,irrigation,10,0.244005991435514
2018-09-18,irrigation,10,0.2363167208956
2018-09-19,irrigation,10,0.252535775502523
2018-09-20,irrigation,10,0.24874164475335
2018-09-21,irrigation,10,0.243758322002405
2018-09-22,irrigation,10,0.240032475405556
2018-09-23,irrigation,10,0.24067382423966
2018-09-24,irrigation,10,0.256506837415535
2018-09-25,irrigation,10,0.25647554782399
2018-09-26,irrigation,10,0.25213872006065
2018-09-27,irrigation,10,0.248481944402059
2018-09-28,irrigation,10,0.245894101460775
2018-09-29,irrigation,10,0.243941997896161
2018-09-30,irrigation,10,0.246237759339182
2018-10-01,irrigation,10,0.307212146934888
2018-10-02,irrigation,10,0.324467662175496
2018-10-03,irrigation,10,0.321091972986857
2018-10-04,irrigation,10,0.315932589915761
2018-10-05,irrigation,10,0.311261529922485
2018-10-06,irrigation,10,0.296792273464753
2018-10-07,irrigation,10,0.282113044017023
2018-10-08,irrigation,10,0.270503820333443
2018-10-09,irrigation,10,0.258140487670898
2018-10-10,irrigation,10,0.242092786901201
2018-10-11,irrigation,10,0.225281071918977
2018-10-12,irrigation,10,0.211397004097244
2018-10-13,irrigation,10,0.201725118374784
2018-10-14,irrigation,10,0.193952528137481
2018-10-15,irrigation,10,0.188260782543734
2018-10-16,irrigation,10,0.184520286760832
2018-10-17,irrigation,10,0.181882693307442
2018-10-18,irrigation,10,0.179796815336796
2018-10-19,irrigation,10,0.178235189242241
2018-10-20,irrigation,10,0.177053242695286
2018-10-21,irrigation,10,0.17619756360426
2018-10-22,irrigation,10,0.175565533401273
2018-10-23,irrigation,10,0.174814926783244
2018-10-24,irrigation,10,0.172780314979824
2018-10-25,irrigation,10,0.171522400558636
2018-10-26,irrigation,10,0.170808112561294
2018-10-27,irrigation,10,0.17035464848187
2018-10-28,irrigation,10,0.172660165428649
2018-10-29,irrigation,10,0.196906872464899
2018-10-30,irrigation,10,0.314582033157349
2018-10-31,irrigation,10,0.324454050334633
2018-11-01,irrigation,10,0.316849584412156
2018-11-02,irrigation,10,0.313933390228995
2018-11-03,irrigation,10,0.309774514914182
2018-11-04,irrigation,10,0.304945498459728
2018-11-05,irrigation,10,0.295959267297669
2018-11-06,irrigation,10,0.286679753456244
2018-11-07,irrigation,10,0.28138054698917
2018-11-08,irrigation,10,0.277486340706809
2018-11-09,irrigation,10,0.274491911543177
2018-11-10,irrigation,10,0.267941747117969
2018-11-11,irrigation,10,0.259266562983366
2018-11-12,irrigation,10,0.252118290430014
2018-11-13,irrigation,10,0.246001512892312
2018-11-14,irrigation,10,0.242914171218872
2018-11-15,irrigation,10,0.241845470220574
2018-11-16,irrigation,10,0.240215514911118
2018-11-17,irrigation,10,0.238269897260164
2018-11-18,irrigation,10,0.235877222758468
2018-11-19,irrigation,10,0.234288543400012
2018-11-20,irrigation,10,0.234348059315835
2018-11-21,irrigation,10,0.232908762037954
2018-11-22,irrigation,10,0.2314074627327
2018-11-23,irrigation,10,0.230194519405358
2018-11-24,irrigation,10,0.227950967152913
2018-11-25,irrigation,10,0.227754756372871
2018-11-26,irrigation,10,0.226719273349695
2018-11-27,irrigation,10,0.22551913579305
2018-11-28,irrigation,10,0.224501152875131
2018-11-29,irrigation,10,0.223192424250877
2018-11-30,irrigation,10,0.221591923195019
2018-12-01,irrigation,10,0.220183062804373
2018-12-02,irrigation,10,0.233327219779031
2018-12-03,irrigation,10,0.322736314137777
2018-12-04,irrigation,10,0.353924984751142
2018-12-05,irrigation,10,0.346472959351121
2018-12-06,irrigation,10,0.34142964480216
2018-12-07,irrigation,10,0.339067324983313
2018-12-08,irrigation,10,0.337940470712227
2018-12-09,irrigation,10,0.337831555203121
2018-12-10,irrigation,10,0.343813783411394
2018-12-11,irrigation,10,0.34042680288616
2018-12-12,irrigation,10,0.336248973210653
2018-12-13,irrigation,10,0.332580429620376
2018-12-14,irrigation,10,0.329991804256774
2018-12-15,irrigation,10,0.327698187890361
2018-12-16,irrigation,10,0.326470974370053
2018-12-17,irrigation,10,0.337097694885953
2018-12-18,irrigation,10,0.353180559057938
2018-12-19,irrigation,10,0.352846593856812
2018-12-20,irrigation,10,0.363876594744231
2018-12-21,irrigation,10,0.368685582144219
2018-12-22,irrigation,10,0.382679556582836
2018-12-23,irrigation,10,0.374402770828782
2018-12-24,irrigation,10,0.388067726503339
2018-12-25,irrigation,10,0.375713087048447
2018-12-26,irrigation,10,0.367847827275594
2018-12-27,irrigation,10,0.362424544786152
2018-12-28,irrigation,10,0.359181963602702
2018-12-29,irrigation,10,0.356245609417296
2018-12-30,irrigation,10,0.353661880827787
2018-12-31,irrigation,10,0.351238628232681
2019-01-01,irrigation,10,0.348801433258834
2019-01-02,irrigation,10,0.346807631944355
2019-01-03,irrigation,10,0.34415072062925
2019-01-04,irrigation,10,0.341126817006833
2019-01-05,irrigation,10,0.338245914132851
2019-01-06,irrigation,10,0.337831514236775
2019-01-07,irrigation,10,0.33827561578977
2019-01-08,irrigation,10,0.337931952727468
2019-01-09,irrigation,10,0.338617123942221
2019-01-10,irrigation,10,0.338103403961449
2019-01-11,irrigation,10,0.336899834875297
2019-01-12,irrigation,10,0.335367110570272
2019-01-13,irrigation,10,0.353932958402132
2019-01-14,irrigation,10,0.385509853633583
2019-01-15,irrigation,10,0.374222747112842
2019-01-16,irrigation,10,0.366962397601824
2019-01-17,irrigation,10,0.362162470064665
2019-01-18,irrigation,10,0.360092917157893
2019-01-19,irrigation,10,0.356171927968453
2019-01-20,irrigation,10,0.351964107941194
2019-01-21,irrigation,10,0.350264875060278
2019-01-22,irrigation,10,0.34707445398426
2019-01-23,irrigation,10,0.342908846875455
2019-01-24,irrigation,10,0.340730672484984
2019-01-25,irrigation,10,0.338580136389361
2019-01-26,irrigation,10,0.336130289596964
2019-01-27,irrigation,10,0.334865987677323
2019-01-28,irrigation,10,0.339657184868528
2019-01-29,irrigation,10,0.343881828113028
2019-01-30,irrigation,10,0.344320412220435
2019-01-31,irrigation,10,0.342728475269518
2019-02-01,irrigation,10,0.342579275000615
2019-02-02,irrigation,10,0.34663380406427
2019-02-03,irrigation,10,0.350400497387398
2019-02-04,irrigation,10,0.350095944153635
2019-02-05,irrigation,10,0.346507854255201
2019-02-06,irrigation,10,0.342874308940085
2019-02-07,irrigation,10,0.340318531774683
2019-02-08,irrigation,10,0.340673176782173
2019-02-09,irrigation,10,0.342833013534546
2019-02-10,irrigation,10,0.347101469039917
2019-02-11,irrigation,10,0.368121899554604
2019-02-12,irrigation,10,0.367128191738264
2019-02-13,irrigation,10,0.362244047365691
2019-02-14,irrigation,10,0.35245495163767
2019-02-15,irrigation,10,0.349311780081618
2019-02-16,irrigation,10,0.346027770594547
2019-02-17,irrigation,10,0.342679504796078
2019-02-18,irrigation,10,0.339541463512322
2019-02-19,irrigation,10,0.336710719943575
2019-02-20,irrigation,10,0.334125767830638
2019-02-21,irrigation,10,0.331644463388543
2019-02-22,irrigation,10,0.329303296741686
2019-02-23,irrigation,10,0.326918131402198
2019-02-24,irrigation,10,0.324749483008134
2019-02-25,irrigation,10,0.322746473720333
2019-02-26,irrigation,10,0.320522914484928
2019-02-27,irrigation,10,0.317899582443152
2019-02-28,irrigation,10,0.315067518736187
2019-03-01,irrigation,10,0.312388735703072
2019-03-02,irrigation,10,0.310770330931011
2019-03-03,irrigation,10,0.308744491577148
2019-03-04,irrigation,10,0.306181626370079
2019-03-05,irrigation,10,0.304530970924779
2019-03-06,irrigation,10,0.30238622083162
2019-03-07,irrigation,10,0.299356159210205
2019-03-08,irrigation,10,0.297045684011359
2019-03-09,irrigation,10,0.294459123511063
2019-03-10,irrigation,10,0.295695389597039
2019-03-11,irrigation,10,0.304506059768352
2019-03-12,irrigation,10,0.31119008344285
2019-03-13,irrigation,10,0.30990793044463
2019-03-14,irrigation,10,0.310518699892106
2019-03-15,irrigation,10,0.355911958594071
2019-03-16,irrigation,10,0.355006478137692
2019-03-17,irrigation,10,0.34136256335644
2019-03-18,irrigation,10,0.331440480081659
2019-03-19,irrigation,10,0.325063518271584
2019-03-20,irrigation,10,0.319993881225586
2019-03-21,irrigation,10,0.315010137355074
2019-03-22,irrigation,10,0.309157277358206
2019-03-23,irrigation,10,0.301881984710693
2019-03-24,irrigation,10,0.293781143034035
2019-03-25,irrigation,10,0.285833553314209
2019-03-26,irrigation,10,0.278858250668174
2019-03-27,irrigation,10,0.272714095582353
2019-03-28,irrigation,10,0.266714415519468
2019-03-29,irrigation,10,0.259844784786827
2019-03-30,irrigation,10,0.252887672424316
2019-03-31,irrigation,10,0.245243572235107
2019-04-01,irrigation,10,0.23625558535258
2019-04-02,irrigation,10,0.230231647324144
2019-04-03,irrigation,10,0.224107474266215
2019-04-04,irrigation,10,0.229887670885053
2019-04-05,irrigation,10,0.281471367384258
2019-04-06,irrigation,10,0.286729158996254
2019-04-07,irrigation,10,0.278726182402226
2019-04-08,irrigation,10,0.274520034790039
2019-04-09,irrigation,10,0.2671024874637
2019-04-10,irrigation,10,0.257275203069051
2019-04-11,irrigation,10,0.248282698341038
2019-04-12,irrigation,10,0.240213174819946
2019-04-13,irrigation,10,0.232566459388064
2019-04-14,irrigation,10,0.226065946378206
2019-04-15,irrigation,10,0.221595703760783
2019-04-16,irrigation,10,0.215965024261788
2019-04-17,irrigation,10,0.21169809123926
2019-04-18,irrigation,10,0.206953003364697
2019-04-19,irrigation,10,0.202190224358109
2019-04-20,irrigation,10,0.198694832578618
2019-04-21,irrigation,10,0.196090386206644
2019-04-22,irrigation,10,0.192110203261017
2019-04-23,irrigation,10,0.189396813710531
2019-04-24,irrigation,10,0.187925070701761
2019-04-25,irrigation,10,0.186501982504861
2019-04-26,irrigation,10,0.202326134944772
2019-04-27,irrigation,10,0.2276780988459
2019-04-28,irrigation,10,0.222591125759539
2019-04-29,irrigation,10,0.215952300822481
2019-04-30,irrigation,10,0.209803377787272
2019-05-01,irrigation,10,0.203656553803829
2019-05-02,irrigation,10,0.19781294359917
2019-05-03,irrigation,10,0.194381787049855
2019-05-04,irrigation,10,0.191471368722748
2019-05-05,irrigation,10,0.189450545060007
2019-05-06,irrigation,10,0.188003141119125
2019-05-07,irrigation,10,0.186524327428717
2019-05-08,irrigation,10,0.184747063318888
2019-05-09,irrigation,10,0.241901241938273
2019-05-10,irrigation,10,0.243763997504052
2019-05-11,irrigation,10,0.233928094328496
2019-05-12,irrigation,10,0.225515826041238
2019-05-13,irrigation,10,0.218013954583574
2019-05-14,irrigation,10,0.210439920194027
2019-05-15,irrigation,10,0.203089663507737
2019-05-16,irrigation,10,0.197391799123664
2019-05-17,irrigation,10,0.192415907464802
2019-05-18,irrigation,10,0.190391613740313
2019-05-19,irrigation,10,0.200903494617891
2019-05-20,irrigation,10,0.198959703445435
2019-05-21,irrigation,10,0.21778399818822
2019-05-22,irrigation,10,0.22157470185981
2019-05-23,irrigation,10,0.220018244743129
2019-05-24,irrigation,10,0.218314518175627
2019-05-25,irrigation,10,0.218076451452155
2019-05-26,irrigation,10,0.229723335734585
2019-05-27,irrigation,10,0.232785079855668
2019-05-28,irrigation,10,0.247508388723299
2019-05-29,irrigation,10,0.274885080689234
2019-05-30,irrigation,10,0.279873827318061
2019-05-31,irrigation,10,0.271009941101074
2019-06-01,irrigation,10,0.258350518612151
2019-06-02,irrigation,10,0.243484778989825
2019-06-03,irrigation,10,0.229268542564196
2019-06-04,irrigation,10,0.218912577933454
2019-06-05,irrigation,10,0.208589492159221
2019-06-06,irrigation,10,0.204008897245264
2019-06-07,irrigation,10,0.212140779327928
2019-06-08,irrigation,10,0.210198476263817
2019-06-09,irrigation,10,0.20314916951392
2019-06-10,irrigation,10,0.218667276114748
2019-06-11,irrigation,10,0.296386715008635
2019-06-12,irrigation,10,0.287543159786024
2019-06-13,irrigation,10,0.275940546069229
2019-06-14,irrigation,10,0.256249513643898
2019-06-15,irrigation,10,0.235608374900718
2019-06-16,irrigation,10,0.22587221814875
2019-06-17,irrigation,10,0.218666711606477
2019-06-18,irrigation,10,0.200162235460783
2019-06-19,irrigation,10,0.190773700714111
2019-06-20,irrigation,10,0.185115493774414
2019-06-21,irrigation,10,0.183379938627544
2019-06-22,irrigation,10,0.236754048999987
2019-06-23,irrigation,10,0.235864085548802
2019-06-24,irrigation,10,0.213751472878963
2019-06-25,irrigation,10,0.195594732987253
2019-06-26,irrigation,10,0.183416568431448
2019-06-27,irrigation,10,0.175819305931571
2019-06-28,irrigation,10,0.170052665710449
2019-06-29,irrigation,10,0.165618591910914
2019-06-30,irrigation,10,0.162004520014713
2019-07-01,irrigation,10,0.158881157258168
2019-07-02,irrigation,10,0.219724609977321
2019-07-03,irrigation,10,0.249676975651791
2019-07-04,irrigation,10,0.243797878265381
2019-07-05,irrigation,10,0.254698528289795
2019-07-06,irrigation,10,0.245605396270752
2019-07-07,irrigation,10,0.237450603485107
2019-07-08,irrigation,10,0.240886863708496
2019-07-09,irrigation,10,0.240288452148438
2019-07-10,irrigation,10,0.234157906381707
2019-07-11,irrigation,10,0.230158306724147
2019-07-12,irrigation,10,0.228328564894827
2019-07-13,irrigation,10,0.223302354532821
2019-07-14,irrigation,10,0.218540101101524
2019-07-15,irrigation,10,0.266015147359748
2019-07-16,irrigation,10,0.288448213431963
2019-07-17,irrigation,10,0.270825199127197
2019-07-18,irrigation,10,0.271554272996618
2019-07-19,irrigation,10,0.266314940603156
2019-07-20,irrigation,10,0.255849956512451
2019-07-21,irrigation,10,0.248628061194169
2019-07-22,irrigation,10,0.240571337923091
2019-07-23,irrigation,10,0.22657060142594
2019-07-24,irrigation,10,0.214401477813721
2019-07-25,irrigation,10,0.204293666470435
2019-07-26,irrigation,10,0.207539228138171
2019-07-27,irrigation,10,0.283136947431062
2019-07-28,irrigation,10,0.329059642791748
2019-07-29,irrigation,10,0.33493034423025
2019-07-30,irrigation,10,0.318943717354222
2019-07-31,irrigation,10,0.306745140075684
2019-08-01,irrigation,10,0.29080440537473
2019-08-02,irrigation,10,0.279581010517321
2019-08-03,irrigation,10,0.273078121185303
2019-08-04,irrigation,10,0.261314440600149
2019-08-05,irrigation,10,0.241410437708873
2019-08-06,irrigation,10,0.217946807942492
2019-08-07,irrigation,10,0.208095295321557
2019-08-08,irrigation,10,0.21311205971815
2019-08-09,irrigation,10,0.202938064575195
2019-08-10,irrigation,10,0.192505916595459
2019-08-11,irrigation,10,0.195902791474995
2019-08-12,irrigation,10,0.220725083614918
2019-08-13,irrigation,10,0.219065230118601
2019-08-14,irrigation,10,0.206522692895705
2019-08-15,irrigation,10,0.193916893979336
2019-08-16,irrigation,10,0.185553162424188
2019-08-17,irrigation,10,0.179137098211991
2019-08-18,irrigation,10,0.173543353771341
2019-08-19,irrigation,10,0.205842031355827
2019-08-20,irrigation,10,0.246016316413879
2019-08-21,irrigation,10,0.320315747261047
2019-08-22,irrigation,10,0.30118841221458
2019-08-23,irrigation,10,0.277259477565163
2019-08-24,irrigation,10,0.249828498216653
2019-08-25,irrigation,10,0.2249779972117
2019-08-26,irrigation,10,0.203094506172096
2019-08-27,irrigation,10,0.18664529800415
2019-08-28,irrigation,10,0.176360446277418
2019-08-29,irrigation,10,0.16972182882593
2019-08-30,irrigation,10,0.165486936569214
2019-08-31,irrigation,10,0.167239902577502
2019-09-01,irrigation,10,0.176345743882029
2019-09-02,irrigation,10,0.186428700748243
2019-09-03,irrigation,10,0.194871934247845
2019-09-04,irrigation,10,0.195145363346223
2019-09-05,irrigation,10,0.193841328254113
2019-09-06,irrigation,10,0.198508974337867
2019-09-07,irrigation,10,0.205560948635948
2019-09-08,irrigation,10,0.204620310259026
2019-09-09,irrigation,10,0.22772289077631
2019-09-10,irrigation,10,0.264876091247977
2019-09-11,irrigation,10,0.270557277579057
2019-09-12,irrigation,10,0.273777311112552
2019-09-13,irrigation,10,0.294182569335049
2019-09-14,irrigation,10,0.292876221706993
2019-09-15,irrigation,10,0.290087973988737
2019-09-16,irrigation,10,0.286392044067383
2019-09-17,irrigation,10,0.28237814939783
2019-09-18,irrigation,10,0.281154140472412
2019-09-19,irrigation,10,0.284935239127609
2019-09-20,irrigation,10,0.287470840454102
2019-09-21,irrigation,10,0.28754343434384
2019-09-22,irrigation,10,0.282392287003367
2019-09-23,irrigation,10,0.282459844484575
2019-09-24,irrigation,10,0.286560546272679
2019-09-25,irrigation,10,0.28948902137389
2019-09-26,irrigation,10,0.292102439679598
2019-09-27,irrigation,10,0.294919108742162
2019-09-28,irrigation,10,0.295163005828857
2019-09-29,irrigation,10,0.293177016784461
2019-09-30,irrigation,10,0.289296024704627
2019-10-01,irrigation,10,0.288158260580407
2019-10-02,irrigation,10,0.295564055648923
2019-10-03,irrigation,10,0.302753905446906
2019-10-04,irrigation,10,0.309483627319336
2019-10-05,irrigation,10,0.317822589276219
2019-10-06,irrigation,10,0.323361248016357
2019-10-07,irrigation,10,0.351211406788927
2019-10-08,irrigation,10,0.353788864537289
2019-10-09,irrigation,10,0.36242925372663
2019-10-10,irrigation,10,0.369220841658743
2019-10-11,irrigation,10,0.364972021203292
2019-10-12,irrigation,10,0.362169988130268
2019-10-13,irrigation,10,0.363236000953837
2019-10-14,irrigation,10,0.359360452773723
2019-10-15,irrigation,10,0.36162916203549
2019-10-16,irrigation,10,0.373000569795307
2019-10-17,irrigation,10,0.359016434613396
2019-10-18,irrigation,10,0.337359528541565
2019-10-19,irrigation,10,0.329672930291358
2019-10-20,irrigation,10,0.320644526481628
2019-10-21,irrigation,10,0.31257691860199
2019-10-22,irrigation,10,0.309842376708984
2019-10-23,irrigation,10,0.304795328441419
2019-10-24,irrigation,10,0.295509939193726
2019-10-25,irrigation,10,0.289933710098267
2019-10-26,irrigation,10,0.284383440770601
2019-10-27,irrigation,10,0.277677087783814
2019-10-28,irrigation,10,0.271867709159851
2019-10-29,irrigation,10,0.292369392294633
2019-10-30,irrigation,10,0.307945598642877
2019-10-31,irrigation,10,0.31192742372814
2019-11-01,irrigation,10,0.31160783943377
2019-11-02,irrigation,10,0.322187689480029
2019-11-03,irrigation,10,0.341648745536804
2019-11-04,irrigation,10,0.354833990398206
2019-11-05,irrigation,10,0.374126686547932
2019-11-06,irrigation,10,0.363157865122745
2019-11-07,irrigation,10,0.354907495348077
2019-11-08,irrigation,10,0.368864363871123
2019-11-09,irrigation,10,0.3677662090545
2019-11-10,irrigation,10,0.357840304374695
2019-11-11,irrigation,10,0.350967817306519
2019-11-12,irrigation,10,0.345832185745239
2019-11-13,irrigation,10,0.341783582164395
2019-11-14,irrigation,10,0.337772715217189
2019-11-15,irrigation,10,0.365312515308982
2019-11-16,irrigation,10,0.364789896011353
2019-11-17,irrigation,10,0.362622247046613
2019-11-18,irrigation,10,0.368662492075274
2019-11-19,irrigation,10,0.367097191810608
2019-11-20,irrigation,10,0.3616651688124
2019-11-21,irrigation,10,0.357675747871399
2019-11-22,irrigation,10,0.354160307286331
2019-11-23,irrigation,10,0.348153309069182
2019-11-24,irrigation,10,0.3447383654745
2019-11-25,irrigation,10,0.338409285545349
2019-11-26,irrigation,10,0.335973982810974
2019-11-27,irrigation,10,0.342066078186035
2019-11-28,irrigation,10,0.358000230036284
2019-11-29,irrigation,10,0.375389043753002
2019-11-30,irrigation,10,0.372942278510646
2019-12-01,irrigation,10,0.367508207120393
2019-12-02,irrigation,10,0.366231184005737
2019-12-03,irrigation,10,0.367668635712778
2019-12-04,irrigation,10,0.363929027758147
2019-12-05,irrigation,10,0.361551642884599
2019-12-06,irrigation,10,0.35843771663465
2019-12-07,irrigation,10,0.355859632190905
2019-12-08,irrigation,10,0.353735641479492
2019-12-09,irrigation,10,0.354782571013003
2019-12-10,irrigation,10,0.373770115902549
2019-12-11,irrigation,10,0.369682603274321
2019-12-12,irrigation,10,0.36616666694718
2019-12-13,irrigation,10,0.364728185954847
2019-12-14,irrigation,10,0.381302336642617
2019-12-15,irrigation,10,0.38949747467041
2019-12-16,irrigation,10,0.388426822662354
2019-12-17,irrigation,10,0.383192848607114
2019-12-18,irrigation,10,0.371653274536133
2019-12-19,irrigation,10,0.36866324474937
2019-12-20,irrigation,10,0.359946751452507
2019-12-21,irrigation,10,0.36243551173963
2019-12-22,irrigation,10,0.389947818756104
2019-12-23,irrigation,10,0.393976567613318
2019-12-24,irrigation,10,0.396287446674548
2019-12-25,irrigation,10,0.397265609741211
2019-12-26,irrigation,10,0.388161161274113
2019-12-27,irrigation,10,0.397325807872571
2019-12-28,irrigation,10,0.396084674835205
2019-12-29,irrigation,10,0.389859821938988
2019-12-30,irrigation,10,0.382738420386063
2019-12-31,irrigation,10,0.384269881198281
2020-01-01,irrigation,10,0.38164430497822
2020-01-02,irrigation,10,0.379127569969664
2020-01-03,irrigation,10,0.37651270836278
2020-01-04,irrigation,10,0.375077796735262
2020-01-05,irrigation,10,0.37194548956196
2020-01-06,irrigation,10,0.366859926173562
2020-01-07,irrigation,10,0.365682553994028
2020-01-08,irrigation,10,0.36397037188924
2020-01-09,irrigation,10,0.363180666220816
2020-01-10,irrigation,10,0.36140762128328
2020-01-11,irrigation,10,0.360188924638849
2020-01-12,irrigation,10,0.3590771484375
2020-01-13,irrigation,10,0.357244817759395
2020-01-14,irrigation,10,0.356325915487189
2020-01-15,irrigation,10,0.355476907930876
2020-01-16,irrigation,10,0.355174060369793
2020-01-17,irrigation,10,0.354778922359727
2020-01-18,irrigation,10,0.356347409549512
2020-01-19,irrigation,10,0.35442332520864
2020-01-20,irrigation,10,0.326908462591339
2020-01-21,irrigation,10,0.32501828511556
2020-01-22,irrigation,10,0.333755219091294
2020-01-23,irrigation,10,0.333743457794189
2020-01-24,irrigation,10,0.333618368851511
2020-01-25,irrigation,10,0.333531164621052
2020-01-26,irrigation,10,0.333546207829526
2020-01-27,irrigation,10,0.333441018139795
2020-01-28,irrigation,10,0.350063068121839
2020-01-29,irrigation,10,0.379358608346236
2020-01-30,irrigation,10,0.374470454517164
2020-01-31,irrigation,10,0.370495395158467
2020-02-01,irrigation,10,0.365836634886892
2020-02-02,irrigation,10,0.374783596741526
2020-02-03,irrigation,10,0.388491891495725
2020-02-04,irrigation,10,0.37806124185261
2020-02-05,irrigation,10,0.374932635708859
2020-02-06,irrigation,10,0.369665650874035
2020-02-07,irrigation,10,0.365674803131505
2020-02-08,irrigation,10,0.362514981006054
2020-02-09,irrigation,10,0.359458974403604
2020-02-10,irrigation,10,0.356256170171372
2020-02-11,irrigation,10,0.353333269239756
2020-02-12,irrigation,10,0.350075273513794
2020-02-13,irrigation,10,0.347885240253649
2020-02-14,irrigation,10,0.372509365081787
2020-02-15,irrigation,10,0.368304084727639
2020-02-16,irrigation,10,0.361168168469479
2020-02-17,irrigation,10,0.355086324062753
2020-02-18,irrigation,10,0.350650399107682
2020-02-19,irrigation,10,0.347151220221268
2020-02-20,irrigation,10,0.343951823334945
2020-02-21,irrigation,10,0.34054584980011
2020-02-22,irrigation,10,0.33686479442998
2020-02-23,irrigation,10,0.323834035773026
2020-02-24,irrigation,10,0.319534134111906
2020-02-25,irrigation,10,0.316008065541585
2020-02-26,irrigation,10,0.31476959120209
2020-02-27,irrigation,10,0.316412412915547
2020-02-28,irrigation,10,0.318749968481402
2020-02-29,irrigation,10,0.341185231701836
2020-03-01,irrigation,10,0.367249285906898
2020-03-02,irrigation,10,0.359878882023326
2020-03-03,irrigation,10,0.360848561159129
2020-03-04,irrigation,10,0.352704619022838
2020-03-05,irrigation,10,0.365733260818821
2020-03-06,irrigation,10,0.375962820555034
2020-03-07,irrigation,10,0.368717584108051
2020-03-08,irrigation,10,0.361385111808777
2020-03-09,irrigation,10,0.357023909954315
2020-03-10,irrigation,10,0.360309635714481
2020-03-11,irrigation,10,0.39373809739163
2020-03-12,irrigation,10,0.382621579170227
2020-03-13,irrigation,10,0.376521398361693
2020-03-14,irrigation,10,0.367463154680651
2020-03-15,irrigation,10,0.355388611642938
2020-03-16,irrigation,10,0.348014966663561
2020-03-17,irrigation,10,0.341613593070738
2020-03-18,irrigation,10,0.33580196090803
2020-03-19,irrigation,10,0.33039447904888
2020-03-20,irrigation,10,0.325503033845321
2020-03-21,irrigation,10,0.320893485368816
2020-03-22,irrigation,10,0.316666394484671
2020-03-23,irrigation,10,0.313561294957211
2020-03-24,irrigation,10,0.310683654785156
2020-03-25,irrigation,10,0.307756245475471
2020-03-26,irrigation,10,0.304065056248715
2020-03-27,irrigation,10,0.299755100250244
2020-03-28,irrigation,10,0.294419231171304
2020-03-29,irrigation,10,0.287584995269775
2020-03-30,irrigation,10,0.283270397694621
2020-03-31,irrigation,10,0.279755059804091
2020-04-01,irrigation,10,0.274015406925761
2020-04-02,irrigation,10,0.266987461090088
2020-04-03,irrigation,10,0.260018031672428
2020-04-04,irrigation,10,0.251882843017578
2020-04-05,irrigation,10,0.245975426493407
2020-04-06,irrigation,10,0.236499337246543
2020-04-07,irrigation,10,0.229117056446691
2020-04-08,irrigation,10,0.222737191412364
2020-04-09,irrigation,10,0.217261756896973
2020-04-10,irrigation,10,0.212899203884986
2020-04-11,irrigation,10,0.208680818457353
2020-04-12,irrigation,10,0.204263055901778
2020-04-13,irrigation,10,0.200695647992586
2020-04-14,irrigation,10,0.197770667948621
2020-04-15,irrigation,10,0.194710976086966
2020-04-16,irrigation,10,0.192414944096615
2020-04-17,irrigation,10,0.18987255859375
2020-04-18,irrigation,10,0.187691848152562
2020-04-19,irrigation,10,0.18604456938074
2020-04-20,irrigation,10,0.18435877829966
2020-04-21,irrigation,10,0.182639228701191
2020-04-22,irrigation,10,0.180966184800671
2020-04-23,irrigation,10,0.178761550988756
2020-04-24,irrigation,10,0.177191069734117
2020-04-25,irrigation,10,0.175961495956494
2020-04-26,irrigation,10,0.175042088692648
2020-04-27,irrigation,10,0.178768322994834
2020-04-28,irrigation,10,0.186347443831594
2020-04-29,irrigation,10,0.276262085443648
2020-04-30,irrigation,10,0.287599281311035
2020-05-01,irrigation,10,0.299658107283401
2020-05-02,irrigation,10,0.332944481899864
2020-05-03,irrigation,10,0.335469669342041
2020-05-04,irrigation,10,0.322783438431589
2020-05-05,irrigation,10,0.31835152053833
2020-05-06,irrigation,10,0.316593828249868
2020-05-07,irrigation,10,0.303181014527666
2020-05-08,irrigation,10,0.286652935429623
2020-05-09,irrigation,10,0.268682025909424
2020-05-10,irrigation,10,0.25329587993216
2020-05-11,irrigation,10,0.240798912928655
2020-05-12,irrigation,10,0.233259122607155
2020-05-13,irrigation,10,0.231323500683433
2020-05-14,irrigation,10,0.226226242776681
2020-05-15,irrigation,10,0.220423780026922
2020-05-16,irrigation,10,0.21513343334198
2020-05-17,irrigation,10,0.210139493942261
2020-05-18,irrigation,10,0.204946821865283
2020-05-19,irrigation,10,0.199956016540527
2020-05-20,irrigation,10,0.195172743546335
2020-05-21,irrigation,10,0.19091688231418
2020-05-22,irrigation,10,0.186747248324942
2020-05-23,irrigation,10,0.176311442837603
2020-05-24,irrigation,10,0.175799330114384
2020-05-25,irrigation,10,0.17724941815828
2020-05-26,irrigation,10,0.176038376456813
2020-05-27,irrigation,10,0.180213463231137
2020-05-28,irrigation,10,0.196504248160863
2020-05-29,irrigation,10,0.202303587260999
2020-05-30,irrigation,10,0.203055082968341
2020-05-31,irrigation,10,0.207560634369546
2020-06-01,irrigation,10,0.210479000740863
2020-06-02,irrigation,10,0.212359179647345
2020-06-03,irrigation,10,0.213368888773817
2020-06-04,irrigation,10,0.228560906661184
2020-06-05,irrigation,10,0.281609477996826
2020-06-06,irrigation,10,0.293557072209548
2020-06-07,irrigation,10,0.324233163130911
2020-06-08,irrigation,10,0.345559379668309
2020-06-09,irrigation,10,0.353832275826346
2020-06-10,irrigation,10,0.362418626412187
2020-06-11,irrigation,10,0.356021890455677
2020-06-12,irrigation,10,0.345829080079731
2020-06-13,irrigation,10,0.337062036734279
2020-06-14,irrigation,10,0.339507067091922
2020-06-15,irrigation,10,0.337433591742265
2020-06-16,irrigation,10,0.332823052657278
2020-06-17,irrigation,10,0.342157251885597
2020-06-18,irrigation,10,0.341561320254677
2020-06-19,irrigation,10,0.338746736691642
2020-06-20,irrigation,10,0.333747476878919
2020-06-21,irrigation,10,0.324372753143311
2020-06-22,irrigation,10,0.313395497098882
2020-06-23,irrigation,10,0.306453250466376
2020-06-24,irrigation,10,0.299330687472695
2020-06-25,irrigation,10,0.292831076973363
2020-06-26,irrigation,10,0.283551466088546
2020-06-27,irrigation,10,0.277046804528487
2020-06-28,irrigation,10,0.27295174838127
2020-06-29,irrigation,10,0.297138338044136
2020-06-30,irrigation,10,0.300753418699224
2020-07-01,irrigation,10,0.286683867771708
2020-07-02,irrigation,10,0.275788310402318
2020-07-03,irrigation,10,0.281112651222631
2020-07-04,irrigation,10,0.286573930037649
2020-07-05,irrigation,10,0.2845146213288
2020-07-06,irrigation,10,0.269773943248548
2020-07-07,irrigation,10,0.250526618859269
2020-07-08,irrigation,10,0.249580931698755
2020-07-09,irrigation,10,0.258324275016785
2020-07-10,irrigation,10,0.265263919830322
2020-07-11,irrigation,10,0.302935216301366
2020-07-12,irrigation,10,0.325614145178544
2020-07-13,irrigation,10,0.320832969990182
2020-07-14,irrigation,10,0.312610527339735
2020-07-15,irrigation,10,0.305635102422614
2020-07-16,irrigation,10,0.302196571370389
2020-07-17,irrigation,10,0.299518844453912
2020-07-18,irrigation,10,0.295566182136536
2020-07-19,irrigation,10,0.290791557900449
2020-07-20,irrigation,10,0.285219984054565
2020-07-21,irrigation,10,0.279843650617098
2020-07-22,irrigation,10,0.283367972373962
2020-07-23,irrigation,10,0.322763259536342
2020-07-24,irrigation,10,0.318642978668213
2020-07-25,irrigation,10,0.321569839276766
2020-07-26,irrigation,10,0.30985494814421
2020-07-27,irrigation,10,0.29687912940979
2020-07-28,irrigation,10,0.288871031314769
2020-07-29,irrigation,10,0.287096107382523
2020-07-30,irrigation,10,0.281946878433228
2020-07-31,irrigation,10,0.276695423126221
2020-08-01,irrigation,10,0.272111367677387
2020-08-02,irrigation,10,0.271872382164001
2020-08-03,irrigation,10,0.274902055890937
2020-08-04,irrigation,10,0.279344162989037
2020-08-05,irrigation,10,0.279797360440518
2020-08-06,irrigation,10,0.277080815967761
2020-08-07,irrigation,10,0.273758817722923
2020-08-08,irrigation,10,0.270867185592651
2020-08-09,irrigation,10,0.245845722198486
2020-08-10,irrigation,10,0.243876910270529
2020-08-11,irrigation,10,0.245494967209665
2020-08-12,irrigation,10,0.244413846727009
2020-08-13,irrigation,10,0.246924583922041
2020-08-14,irrigation,10,0.298180013776433
2020-08-15,irrigation,10,0.293511350266477
2020-08-16,irrigation,10,0.276844167518292
2020-08-17,irrigation,10,0.304752319536711
2020-08-18,irrigation,10,0.310176028803775
2020-08-19,irrigation,10,0.295504999461927
2020-08-20,irrigation,10,0.277995474965949
2020-08-21,irrigation,10,0.264420219421387
2020-08-22,irrigation,10,0.258611538257178
2020-08-23,irrigation,10,0.257727570865883
2020-08-24,irrigation,10,0.261076375057823
2020-08-25,irrigation,10,0.254441944852788
2020-08-26,irrigation,10,0.25036175217167
2020-08-27,irrigation,10,0.248151072348318
2020-08-28,irrigation,10,0.250010406092594
2020-08-29,irrigation,10,0.31486202556529
2020-08-30,irrigation,10,0.372076574225175
2020-08-31,irrigation,10,0.364170405773406
2020-09-01,irrigation,10,0.352332805633545
2020-09-02,irrigation,10,0.344319817793997
2020-09-03,irrigation,10,0.337548363535028
2020-09-04,irrigation,10,0.330252727508545
2020-09-05,irrigation,10,0.323639960606181
2020-09-06,irrigation,10,0.317080196380615
2020-09-07,irrigation,10,0.318300397170217
2020-09-08,irrigation,10,0.31719128036499
2020-09-09,irrigation,10,0.313103167684455
2020-09-10,irrigation,10,0.307961429595947
2020-09-11,irrigation,10,0.302288046598701
2020-09-12,irrigation,10,0.298515282681114
2020-09-13,irrigation,10,0.29369568393105
2020-09-14,irrigation,10,0.288336704091823
2020-09-15,irrigation,10,0.282059238563369
2020-09-16,irrigation,10,0.276974295462331
2020-09-17,irrigation,10,0.27311470413208
2020-09-18,irrigation,10,0.26982384671663
2020-09-19,irrigation,10,0.269164423290052
2020-09-20,irrigation,10,0.270156365820702
2020-09-21,irrigation,10,0.270995753238076
2020-09-22,irrigation,10,0.272590202737362
2020-09-23,irrigation,10,0.277060515985639
2020-09-24,irrigation,10,0.283316569912818
2020-09-25,irrigation,10,0.291489757537842
2020-09-26,irrigation,10,0.346841685646459
2020-09-27,irrigation,10,0.353089131003932
2020-09-28,irrigation,10,0.34901228535429
2020-09-29,irrigation,10,0.345704609519557
2020-09-30,irrigation,10,0.34231186521387
2020-10-01,irrigation,10,0.333825852047022
2020-10-02,irrigation,10,0.32668232662857
2020-10-03,irrigation,10,0.373303637655158
2020-10-04,irrigation,10,0.36308983069972
2020-10-05,irrigation,10,0.352859326818622
2020-10-06,irrigation,10,0.359375490891306
2020-10-07,irrigation,10,0.372438024689609
2020-10-08,irrigation,10,0.367002997348183
2020-10-09,irrigation,10,0.363744850961786
2020-10-10,irrigation,10,0.364775012969971
2020-10-11,irrigation,10,0.367405953658255
2020-10-12,irrigation,10,0.366328534578022
2020-10-13,irrigation,10,0.365203287408707
2020-10-14,irrigation,10,0.365879291051713
2020-10-15,irrigation,10,0.366051482351203
2020-10-16,irrigation,10,0.366832587337174
2020-10-17,irrigation,10,0.365435290458527
2020-10-18,irrigation,10,0.364672720625769
2020-10-19,irrigation,10,0.364403844241733
2020-10-20,irrigation,10,0.362437539753161
2020-10-21,irrigation,10,0.350946677788736
2020-10-22,irrigation,10,0.341769576829865
2020-10-23,irrigation,10,0.340342393608136
2020-10-24,irrigation,10,0.352593736347399
2020-10-25,irrigation,10,0.34734237867203
2020-10-26,irrigation,10,0.349246280606089
2020-10-27,irrigation,10,0.357903319744354
2020-10-28,irrigation,10,0.351498506086888
2020-10-29,irrigation,10,0.347545525432369
2020-10-30,irrigation,10,0.344533293406356
2020-10-31,irrigation,10,0.340451691973964
2020-11-01,irrigation,10,0.336030792527774
2020-11-02,irrigation,10,0.331791469240363
2020-11-03,irrigation,10,0.328186672300401
2020-11-04,irrigation,10,0.326094554386596
2020-11-05,irrigation,10,0.32421206646481
2020-11-06,irrigation,10,0.3222637828273
2020-11-07,irrigation,10,0.320169748839658
2020-11-08,irrigation,10,0.316964540731466
2020-11-09,irrigation,10,0.314906038381841
2020-11-10,irrigation,10,0.313383534806306
2020-11-11,irrigation,10,0.312117384594851
2020-11-12,irrigation,10,0.31104931836693
2020-11-13,irrigation,10,0.309524660804712
2020-11-14,irrigation,10,0.307858206849797
2020-11-15,irrigation,10,0.30601774781254
2020-11-16,irrigation,10,0.304518295653721
2020-11-17,irrigation,10,0.305084335920411
2020-11-18,irrigation,10,0.30490376453179
2020-11-19,irrigation,10,0.30364868846665
2020-11-20,irrigation,10,0.302024514239767
2020-11-21,irrigation,10,0.301083490640482
2020-11-22,irrigation,10,0.300714901004633
2020-11-23,irrigation,10,0.30009438247937
2020-11-24,irrigation,10,0.299353301026748
2020-11-25,irrigation,10,0.298814202708583
2020-11-26,irrigation,10,0.298469572970742
2020-11-27,irrigation,10,0.29826462427991
2020-11-28,irrigation,10,0.297848518563812
2020-11-29,irrigation,10,0.297421732930052
2020-11-30,irrigation,10,0.297314956904672
2020-12-01,irrigation,10,0.297406102632221
2020-12-02,irrigation,10,0.297627951183084
2020-12-03,irrigation,10,0.297779067713198
2020-12-04,irrigation,10,0.297673646397272
2020-12-05,irrigation,10,0.29900054591956
2020-12-06,irrigation,10,0.315747126608483
2020-12-07,irrigation,10,0.338075360641751
2020-12-08,irrigation,10,0.337999304948767
2020-12-09,irrigation,10,0.336789760291834
2020-12-10,irrigation,10,0.33492218129026
2020-12-11,irrigation,10,0.333465480373351
2020-12-12,irrigation,10,0.332277266356711
2020-12-13,irrigation,10,0.337330392127781
2020-12-14,irrigation,10,0.343561324370732
2020-12-15,irrigation,10,0.34176985525878
2020-12-16,irrigation,10,0.339033432336428
2020-12-17,irrigation,10,0.336600850618739
2020-12-18,irrigation,10,0.334872826364529
2020-12-19,irrigation,10,0.333741782498562
2020-12-20,irrigation,10,0.332461493717968
2020-12-21,irrigation,10,0.331876402443536
2020-12-22,irrigation,10,0.352504277279502
2020-12-23,irrigation,10,0.352148050752306
2020-12-24,irrigation,10,0.358837617307295
2020-12-25,irrigation,10,0.358572860153757
2020-12-26,irrigation,10,0.354115065613661
2020-12-27,irrigation,10,0.350962101866064
2020-12-28,irrigation,10,0.348620683642463
2020-12-29,irrigation,10,0.346791795512265
2020-12-30,irrigation,10,0.345677106786857
2020-12-31,irrigation,10,0.344288049366068
2021-01-01,irrigation,10,0.342939678110975
2021-01-02,irrigation,10,0.341629348818959
2021-01-03,irrigation,10,0.340543919371684
2021-01-04,irrigation,10,0.340011072871618
2021-01-05,irrigation,10,0.338843456047959
2021-01-06,irrigation,10,0.337986994228454
2021-01-07,irrigation,10,0.336669418416125
2021-01-08,irrigation,10,0.334575407225734
2021-01-09,irrigation,10,0.331965483628088
2021-01-10,irrigation,10,0.329120234924145
2021-01-11,irrigation,10,0.324904440281091
2021-01-12,irrigation,10,0.320080749016193
2021-01-13,irrigation,10,0.323386907864092
2021-01-14,irrigation,10,0.359521745986368
2021-01-15,irrigation,10,0.382381030255699
2021-01-16,irrigation,10,0.378425442093158
2021-01-17,irrigation,10,0.373745764682284
2021-01-18,irrigation,10,0.371618151829615
2021-01-19,irrigation,10,0.367487358093262
2021-01-20,irrigation,10,0.3637545312936
2021-01-21,irrigation,10,0.369412797414227
2021-01-22,irrigation,10,0.375180180683316
2021-01-23,irrigation,10,0.375397238571929
2021-01-24,irrigation,10,0.371256908990866
2021-01-25,irrigation,10,0.367657689763497
2021-01-26,irrigation,10,0.365186205927285
2021-01-27,irrigation,10,0.362569130043339
2021-01-28,irrigation,10,0.378237976252228
2021-01-29,irrigation,10,0.399912584291704
2021-01-30,irrigation,10,0.396662116749902
2021-01-31,irrigation,10,0.391786377241707
2021-02-01,irrigation,10,0.394158201811868
2021-02-02,irrigation,10,0.393575257466197
2021-02-03,irrigation,10,0.39494335695456
2021-02-04,irrigation,10,0.390883546728837
2021-02-05,irrigation,10,0.380819552653314
2021-02-06,irrigation,10,0.372982701544184
2021-02-07,irrigation,10,0.367720446881764
2021-02-08,irrigation,10,0.364303691361322
2021-02-09,irrigation,10,0.361336493437
2021-02-10,irrigation,10,0.359106287728184
2021-02-11,irrigation,10,0.357037753256267
2021-02-12,irrigation,10,0.354903078509915
2021-02-13,irrigation,10,0.353588335727124
2021-02-14,irrigation,10,0.35213824141653
2021-02-15,irrigation,10,0.351020153848748
2021-02-16,irrigation,10,0.352849621622186
2021-02-17,irrigation,10,0.351270729944928
2021-02-18,irrigation,10,0.349014885551051
2021-02-19,irrigation,10,0.346245483398438
2021-02-20,irrigation,10,0.343055671406926
2021-02-21,irrigation,10,0.33971753643743
2021-02-22,irrigation,10,0.336029040965215
2021-02-23,irrigation,10,0.332446292062931
2021-02-24,irrigation,10,0.329022865897731
2021-02-25,irrigation,10,0.325572726635223
2021-02-26,irrigation,10,0.322096475633235
2021-02-27,irrigation,10,0.318790146402897
2021-02-28,irrigation,10,0.316093080462961
2021-03-01,irrigation,10,0.313435524986412
2021-03-02,irrigation,10,0.310307811737061
2021-03-03,irrigation,10,0.306785648345947
2021-03-04,irrigation,10,0.30314646168759
2021-03-05,irrigation,10,0.298592249541615
2021-03-06,irrigation,10,0.294524478946528
2021-03-07,irrigation,10,0.290401283225714
2021-03-08,irrigation,10,0.286417026899964
2021-03-09,irrigation,10,0.283470782990151
2021-03-10,irrigation,10,0.280033778750595
2021-03-11,irrigation,10,0.2743271484375
2021-03-12,irrigation,10,0.271997847588038
2021-03-13,irrigation,10,0.270771541796233
2021-03-14,irrigation,10,0.26961151524594
2021-03-15,irrigation,10,0.281493056247109
2021-03-16,irrigation,10,0.308698678553839
2021-03-17,irrigation,10,0.311864688339319
2021-03-18,irrigation,10,0.309055529544228
2021-03-19,irrigation,10,0.305430044983018
2021-03-20,irrigation,10,0.301921567739591
2021-03-21,irrigation,10,0.298809164366459
2021-03-22,irrigation,10,0.294935494291762
2021-03-23,irrigation,10,0.290326668289714
2021-03-24,irrigation,10,0.284272364899399
2021-03-25,irrigation,10,0.2763658091512
2021-03-26,irrigation,10,0.267750670182078
2021-03-27,irrigation,10,0.2604837750374
2021-03-28,irrigation,10,0.256537923913253
2021-03-29,irrigation,10,0.24996985561455
2021-03-30,irrigation,10,0.242439859691419
2021-03-31,irrigation,10,0.234679780458149
2021-04-01,irrigation,10,0.227279094999341
2021-04-02,irrigation,10,0.220702893012582
2021-04-03,irrigation,10,0.215698638750159
2021-04-04,irrigation,10,0.212123297278464
2021-04-05,irrigation,10,0.208712894238924
2021-04-06,irrigation,10,0.205933134568098
2021-04-07,irrigation,10,0.205046907726087
2021-04-08,irrigation,10,0.204599560433246
2021-04-09,irrigation,10,0.202726532785516
2021-04-10,irrigation,10,0.199393569621634
2021-04-11,irrigation,10,0.196457619717247
2021-04-12,irrigation,10,0.19404201704456
2021-04-13,irrigation,10,0.193473572781211
2021-04-14,irrigation,10,0.19269886599089
2021-04-15,irrigation,10,0.191953470531263
2021-04-16,irrigation,10,0.191157416215777
2021-04-17,irrigation,10,0.190140798268943
2021-04-18,irrigation,10,0.188790219156366
2021-04-19,irrigation,10,0.187462848462557
2021-04-20,irrigation,10,0.185980792046661
2021-04-21,irrigation,10,0.184547271271435
2021-04-22,irrigation,10,0.183320131261298
2021-04-23,irrigation,10,0.1818943112022
2021-04-24,irrigation,10,0.180416013014944
2021-04-25,irrigation,10,0.179000918991755
2021-04-26,irrigation,10,0.178299269220196
2021-04-27,irrigation,10,0.177635596626683
2021-04-28,irrigation,10,0.175413769370631
2021-04-29,irrigation,10,0.17297306000559
2021-04-30,irrigation,10,0.175030616760254
2021-05-01,irrigation,10,0.179797896134226
2021-05-02,irrigation,10,0.201680398238333
2021-05-03,irrigation,10,0.210231021881104
2021-05-04,irrigation,10,0.204852462969328
2021-05-05,irrigation,10,0.196742321616725
2021-05-06,irrigation,10,0.196760718801747
2021-05-07,irrigation,10,0.286680337572341
2021-05-08,irrigation,10,0.307440771203292
2021-05-09,irrigation,10,0.298621453543763
2021-05-10,irrigation,10,0.284528049468994
2021-05-11,irrigation,10,0.284058665068253
2021-05-12,irrigation,10,0.311677156010507
2021-05-13,irrigation,10,0.306661191839921
2021-05-14,irrigation,10,0.297753719329834
2021-05-15,irrigation,10,0.289772842407227
2021-05-16,irrigation,10,0.305173110560367
2021-05-17,irrigation,10,0.346208685423198
2021-05-18,irrigation,10,0.346088888229862
2021-05-19,irrigation,10,0.34995631669697
2021-05-20,irrigation,10,0.355992632213392
2021-05-21,irrigation,10,0.359829730338239
2021-05-22,irrigation,10,0.379089020578485
2021-05-23,irrigation,10,0.371135696994024
2021-05-24,irrigation,10,0.367871682819567
2021-05-25,irrigation,10,0.364485650062561
2021-05-26,irrigation,10,0.359856652065461
2021-05-27,irrigation,10,0.357678286401849
2021-05-28,irrigation,10,0.357706157907527
2021-05-29,irrigation,10,0.354903692397683
2021-05-30,irrigation,10,0.351268990667243
2021-05-31,irrigation,10,0.345114879608154
2021-06-01,irrigation,10,0.338210561651933
2021-06-02,irrigation,10,0.331921237393429
2021-06-03,irrigation,10,0.331755772640831
2021-06-04,irrigation,10,0.326210074424744
2021-06-05,irrigation,10,0.346842232981036
2021-06-06,irrigation,10,0.364617722795365
2021-06-07,irrigation,10,0.359551167744405
2021-06-08,irrigation,10,0.360660004599592
2021-06-09,irrigation,10,0.362202320098877
2021-06-10,irrigation,10,0.356100714663242
2021-06-11,irrigation,10,0.344222204057794
2021-06-12,irrigation,10,0.335411674373219
2021-06-13,irrigation,10,0.33023483240858
2021-06-14,irrigation,10,0.320206510462659
2021-06-15,irrigation,10,0.314226269471018
2021-06-16,irrigation,10,0.300860211197508
2021-06-17,irrigation,10,0.285402742548192
2021-06-18,irrigation,10,0.270701286918239
2021-06-19,irrigation,10,0.262110476493835
2021-06-20,irrigation,10,0.255585720664577
2021-06-21,irrigation,10,0.252721743583679
2021-06-22,irrigation,10,0.256010990393789
2021-06-23,irrigation,10,0.312755587226466
2021-06-24,irrigation,10,0.321475235537479
2021-06-25,irrigation,10,0.347491721337841
2021-06-26,irrigation,10,0.34374695740515
2021-06-27,irrigation,10,0.332181694056392
2021-06-28,irrigation,10,0.32005994930935
2021-06-29,irrigation,10,0.325690986231754
2021-06-30,irrigation,10,0.328550285572864
2021-07-01,irrigation,10,0.329092472755629
2021-07-02,irrigation,10,0.322969981316597
2021-07-03,irrigation,10,0.314977579735448
2021-07-04,irrigation,10,0.316451962866425
2021-07-05,irrigation,10,0.31587395873893
2021-07-06,irrigation,10,0.309832244036101
2021-07-07,irrigation,10,0.352100446704998
2021-07-08,irrigation,10,0.375743212721249
2021-07-09,irrigation,10,0.375455626320065
2021-07-10,irrigation,10,0.364919545894585
2021-07-11,irrigation,10,0.363471249781157
2021-07-12,irrigation,10,0.356263181819523
2021-07-13,irrigation,10,0.377333433753566
2021-07-14,irrigation,10,0.37730002177389
2021-07-15,irrigation,10,0.388507624087126
2021-07-16,irrigation,10,0.384983949661255
2021-07-17,irrigation,10,0.371695245340183
2021-07-18,irrigation,10,0.363407011785005
2021-07-19,irrigation,10,0.352916960716248
2021-07-20,irrigation,10,0.343243970156827
2021-07-21,irrigation,10,0.334143711140281
2021-07-22,irrigation,10,0.32663619476389
2021-07-23,irrigation,10,0.314626930522533
2021-07-24,irrigation,10,0.302926170700475
2021-07-25,irrigation,10,0.293643869851765
2021-07-26,irrigation,10,0.288014171750922
2021-07-27,irrigation,10,0.286122751567025
2021-07-28,irrigation,10,0.303826112358598
2021-07-29,irrigation,10,0.311855695511502
2021-07-30,irrigation,10,0.308735912975512
2021-07-31,irrigation,10,0.324422483444214
2021-08-01,irrigation,10,0.355469970452158
2021-08-02,irrigation,10,0.356581341662305
2021-08-03,irrigation,10,0.350969857497781
2021-08-04,irrigation,10,0.358296715292124
2021-08-05,irrigation,10,0.367995195739573
2021-08-06,irrigation,10,0.363173925273487
2021-08-07,irrigation,10,0.364650238424417
2021-08-08,irrigation,10,0.376629465190859
2021-08-09,irrigation,10,0.366849081330266
2021-08-10,irrigation,10,0.357287923531699
2021-08-11,irrigation,10,0.346366508511461
2021-08-12,irrigation,10,0.335413176973349
2021-08-13,irrigation,10,0.35218185380485
2021-08-14,irrigation,10,0.343665863741999
2021-08-15,irrigation,10,0.33025182456479
2021-08-16,irrigation,10,0.331754455139229
2021-08-17,irrigation,10,0.328566001361525
2021-08-18,irrigation,10,0.319204356716696
2021-08-19,irrigation,10,0.310299923545436
2021-08-20,irrigation,10,0.30204447147694
2021-08-21,irrigation,10,0.293456370849225
2021-08-22,irrigation,10,0.288384733018523
2021-08-23,irrigation,10,0.2863554682203
2021-08-24,irrigation,10,0.280997641762398
2021-08-25,irrigation,10,0.293219074450041
2021-08-26,irrigation,10,0.309628604523679
2021-08-27,irrigation,10,0.311729466494695
2021-08-28,irrigation,10,0.309229516568391
2021-08-29,irrigation,10,0.302474888500414
2021-08-30,irrigation,10,0.302881927657546
2021-08-31,irrigation,10,0.297637395044026
2021-09-01,irrigation,10,0.292799751382125
2021-09-02,irrigation,10,0.285084711125022
2021-09-03,irrigation,10,0.276953239440918
2021-09-04,irrigation,10,0.269023775050515
2021-09-05,irrigation,10,0.264907647607418
2021-09-06,irrigation,10,0.28177874816091403
2021-09-07,irrigation,10,0.274524472554525
2021-09-08,irrigation,10,0.266903025309245
2021-09-09,irrigation,10,0.259803333617093
2021-09-10,irrigation,10,0.269182999108427
2021-09-11,irrigation,10,0.318349570817845
2021-09-12,irrigation,10,0.317855682373047
2021-09-13,irrigation,10,0.310521513621012
2021-09-14,irrigation,10,0.30202191318314
2021-09-15,irrigation,10,0.303885278534471
2021-09-16,irrigation,10,0.352968635559082
2021-09-17,irrigation,10,0.358296523127995
2021-09-18,irrigation,10,0.354036241141699
2021-09-19,irrigation,10,0.380658855438232
2021-09-20,irrigation,10,0.392659043429191
2021-09-21,irrigation,10,0.388437182108561
2021-09-22,irrigation,10,0.379902939043547
2021-09-23,irrigation,10,0.375418632908871
2021-09-24,irrigation,10,0.372486654248154
2021-09-25,irrigation,10,0.37070133008455
2021-09-26,irrigation,10,0.373029619852702
2021-09-27,irrigation,10,0.375138812483403
2021-09-28,irrigation,10,0.373629411774496
2021-09-29,irrigation,10,0.373082053535863
2021-09-30,irrigation,10,0.375904852549235
2021-10-01,irrigation,10,0.373306439717611
2021-10-02,irrigation,10,0.370133692423503
2021-10-03,irrigation,10,0.365907961527506
2021-10-04,irrigation,10,0.37141215608831
2021-10-05,irrigation,10,0.395483443354145
2021-10-06,irrigation,10,0.393330222681949
2021-10-07,irrigation,10,0.389053796132406
2021-10-08,irrigation,10,0.386427780854787
2021-10-09,irrigation,10,0.387371037594638
2021-10-10,irrigation,10,0.386466821034749
2021-10-11,irrigation,10,0.385314502716064
2021-10-12,irrigation,10,0.383841616312663
2021-10-13,irrigation,10,0.373172431075782
2021-10-14,irrigation,10,0.343704641689656
2021-10-15,irrigation,10,0.33862736370689
2021-10-16,irrigation,10,0.332408993450818
2021-10-17,irrigation,10,0.326776904859041
2021-10-18,irrigation,10,0.324832830275259
2021-10-19,irrigation,10,0.318502825435839
2021-10-20,irrigation,10,0.311848878123592
2021-10-21,irrigation,10,0.306416063308716
2021-10-22,irrigation,10,0.306699765266911
2021-10-23,irrigation,10,0.305319469100551
2021-10-24,irrigation,10,0.303362204302912
2021-10-25,irrigation,10,0.300467932503576
2021-10-26,irrigation,10,0.297283328457883
2021-10-27,irrigation,10,0.294482072091872
2021-10-28,irrigation,10,0.291701685824293
2021-10-29,irrigation,10,0.287673921019073
2021-10-30,irrigation,10,0.281549591820558
2021-10-31,irrigation,10,0.276809798098625
2021-11-01,irrigation,10,0.276136517775686
2021-11-02,irrigation,10,0.287086408263759
2021-11-03,irrigation,10,0.295662612915039
2021-11-04,irrigation,10,0.308321986502133
2021-11-05,irrigation,10,0.308308649442463
2021-11-06,irrigation,10,0.30721144443503
2021-11-07,irrigation,10,0.306159455650731
2021-11-08,irrigation,10,0.305072237315931
2021-11-09,irrigation,10,0.303954459993463
2021-11-10,irrigation,10,0.300951842257851
2021-11-11,irrigation,10,0.297735645394576
2021-11-12,irrigation,10,0.296244705179904
2021-11-13,irrigation,10,0.294745936741035
2021-11-14,irrigation,10,0.29393921356995
2021-11-15,irrigation,10,0.293427742025616
2021-11-16,irrigation,10,0.292140443199559
2021-11-17,irrigation,10,0.291365705920804
2021-11-18,irrigation,10,0.290201891346982
2021-11-19,irrigation,10,0.289573332274288
2021-11-20,irrigation,10,0.288828614887438
2021-11-21,irrigation,10,0.28790935064617
2021-11-22,irrigation,10,0.286290702109641
2021-11-23,irrigation,10,0.284905390739441
2021-11-24,irrigation,10,0.284752459931881
2021-11-25,irrigation,10,0.283667378425598
2021-11-26,irrigation,10,0.28195687070806
2021-11-27,irrigation,10,0.28197984419371
2021-11-28,irrigation,10,0.281448161727504
2021-11-29,irrigation,10,0.280685834884644
2021-11-30,irrigation,10,0.27985888004303
2021-12-01,irrigation,10,0.278963481104839
2021-12-02,irrigation,10,0.277802553096044
2021-12-03,irrigation,10,0.278859006293277
2021-12-04,irrigation,10,0.286649534808413
2021-12-05,irrigation,10,0.346053971314807
2021-12-06,irrigation,10,0.346268266627663
2021-12-07,irrigation,10,0.344317454633297
2021-12-08,irrigation,10,0.347994196791398
2021-12-09,irrigation,10,0.359000499325414
2021-12-10,irrigation,10,0.361871150623021
2021-12-11,irrigation,10,0.358060097276119
2021-12-12,irrigation,10,0.357566864615993
2021-12-13,irrigation,10,0.354040374421237
2021-12-14,irrigation,10,0.351325873381703
2021-12-15,irrigation,10,0.350230756989608
2021-12-16,irrigation,10,0.348887496263085
2021-12-17,irrigation,10,0.347187433140252
2021-12-18,irrigation,10,0.345003985276459
2021-12-19,irrigation,10,0.342793502807617
2021-12-20,irrigation,10,0.340562858916166
2021-12-21,irrigation,10,0.337861974135689
2021-12-22,irrigation,10,0.334897780211076
2021-12-23,irrigation,10,0.332501521279626
2021-12-24,irrigation,10,0.332225174870051
2021-12-25,irrigation,10,0.33421968326234
2021-12-26,irrigation,10,0.345893105089066
2021-12-27,irrigation,10,0.359656809445085
2021-12-28,irrigation,10,0.38162528726849
2021-12-29,irrigation,10,0.388162456311678
2021-12-30,irrigation,10,0.379057360313759
2021-12-31,irrigation,10,0.369575205540312
2022-01-01,irrigation,10,0.364276175193555
2022-01-02,irrigation,10,0.360399801365913
2022-01-03,irrigation,10,0.357112741165359
2022-01-04,irrigation,10,0.354123886956109
2022-01-05,irrigation,10,0.356938913637207
2022-01-06,irrigation,10,0.355833069985373
2022-01-07,irrigation,10,0.352098043362974
2022-01-08,irrigation,10,0.351016108794261
2022-01-09,irrigation,10,0.351552376868567
2022-01-10,irrigation,10,0.35428687251206
2022-01-11,irrigation,10,0.354176495869954
2022-01-12,irrigation,10,0.351135784952264
2022-01-13,irrigation,10,0.34836083094279
2022-01-14,irrigation,10,0.346185082502888
2022-01-15,irrigation,10,0.344942417144775
2022-01-16,irrigation,10,0.343968431907788
2022-01-17,irrigation,10,0.342147923185114
2022-01-18,irrigation,10,0.340252067833616
2022-01-19,irrigation,10,0.345911890331068
2022-01-20,irrigation,10,0.346078995380747
2022-01-21,irrigation,10,0.339310476560119
2022-01-22,irrigation,10,0.341404965551276
2022-01-23,irrigation,10,0.338327317643673
2022-01-24,irrigation,10,0.335567714875205
2022-01-25,irrigation,10,0.332925173646775
2022-01-26,irrigation,10,0.331193221415533
2022-01-27,irrigation,10,0.329319747778086
2022-01-28,irrigation,10,0.327996030286106
2022-01-29,irrigation,10,0.327889218713171
2022-01-30,irrigation,10,0.328483315403381
2022-01-31,irrigation,10,0.330762074062496
2022-02-01,irrigation,10,0.335523062766866
2022-02-02,irrigation,10,0.358168872602197
2022-02-03,irrigation,10,0.381624517330286
2022-02-04,irrigation,10,0.380534726373081
2022-02-05,irrigation,10,0.37794301961918
2022-02-06,irrigation,10,0.375034842022694
2022-02-07,irrigation,10,0.391353462402061
2022-02-08,irrigation,10,0.385607297796952
2022-02-09,irrigation,10,0.379471613833779
2022-02-10,irrigation,10,0.375034199107777
2022-02-11,irrigation,10,0.371612384929992
2022-02-12,irrigation,10,0.368289282534985
2022-02-13,irrigation,10,0.36547582885282
2022-02-14,irrigation,10,0.363143001225771
2022-02-15,irrigation,10,0.361288642299232
2022-02-16,irrigation,10,0.361881358220027
2022-02-17,irrigation,10,0.373353460231601
2022-02-18,irrigation,10,0.372167258613988
2022-02-19,irrigation,10,0.367306529314738
2022-02-20,irrigation,10,0.362913766295937
2022-02-21,irrigation,10,0.35982077143096
2022-02-22,irrigation,10,0.358043168088381
2022-02-23,irrigation,10,0.355649481455485
2022-02-24,irrigation,10,0.352190673016487
2022-02-25,irrigation,10,0.349053361983749
2022-02-26,irrigation,10,0.346080643752526
2022-02-27,irrigation,10,0.343584825432098
2022-02-28,irrigation,10,0.342743063146418
2022-03-01,irrigation,10,0.340910348913643
2022-03-02,irrigation,10,0.338921208261961
2022-03-03,irrigation,10,0.336831664035583
2022-03-04,irrigation,10,0.334285587388012
2022-03-05,irrigation,10,0.332334286130708
2022-03-06,irrigation,10,0.330590429941813
2022-03-07,irrigation,10,0.329153552018119
2022-03-08,irrigation,10,0.327814757765385
2022-03-09,irrigation,10,0.326212507786363
2022-03-10,irrigation,10,0.324354392804598
2022-03-11,irrigation,10,0.321195555837531
2022-03-12,irrigation,10,0.317702499583945
2022-03-13,irrigation,10,0.314050085825213
2022-03-14,irrigation,10,0.310504392497608
2022-03-15,irrigation,10,0.306924103720146
2022-03-16,irrigation,10,0.304892431980115
2022-03-17,irrigation,10,0.301153795313178
2022-03-18,irrigation,10,0.296847114463497
2022-03-19,irrigation,10,0.292126336611234
2022-03-20,irrigation,10,0.286200954481527
2022-03-21,irrigation,10,0.280224685197466
2022-03-22,irrigation,10,0.274371076081928
2022-03-23,irrigation,10,0.268817854563395
2022-03-24,irrigation,10,0.263370805244552
2022-03-25,irrigation,10,0.257866088666414
2022-03-26,irrigation,10,0.252332854687643
2022-03-27,irrigation,10,0.246738375476425
2022-03-28,irrigation,10,0.241585775074206
2022-03-29,irrigation,10,0.236489760168668
2022-03-30,irrigation,10,0.233559822851439
2022-03-31,irrigation,10,0.230800239763762
2022-04-01,irrigation,10,0.229428941975469
2022-04-02,irrigation,10,0.229276680661921
2022-04-03,irrigation,10,0.228806665275028
2022-04-04,irrigation,10,0.227295877356278
2022-04-05,irrigation,10,0.224148402836826
2022-04-06,irrigation,10,0.220842417921577
2022-04-07,irrigation,10,0.232266493129676
2022-04-08,irrigation,10,0.312923484041845
2022-04-09,irrigation,10,0.333472943578759
2022-04-10,irrigation,10,0.322500281599505
2022-04-11,irrigation,10,0.311200248247822
2022-04-12,irrigation,10,0.299896782121937
2022-04-13,irrigation,10,0.289844891444075
2022-04-14,irrigation,10,0.28100976523081
2022-04-15,irrigation,10,0.270255802061674
2022-04-16,irrigation,10,0.255141575307499
2022-04-17,irrigation,10,0.244604526725144
2022-04-18,irrigation,10,0.240004150206227
2022-04-19,irrigation,10,0.235086872902845
2022-04-20,irrigation,10,0.231650580605068
2022-04-21,irrigation,10,0.225771092510615
2022-04-22,irrigation,10,0.220402374274774
2022-04-23,irrigation,10,0.217106737948284
2022-04-24,irrigation,10,0.217100405616918
2022-04-25,irrigation,10,0.211882462935014
2022-04-26,irrigation,10,0.207529015483161
2022-04-27,irrigation,10,0.205214338150964
2022-04-28,irrigation,10,0.202470601778009
2022-04-29,irrigation,10,0.199901537675124
2022-04-30,irrigation,10,0.197938162877009
2022-05-01,irrigation,10,0.196630902025194
2022-05-02,irrigation,10,0.194723375840621
2022-05-03,irrigation,10,0.193158798351455
2022-05-04,irrigation,10,0.192927987129458
2022-05-05,irrigation,10,0.192083680618641
2022-05-06,irrigation,10,0.191585794438471
2022-05-07,irrigation,10,0.190533085219119
2022-05-08,irrigation,10,0.18913461600238
2022-05-09,irrigation,10,0.187716595426519
2022-05-10,irrigation,10,0.186515524355499
2022-05-11,irrigation,10,0.195707183436344
2022-05-12,irrigation,10,0.221728752244339
2022-05-13,irrigation,10,0.230202196526579
2022-05-14,irrigation,10,0.239618757576778
2022-05-15,irrigation,10,0.246574519988874
2022-05-16,irrigation,10,0.281534595735393
2022-05-17,irrigation,10,0.286076316814066
2022-05-18,irrigation,10,0.28401667381616
2022-05-19,irrigation,10,0.282766515162953
2022-05-20,irrigation,10,0.281632775123876
2022-05-21,irrigation,10,0.279670711042088
2022-05-22,irrigation,10,0.27731711353167
2022-05-23,irrigation,10,0.277406023715405
2022-05-24,irrigation,10,0.282439220370178
2022-05-25,irrigation,10,0.285847108758014
2022-05-26,irrigation,10,0.285190087088977
2022-05-27,irrigation,10,0.283902870679664
2022-05-28,irrigation,10,0.281810594148043
2022-05-29,irrigation,10,0.281353748831189
2022-05-30,irrigation,10,0.27956579699497
2022-05-31,irrigation,10,0.282793717987223
2022-06-01,irrigation,10,0.309286913497245
2022-06-02,irrigation,10,0.311645105060778
2022-06-03,irrigation,10,0.303311579846321
2022-06-04,irrigation,10,0.299714988469277
2022-06-05,irrigation,10,0.295407081887449
2022-06-06,irrigation,10,0.295536929651355
2022-06-07,irrigation,10,0.297646360854827
2022-06-08,irrigation,10,0.297852430126663
2022-06-09,irrigation,10,0.299074002429604
2022-06-10,irrigation,10,0.297381588927756
2022-06-11,irrigation,10,0.29404950827883
2022-06-12,irrigation,10,0.290413303232068
2022-06-13,irrigation,10,0.286954536396385
2022-06-14,irrigation,10,0.284357598102721
2022-06-15,irrigation,10,0.280827956079618
2022-06-16,irrigation,10,0.277691221196601
2022-06-17,irrigation,10,0.274884718577067
2022-06-18,irrigation,10,0.271621701418598
2022-06-19,irrigation,10,0.26651833130377
2022-06-20,irrigation,10,0.260087177199391
2022-06-21,irrigation,10,0.256739383432043
2022-06-22,irrigation,10,0.261667760434358
2022-06-23,irrigation,10,0.281383814165669
2022-06-24,irrigation,10,0.284050750951448
2022-06-25,irrigation,10,0.284314698037831
2022-06-26,irrigation,10,0.278781737278485
2022-06-27,irrigation,10,0.278910026142269
2022-06-28,irrigation,10,0.313712325215822
2022-06-29,irrigation,10,0.342631103392072
2022-06-30,irrigation,10,0.322595595365379
2022-07-01,irrigation,10,0.333613871897741
2022-07-02,irrigation,10,0.325479036683216
2022-07-03,irrigation,10,0.316295121999887
2022-07-04,irrigation,10,0.323222538826417
2022-07-05,irrigation,10,0.355647825434588
2022-07-06,irrigation,10,0.339210337048117
2022-07-07,irrigation,10,0.327997541171506
2022-07-08,irrigation,10,0.320385441924586
2022-07-09,irrigation,10,0.314094711418105
2022-07-10,irrigation,10,0.306922141997482
2022-07-11,irrigation,10,0.300059151223923
2022-07-12,irrigation,10,0.295043720640683
2022-07-13,irrigation,10,0.29065382652661
2022-07-14,irrigation,10,0.282661400394163
2022-07-15,irrigation,10,0.272920549434706
2022-07-16,irrigation,10,0.264378421420897
2022-07-17,irrigation,10,0.255155423994987
2022-07-18,irrigation,10,0.245584966825729
2022-07-19,irrigation,10,0.235591191074304
2022-07-20,irrigation,10,0.230138099843806
2022-07-21,irrigation,10,0.23146305324864
2022-07-22,irrigation,10,0.228469863893158
2022-07-23,irrigation,10,0.225711462468753
2022-07-24,irrigation,10,0.219859265358217
2022-07-25,irrigation,10,0.213849431728244
2022-07-26,irrigation,10,0.212090971435515
2022-07-27,irrigation,10,0.210488285908397
2022-07-28,irrigation,10,0.206979136996799
2022-07-29,irrigation,10,0.207868060975583
2022-07-30,irrigation,10,0.211172494553683
2022-07-31,irrigation,10,0.20810438710583
2022-08-01,irrigation,10,0.203436235851712
2022-08-02,irrigation,10,0.200191948937258
2022-08-03,irrigation,10,0.19733241369445
2022-08-04,irrigation,10,0.194000680062079
2022-08-05,irrigation,10,0.202983172624961
2022-08-06,irrigation,10,0.22467807947881
2022-08-07,irrigation,10,0.224901205342203
2022-08-08,irrigation,10,0.229996403640068
2022-08-09,irrigation,10,0.226092679844992
2022-08-10,irrigation,10,0.218839068920054
2022-08-11,irrigation,10,0.213086328584417
2022-08-12,irrigation,10,0.206655912678144
2022-08-13,irrigation,10,0.201188407619955
2022-08-14,irrigation,10,0.19720791682135
2022-08-15,irrigation,10,0.200863397831316
2022-08-16,irrigation,10,0.200354817708333
2022-08-17,irrigation,10,0.198539894845571
2022-08-18,irrigation,10,0.215986717175215
2022-08-19,irrigation,10,0.248669158123327
2022-08-20,irrigation,10,0.266907735277516
2022-08-21,irrigation,10,0.261746115245133
2022-08-22,irrigation,10,0.255600882547768
2022-08-23,irrigation,10,0.249940021963131
2022-08-24,irrigation,10,0.240721410359639
2022-08-25,irrigation,10,0.231617497378615
2022-08-26,irrigation,10,0.252260602259497
2022-08-27,irrigation,10,0.290650654612778
2022-08-28,irrigation,10,0.28533259044994
2022-08-29,irrigation,10,0.279787178598442
2022-08-30,irrigation,10,0.2739503100623
2022-08-31,irrigation,10,0.271351549801801
2022-09-01,irrigation,10,0.268277255666186
2022-09-02,irrigation,10,0.263790180322877
2022-09-03,irrigation,10,0.261550465597623
2022-09-04,irrigation,10,0.259804838616534
2022-09-05,irrigation,10,0.254595699801442
2022-09-06,irrigation,10,0.249581195885531
2022-09-07,irrigation,10,0.256135885171723
2022-09-08,irrigation,10,0.294961636947788
2022-09-09,irrigation,10,0.294096298176416
2022-09-10,irrigation,10,0.289370789504639
2022-09-11,irrigation,10,0.284692970499819
2022-09-12,irrigation,10,0.279509782638562
2022-09-13,irrigation,10,0.274015038433585
2022-09-14,irrigation,10,0.270898759720173
2022-09-15,irrigation,10,0.271202671636427
2022-09-16,irrigation,10,0.272142557400709
2022-09-17,irrigation,10,0.268910252209568
2022-09-18,irrigation,10,0.266343696052758
2022-09-19,irrigation,10,0.264239646059621
2022-09-20,irrigation,10,0.263542270147622
2022-09-21,irrigation,10,0.270069225171983
2022-09-22,irrigation,10,0.267232551128544
2022-09-23,irrigation,10,0.264889706794548
2022-09-24,irrigation,10,0.265954538556245
2022-09-25,irrigation,10,0.276843258771224
2022-09-26,irrigation,10,0.284377648021446
2022-09-27,irrigation,10,0.289384782964533
2022-09-28,irrigation,10,0.31931923042082
2022-09-29,irrigation,10,0.345538851053504
2022-09-30,irrigation,10,0.340618389784973
2022-10-01,irrigation,10,0.344187808681671
2022-10-02,irrigation,10,0.354559817877914
2022-10-03,irrigation,10,0.34298950056653
2022-10-04,irrigation,10,0.336763518870562
2022-10-05,irrigation,10,0.343392484581989
2022-10-06,irrigation,10,0.341218757830168
2022-10-07,irrigation,10,0.340584787402237
2022-10-08,irrigation,10,0.341992596164826
2022-10-09,irrigation,10,0.3462873534487
2022-10-10,irrigation,10,0.348075308668386
2022-10-11,irrigation,10,0.346378429744555
2022-10-12,irrigation,10,0.328120545169763
2022-10-13,irrigation,10,0.328428059593117
2022-10-14,irrigation,10,0.329634337077117
2022-10-15,irrigation,10,0.334741184969792
2022-10-16,irrigation,10,0.333974167583121
2022-10-17,irrigation,10,0.330193924520208
2022-10-18,irrigation,10,0.327431954508242
2022-10-19,irrigation,10,0.325635205911078
2022-10-20,irrigation,10,0.324843181192557
2022-10-21,irrigation,10,0.328730352407817
2022-10-22,irrigation,10,0.358805917104085
2022-10-23,irrigation,10,0.346358703929886
2022-10-24,irrigation,10,0.358916746552228
2022-10-25,irrigation,10,0.360178822961861
2022-10-26,irrigation,10,0.351952568857293
2022-10-27,irrigation,10,0.344368276910013
2022-10-28,irrigation,10,0.335637875022782
2022-10-29,irrigation,10,0.328370273712783
2022-10-30,irrigation,10,0.321944885862635
2022-10-31,irrigation,10,0.316514062622898
2022-11-01,irrigation,10,0.312573064847381
2022-11-02,irrigation,10,0.312721252951062
2022-11-03,irrigation,10,0.311266617144273
2022-11-04,irrigation,10,0.315432924831615
2022-11-05,irrigation,10,0.317029066623035
2022-11-06,irrigation,10,0.315287182302127
2022-11-07,irrigation,10,0.313030763377314
2022-11-08,irrigation,10,0.310317629681476
2022-11-09,irrigation,10,0.306874566946918
2022-11-10,irrigation,10,0.305590385039736
2022-11-11,irrigation,10,0.305543455368737
2022-11-12,irrigation,10,0.30390798004851
2022-11-13,irrigation,10,0.301917412746962
2022-11-14,irrigation,10,0.321129082930715
2022-11-15,irrigation,10,0.333782885037936
2022-11-16,irrigation,10,0.332707920074463
2022-11-17,irrigation,10,0.330235766464405
2022-11-18,irrigation,10,0.34844747758279
2022-11-19,irrigation,10,0.34134258125089
2022-11-20,irrigation,10,0.334207577451397
2022-11-21,irrigation,10,0.328711173115472
2022-11-22,irrigation,10,0.329330465895987
2022-11-23,irrigation,10,0.329087638424188
2022-11-24,irrigation,10,0.334302035301959
2022-11-25,irrigation,10,0.33073456141051
2022-11-26,irrigation,10,0.326586987245167
2022-11-27,irrigation,10,0.323416123265805
2022-11-28,irrigation,10,0.32006095276349
2022-11-29,irrigation,10,0.318091171378722
2022-11-30,irrigation,10,0.31829079843894
2022-12-01,irrigation,10,0.317400267697452
2022-12-02,irrigation,10,0.316201662930575
2022-12-03,irrigation,10,0.31473348418526
2022-12-04,irrigation,10,0.312504930364634
2022-12-05,irrigation,10,0.311273365647126
2022-12-06,irrigation,10,0.310658256151997
2022-12-07,irrigation,10,0.309992088124443
2022-12-08,irrigation,10,0.309386035348655
2022-12-09,irrigation,10,0.30947235778435
2022-12-10,irrigation,10,0.325784292768814
2022-12-11,irrigation,10,0.331459657917852
2022-12-12,irrigation,10,0.327932873169746
2022-12-13,irrigation,10,0.323664393485861
2022-12-14,irrigation,10,0.321674550804369
2022-12-15,irrigation,10,0.321620460429695
2022-12-16,irrigation,10,0.322027635162059
2022-12-17,irrigation,10,0.323355092135343
2022-12-18,irrigation,10,0.322728390485058
2022-12-19,irrigation,10,0.321058262458214
2022-12-20,irrigation,10,0.319438015541334
2022-12-21,irrigation,10,0.31819142215665
2022-12-22,irrigation,10,0.334297445546026
2022-12-23,irrigation,10,0.383266423441327
2022-12-24,irrigation,10,0.377672674601973
2022-12-25,irrigation,10,0.364380015758258
2022-12-26,irrigation,10,0.356134498249401
2022-12-27,irrigation,10,0.355276136443169
2022-12-28,irrigation,10,0.350896876608291
2022-12-29,irrigation,10,0.347000451168318
2022-12-30,irrigation,10,0.345251601156458
2022-12-31,irrigation,10,0.383482119652533
2023-01-01,irrigation,10,0.380161733212678
2023-01-02,irrigation,10,0.344708010901599
2023-01-03,irrigation,10,0.342936401758439
2023-01-04,irrigation,10,0.338800273572611
2023-01-05,irrigation,10,0.336311252654212
2023-01-06,irrigation,10,0.334044210182545
2023-01-07,irrigation,10,0.331955323269493
2023-01-08,irrigation,10,0.330316157958772
2023-01-09,irrigation,10,0.380062058392693
2023-01-10,irrigation,10,0.393252530305282
2023-01-11,irrigation,10,0.350339675620001
2023-01-12,irrigation,10,0.349077421271283
2023-01-13,irrigation,10,0.342444734774243
2023-01-14,irrigation,10,0.337734207006601
2023-01-15,irrigation,10,0.333171571648639
2023-01-16,irrigation,10,0.330738377724924
2023-01-17,irrigation,10,0.329982697159664
2023-01-18,irrigation,10,0.331237259554846
2023-01-19,irrigation,10,0.331580198894947
2023-01-20,irrigation,10,0.327124966511916
2023-01-21,irrigation,10,0.322240311060196
2023-01-22,irrigation,10,0.350167139956826
2023-01-23,irrigation,10,0.342918217435796
2023-01-24,irrigation,10,0.338039215751316
2023-01-25,irrigation,10,0.336303970661569
2023-01-26,irrigation,10,0.334364993446752
2023-01-27,irrigation,10,0.337593472388483
2023-01-28,irrigation,10,0.339209150231403
2023-01-29,irrigation,10,0.334640329534357
2023-01-30,irrigation,10,0.323828912550403
2023-01-31,irrigation,10,0.306270604009214
2023-02-01,irrigation,10,0.30855115632088
2023-02-02,irrigation,10,0.31289852374533
2023-02-03,irrigation,10,0.317182092482044
2023-02-04,irrigation,10,0.354857473170504
2023-02-05,irrigation,10,0.345347338224712
2023-02-06,irrigation,10,0.358446021701979
2023-02-07,irrigation,10,0.344771442614104
2023-02-08,irrigation,10,0.341035838179057
2023-02-09,irrigation,10,0.33438406997478
2023-02-10,irrigation,10,0.328178581420797
2023-02-11,irrigation,10,0.324025040002752
2023-02-12,irrigation,10,0.322051295073136
2023-02-13,irrigation,10,0.321753359176401
2023-02-14,irrigation,10,0.32273237247748
2023-02-15,irrigation,10,0.324383662884052
2023-02-16,irrigation,10,0.325831310641381
2023-02-17,irrigation,10,0.327617513020833
2023-02-18,irrigation,10,0.32728742787633
2023-02-19,irrigation,10,0.324558814407762
2023-02-20,irrigation,10,0.322394067170712
2023-02-21,irrigation,10,0.319596202969833
2023-02-22,irrigation,10,0.317103301104401
2023-02-23,irrigation,10,0.317624819733376
2023-02-24,irrigation,10,0.316668620484903
2023-02-25,irrigation,10,0.314402793380208
2023-02-26,irrigation,10,0.311986061497738
2023-02-27,irrigation,10,0.309762266905411
2023-02-28,irrigation,10,0.308032308227861
2023-03-01,irrigation,10,0.306806304672578
2023-03-02,irrigation,10,0.30574506771949
2023-03-03,irrigation,10,0.304620598615547
2023-03-04,irrigation,10,0.303439932999392
2023-03-05,irrigation,10,0.302051269634875
2023-03-06,irrigation,10,0.300411928486584
2023-03-07,irrigation,10,0.298729542365441
2023-03-08,irrigation,10,0.297769092402687
2023-03-09,irrigation,10,0.351178878557218
2023-03-10,irrigation,10,0.360300688711883
2023-03-11,irrigation,10,0.382169568010115
2023-03-12,irrigation,10,0.365954986362763
2023-03-13,irrigation,10,0.353080200195312
2023-03-14,irrigation,10,0.383452693336888
2023-03-15,irrigation,10,0.366220170472798
2023-03-16,irrigation,10,0.354120449066162
2023-03-17,irrigation,10,0.345267992027375
2023-03-18,irrigation,10,0.337370176162545
2023-03-19,irrigation,10,0.331205515641433
2023-03-20,irrigation,10,0.354145886944186
2023-03-21,irrigation,10,0.343687602703388
2023-03-22,irrigation,10,0.334405295587355
2023-03-23,irrigation,10,0.326614420772938
2023-03-24,irrigation,10,0.329504325194446
2023-03-25,irrigation,10,0.354608126732611
2023-03-26,irrigation,10,0.359801206519247
2023-03-27,irrigation,10,0.364642743182439
2023-03-28,irrigation,10,0.350847498967097
2023-03-29,irrigation,10,0.342291965241128
2023-03-30,irrigation,10,0.338755033488062
2023-03-31,irrigation,10,0.360398032681852
2023-04-01,irrigation,10,0.375895766705873
2023-04-02,irrigation,10,0.35907658298199
2023-04-03,irrigation,10,0.347532832752575
2023-04-04,irrigation,10,0.338557028231413
2023-04-05,irrigation,10,0.331670792202995
2023-04-06,irrigation,10,0.325706239308026
2023-04-07,irrigation,10,0.323227291987493
2023-04-08,irrigation,10,0.324762416240565
2023-04-09,irrigation,10,0.319979309082031
2023-04-10,irrigation,10,0.314370122469389
2023-04-11,irrigation,10,0.309644996514481
2023-04-12,irrigation,10,0.308229032412263
2023-04-13,irrigation,10,0.306064914703369
2023-04-14,irrigation,10,0.302373952345415
2023-04-15,irrigation,10,0.298555399376745
2023-04-16,irrigation,10,0.295938557002855
2023-04-17,irrigation,10,0.291195077594958
2023-04-18,irrigation,10,0.285579014168415
2023-04-19,irrigation,10,0.279758738314168
2023-04-20,irrigation,10,0.278864817652209
2023-04-21,irrigation,10,0.284866881955054
2023-04-22,irrigation,10,0.280876321331995
2023-04-23,irrigation,10,0.276613009433515
2023-04-24,irrigation,10,0.271645193378577
2023-04-25,irrigation,10,0.269881938660544
2023-04-26,irrigation,10,0.268352073803283
2023-04-27,irrigation,10,0.262974355226586
2023-04-28,irrigation,10,0.25696052371958
2023-04-29,irrigation,10,0.322889213965815
2023-04-30,irrigation,10,0.323530076363607
2023-05-01,irrigation,10,0.364182179751609
2023-05-02,irrigation,10,0.35432879306424
2023-05-03,irrigation,10,0.335416014367983
2023-05-04,irrigation,10,0.322537066085634
2023-05-05,irrigation,10,0.311962179404652
2023-05-06,irrigation,10,0.302082577686344
2023-05-07,irrigation,10,0.29284959007712
2023-05-08,irrigation,10,0.287362535386265
2023-05-09,irrigation,10,0.279247606675699
2023-05-10,irrigation,10,0.277071809132894
2023-05-11,irrigation,10,0.271516725199826
2023-05-12,irrigation,10,0.264012602413402
2023-05-13,irrigation,10,0.25664510565181903
2023-05-14,irrigation,10,0.247450705634223
2023-05-15,irrigation,10,0.241183949374081
2023-05-16,irrigation,10,0.25898614400288
2023-05-17,irrigation,10,0.260933184001757
2023-05-18,irrigation,10,0.260049936841106
2023-05-19,irrigation,10,0.259559836869829
2023-05-20,irrigation,10,0.259065047146981
2023-05-21,irrigation,10,0.256042372385661
2023-05-22,irrigation,10,0.252727752246284
2023-05-23,irrigation,10,0.249215487112267
2023-05-24,irrigation,10,0.248777823303685
2023-05-25,irrigation,10,0.249856856890506
2023-05-26,irrigation,10,0.241645190059275
2023-05-27,irrigation,10,0.239441938400269
2023-05-28,irrigation,10,0.237754943088474
2023-05-29,irrigation,10,0.235864919026693
2023-05-30,irrigation,10,0.232413898044162
2023-05-31,irrigation,10,0.229269785881042
2023-06-01,irrigation,10,0.227064800996047
2023-06-02,irrigation,10,0.224514924073831
2023-06-03,irrigation,10,0.224419240951538
2023-06-04,irrigation,10,0.226197940097766
2023-06-05,irrigation,10,0.226742829216851
2023-06-06,irrigation,10,0.223088917783512
2023-06-07,irrigation,10,0.221388031503429
2023-06-08,irrigation,10,0.219069351522843
2023-06-09,irrigation,10,0.21808119282578
2023-06-10,irrigation,10,0.216334040036765
2023-06-11,irrigation,10,0.213439089168202
2023-06-12,irrigation,10,0.201599507861667
2023-06-13,irrigation,10,0.190254019679931
2023-06-14,irrigation,10,0.185962107976278
2023-06-15,irrigation,10,0.194850776950397
2023-06-16,irrigation,10,0.195053464407208
2023-06-17,irrigation,10,0.198974067803585
2023-06-18,irrigation,10,0.19915308122692
2023-06-19,irrigation,10,0.199873077604506
2023-06-20,irrigation,10,0.199791021484279
2023-06-21,irrigation,10,0.199910498570482
2023-06-22,irrigation,10,0.199680676661396
2023-06-23,irrigation,10,0.204602875863352
2023-06-24,irrigation,10,0.20178189283226
2023-06-25,irrigation,10,0.198725064363463
2023-06-26,irrigation,10,0.194671238352985
2023-06-27,irrigation,10,0.19495792451225
2023-06-28,irrigation,10,0.195611312654283
2023-06-29,irrigation,10,0.195353938782455
2023-06-30,irrigation,10,0.208511377252558
2023-07-01,irrigation,10,0.211499760810365
2023-07-02,irrigation,10,0.210498976906747
2023-07-03,irrigation,10,0.207064100034309
2023-07-04,irrigation,10,0.203201984258798
2023-07-05,irrigation,10,0.19950744730361
2023-07-06,irrigation,10,0.197232711580065
2023-07-07,irrigation,10,0.193584029294442
2023-07-08,irrigation,10,0.188222442003365
2023-07-09,irrigation,10,0.18550118819527
2023-07-10,irrigation,10,0.18233547562403
2023-07-11,irrigation,10,0.174689462395049
2023-07-12,irrigation,10,0.217085835235072
2023-07-13,irrigation,10,0.281109442181057
2023-07-14,irrigation,10,0.281238919771635
2023-07-15,irrigation,10,0.325193837483724
2023-07-16,irrigation,10,0.320805358886719
2023-07-17,irrigation,10,0.332268465482272
2023-07-18,irrigation,10,0.316728037053889
2023-07-19,irrigation,10,0.300380187338971
2023-07-20,irrigation,10,0.282741589492626
2023-07-21,irrigation,10,0.263754425048828
2023-07-22,irrigation,10,0.244345978767641
2023-07-23,irrigation,10,0.221981506347656
2023-07-24,irrigation,10,0.20692370014806
2023-07-25,irrigation,10,0.207754794034091
2023-07-26,irrigation,10,0.202081533578726
2023-07-27,irrigation,10,0.214930438350364
2023-07-28,irrigation,10,0.207210614507316
2023-07-29,irrigation,10,0.200006000281003
2023-07-30,irrigation,10,0.217241801481981
2023-07-31,irrigation,10,0.204272705037388
2023-08-01,irrigation,10,0.192164897066935
2023-08-02,irrigation,10,0.182971329063958
2023-08-03,irrigation,10,0.174595390955607
2023-08-04,irrigation,10,0.169854798750444
2023-08-05,irrigation,10,0.184922294093177
2023-08-06,irrigation,10,0.184596259456941
2023-08-07,irrigation,10,0.191954554385926
2023-08-08,irrigation,10,0.190083688167816
2023-08-09,irrigation,10,0.178300878729015
2023-08-10,irrigation,10,0.180063267445219
2023-08-11,irrigation,10,0.178705905399144
2023-08-12,irrigation,10,0.181726709692745
2023-08-13,irrigation,10,0.18875922463157
2023-08-14,irrigation,10,0.188747762898626
2023-08-15,irrigation,10,0.189080018129681
2023-08-16,irrigation,10,0.189679026725965
2023-08-17,irrigation,10,0.199562278323703
2023-08-18,irrigation,10,0.197545638688447
2023-08-19,irrigation,10,0.193479841534496
2023-08-20,irrigation,10,0.185442601228372
2023-08-21,irrigation,10,0.195251242867307
2023-08-22,irrigation,10,0.193076781248435
2023-08-23,irrigation,10,0.180389697246062
2023-08-24,irrigation,10,0.170440275725652
2023-08-25,irrigation,10,0.176143169900645
2023-08-26,irrigation,10,0.178281401633641
2023-08-27,irrigation,10,0.204994396209717
2023-08-28,irrigation,10,0.277695473654228
2023-08-29,irrigation,10,0.293420726712046
2023-08-30,irrigation,10,0.28824286142985
2023-08-31,irrigation,10,0.279716613769531
2023-09-01,irrigation,10,0.271225567887469
2023-09-02,irrigation,10,0.260409827011451
2023-09-03,irrigation,10,0.249802576130834
2023-09-04,irrigation,10,0.241064744775945
2023-09-05,irrigation,10,0.235146464969801
2023-09-06,irrigation,10,0.236299737829911
2023-09-07,irrigation,10,0.23047482800457
2023-09-08,irrigation,10,0.225307553609212
2023-09-09,irrigation,10,0.220275154236824
2023-09-10,irrigation,10,0.215280924625196
2023-09-11,irrigation,10,0.210698809721453
2023-09-12,irrigation,10,0.206932671767015
2023-09-13,irrigation,10,0.20721296105018
2023-09-14,irrigation,10,0.211427841226393
2023-09-15,irrigation,10,0.212027307960425
2023-09-16,irrigation,10,0.212382397969564
2023-09-17,irrigation,10,0.21203333791097
2023-09-18,irrigation,10,0.236735585247622
2023-09-19,irrigation,10,0.29001235217876
2023-09-20,irrigation,10,0.291510610915779
2023-09-21,irrigation,10,0.282538546598301
2023-09-22,irrigation,10,0.291004066734983
2023-09-23,irrigation,10,0.289021018981934
2023-09-24,irrigation,10,0.283152412414551
2023-09-25,irrigation,10,0.278292162085947
2023-09-26,irrigation,10,0.264653241793423
2023-09-27,irrigation,10,0.258826177593424
2023-09-28,irrigation,10,0.254823697267121
2023-09-29,irrigation,10,0.248016079796685
2023-09-30,irrigation,10,0.241618515379885
2023-10-01,irrigation,10,0.236790054537726
2023-10-02,irrigation,10,0.232015391511527
2023-10-03,irrigation,10,0.227578306088502
2023-10-04,irrigation,10,0.224735734453645
2023-10-05,irrigation,10,0.225463090528522
2023-10-06,irrigation,10,0.203128689517099
2023-10-07,irrigation,10,0.200873876488356
2023-10-08,irrigation,10,0.198764871595154
2023-10-09,irrigation,10,0.196517291129904
2023-10-10,irrigation,10,0.193239419866649
2023-10-11,irrigation,10,0.1897107053887
2023-10-12,irrigation,10,0.18638976886745
2023-10-13,irrigation,10,0.18380841907702
2023-10-14,irrigation,10,0.183360735441509
2023-10-15,irrigation,10,0.184788158660239
2023-10-16,irrigation,10,0.184379938025224
2023-10-17,irrigation,10,0.185095691881682
2023-10-18,irrigation,10,0.185894748051249
2023-10-19,irrigation,10,0.186286713090749
2023-10-20,irrigation,10,0.192203209820413
2023-10-21,irrigation,10,0.222084748719868
2023-10-22,irrigation,10,0.232951654735364
2023-10-23,irrigation,10,0.233039740512246
2023-10-24,irrigation,10,0.246016137544946
2023-10-25,irrigation,10,0.271539165159356
2023-10-26,irrigation,10,0.290650144878187
2023-10-27,irrigation,10,0.319431576154784
2023-10-28,irrigation,10,0.31485923947786
2023-10-29,irrigation,10,0.306069712605749
2023-10-30,irrigation,10,0.305485277835564
2023-10-31,irrigation,10,0.325314019659198
2023-11-01,irrigation,10,0.318125393917686
2023-11-02,irrigation,10,0.327904775860862
2023-11-03,irrigation,10,0.332740577697754
2023-11-04,irrigation,10,0.332206208078485
2023-11-05,irrigation,10,0.352510266892453
2023-11-06,irrigation,10,0.335359822524221
2023-11-07,irrigation,10,0.32565596188997
2023-11-08,irrigation,10,0.320216840754698
2023-11-09,irrigation,10,0.316019396731728
2023-11-10,irrigation,10,0.333145528111986
2023-11-11,irrigation,10,0.339091149581106
2023-11-12,irrigation,10,0.342809210590255
2023-11-13,irrigation,10,0.355285693519994
2023-11-14,irrigation,10,0.36853566721866
2023-11-15,irrigation,10,0.349580586363994
2023-11-16,irrigation,10,0.333276997428458
2023-11-17,irrigation,10,0.32515951317235
2023-11-18,irrigation,10,0.319948541540849
2023-11-19,irrigation,10,0.322558187384354
2023-11-20,irrigation,10,0.327485286939051
2023-11-21,irrigation,10,0.323573471671657
2023-11-22,irrigation,10,0.321045631673542
2023-11-23,irrigation,10,0.317706476311935
2023-11-24,irrigation,10,0.3148733599792
2023-11-25,irrigation,10,0.311716663159822
2023-11-26,irrigation,10,0.308877123782509
2023-11-27,irrigation,10,0.306602212604723
2023-11-28,irrigation,10,0.341994954360159
2023-11-29,irrigation,10,0.340352764423077
2023-11-30,irrigation,10,0.338410006874486
2023-12-01,irrigation,10,0.367876661200272
2023-12-02,irrigation,10,0.359326937172474
2023-12-03,irrigation,10,0.347203983708432
2023-12-04,irrigation,10,0.335614337519596
2023-12-05,irrigation,10,0.330737153364056
2023-12-06,irrigation,10,0.328679108870657
2023-12-07,irrigation,10,0.326212192377345
2023-12-08,irrigation,10,0.325010176608437
2023-12-09,irrigation,10,0.347369587828838
2023-12-10,irrigation,10,0.365282137619822
2023-12-11,irrigation,10,0.37302114125302
2023-12-12,irrigation,10,0.373325245890345
2023-12-13,irrigation,10,0.369966131366247
2023-12-14,irrigation,10,0.354478847704436
2023-12-15,irrigation,10,0.341842870210346
2023-12-16,irrigation,10,0.33433160420468
2023-12-17,irrigation,10,0.329628635205721
2023-12-18,irrigation,10,0.326175949899774
2023-12-19,irrigation,10,0.323320343940282
2023-12-20,irrigation,10,0.320816191221538
2023-12-21,irrigation,10,0.320278385363127
2023-12-22,irrigation,10,0.325322039553994
2023-12-23,irrigation,10,0.322422647777357
2023-12-24,irrigation,10,0.31901251487262
2023-12-25,irrigation,10,0.316437610314381
2023-12-26,irrigation,10,0.314324444436546
2023-12-27,irrigation,10,0.312443937201249
2023-12-28,irrigation,10,0.310403457761211
2023-12-29,irrigation,10,0.308492154897794
2023-12-30,irrigation,10,0.307068743629925
2023-12-31,irrigation,10,0.305801179106265
2024-01-01,irrigation,10,0.306739359877979
2024-01-02,irrigation,10,0.307888153076172
2024-01-03,irrigation,10,0.338194994201318
2024-01-04,irrigation,10,0.350376969255232
2024-01-05,irrigation,10,0.337778809080733
2024-01-06,irrigation,10,0.35058741546665
2024-01-07,irrigation,10,0.338551679711593
2024-01-08,irrigation,10,0.330988813274251
2024-01-09,irrigation,10,0.325974069093403
2024-01-10,irrigation,10,0.322178066821808
2024-01-11,irrigation,10,0.319303745671322
2024-01-12,irrigation,10,0.317011442964048
2024-01-13,irrigation,10,0.315029608612231
2024-01-14,irrigation,10,0.31244913071721
2024-01-15,irrigation,10,0.310943198756168
2024-01-16,irrigation,10,0.311262639698229
2024-01-17,irrigation,10,0.339713455046411
2024-01-18,irrigation,10,0.367152514206736
2024-01-19,irrigation,10,0.354080742979528
2024-01-20,irrigation,10,0.340271023398951
2024-01-21,irrigation,10,0.33211340432418
2024-01-22,irrigation,10,0.330335775514199
2024-01-23,irrigation,10,0.352637998882093
2024-01-24,irrigation,10,0.340681796117699
2024-01-25,irrigation,10,0.333097485173857
2024-01-26,irrigation,10,0.327690876276202
2024-01-27,irrigation,10,0.325861228609672
2024-01-28,irrigation,10,0.323358365493552
2024-01-29,irrigation,10,0.320479054552444
2024-01-30,irrigation,10,0.317744581322921
2024-01-31,irrigation,10,0.315412079028293
2024-02-01,irrigation,10,0.313452471281353
2024-02-02,irrigation,10,0.311725044754558
2024-02-03,irrigation,10,0.310244818099002
2024-02-04,irrigation,10,0.308777289168259
2024-02-05,irrigation,10,0.307345089361254
2024-02-06,irrigation,10,0.305788456786116
2024-02-07,irrigation,10,0.304285583026728
2024-02-08,irrigation,10,0.311835128878434
2024-02-09,irrigation,10,0.316433642738744
2024-02-10,irrigation,10,0.312388684724507
2024-02-11,irrigation,10,0.308550177596585
2024-02-12,irrigation,10,0.30587585067749
2024-02-13,irrigation,10,0.303585631721898
2024-02-14,irrigation,10,0.301428363599275
2024-02-15,irrigation,10,0.299151323218095
2024-02-16,irrigation,10,0.29684335246839
2024-02-17,irrigation,10,0.294770688730819
2024-02-18,irrigation,10,0.292880327325118
2024-02-19,irrigation,10,0.290751174525211
2024-02-20,irrigation,10,0.289149173134252
2024-02-21,irrigation,10,0.288185688991248
2024-02-22,irrigation,10,0.30313496298539
2024-02-23,irrigation,10,0.35329623192235
2024-02-24,irrigation,10,0.33390038781417
2024-02-25,irrigation,10,0.326823322665307
2024-02-26,irrigation,10,0.316846906734418
2024-02-27,irrigation,10,0.312013625897859
2024-02-28,irrigation,10,0.308481985675261
2024-02-29,irrigation,10,0.305031868181731
2024-03-01,irrigation,10,0.303303279502308
2024-03-02,irrigation,10,0.305800444552773
2024-03-03,irrigation,10,0.302989430879292
2024-03-04,irrigation,10,0.299704633313357
2024-03-05,irrigation,10,0.297635924951227
2024-03-06,irrigation,10,0.295324020385742
2024-03-07,irrigation,10,0.292441499045133
2024-03-08,irrigation,10,0.289379121957674
2024-03-09,irrigation,10,0.28542413692324903
2024-03-10,irrigation,10,0.289696780355353
2024-03-11,irrigation,10,0.318771694478102
2024-03-12,irrigation,10,0.312319843082919
2024-03-13,irrigation,10,0.306330808739913
2024-03-14,irrigation,10,0.30152906216646
2024-03-15,irrigation,10,0.296369536550421
2024-03-16,irrigation,10,0.306901397124116
2024-03-17,irrigation,10,0.309262277703536
2024-03-18,irrigation,10,0.336768188677336
2024-03-19,irrigation,10,0.337225180374949
2024-03-20,irrigation,10,0.322244460858797
2024-03-21,irrigation,10,0.314030858491596
2024-03-22,irrigation,10,0.310736581701981
2024-03-23,irrigation,10,0.304802639618433
2024-03-24,irrigation,10,0.300310363017698
2024-03-25,irrigation,10,0.29602064230087
2024-03-26,irrigation,10,0.290407191093932
2024-03-27,irrigation,10,0.287921867972926
2024-03-28,irrigation,10,0.295868224140778
2024-03-29,irrigation,10,0.301458852667558
2024-03-30,irrigation,10,0.297562977823939
2024-03-31,irrigation,10,0.314000493339035
2024-04-01,irrigation,10,0.308562686386194
2024-04-02,irrigation,10,0.302731150777716
2024-04-03,irrigation,10,0.296031825903949
2024-04-04,irrigation,10,0.291523519231918
2024-04-05,irrigation,10,0.285127819061279
2024-04-06,irrigation,10,0.277723565553364
2024-04-07,irrigation,10,0.270006878501491
2024-04-08,irrigation,10,0.261853523455168
2024-04-09,irrigation,10,0.258310961873908
2024-04-10,irrigation,10,0.260347465515137
2024-04-11,irrigation,10,0.25648443282278
2024-04-12,irrigation,10,0.25064598864377
2024-04-13,irrigation,10,0.244393294690037
2024-04-14,irrigation,10,0.235890029907227
2024-04-15,irrigation,10,0.226256164550781
2024-04-16,irrigation,10,0.218061367358324
2024-04-17,irrigation,10,0.213371834923967
2024-04-18,irrigation,10,0.210084098815918
2024-04-19,irrigation,10,0.206696591025905
2024-04-20,irrigation,10,0.205122169494629
2024-04-21,irrigation,10,0.201542915344238
2024-04-22,irrigation,10,0.200093480160362
2024-04-23,irrigation,10,0.197709850311279
2024-04-24,irrigation,10,0.194275325775147
2024-04-25,irrigation,10,0.190735992431641
2024-04-26,irrigation,10,0.186648533268979
2024-04-27,irrigation,10,0.18768625158469
2024-04-28,irrigation,10,0.170759701728821
2024-04-29,irrigation,10,0.168345461564529
2024-04-30,irrigation,10,0.1647473276102
2024-05-01,irrigation,10,0.161998820304871
2024-05-02,irrigation,10,0.160867619514465
2024-05-03,irrigation,10,0.160446638093962
2024-05-04,irrigation,10,0.159688720703125
2024-05-05,irrigation,10,0.158601266961349
2024-05-06,irrigation,10,0.180692026238692
2024-05-07,irrigation,10,0.260853045112208
2024-05-08,irrigation,10,0.296411442756653
2024-05-09,irrigation,10,0.27938126293836
2024-05-10,irrigation,10,0.265658666817899
2024-05-11,irrigation,10,0.251764759063721
2024-05-12,irrigation,10,0.256954763312089
2024-05-13,irrigation,10,0.231556953430176
2024-05-14,irrigation,10,0.220751053659539
2024-05-15,irrigation,10,0.212006172180176
2024-05-16,irrigation,10,0.234959033966064
2024-05-17,irrigation,10,0.259237988445286
2024-05-18,irrigation,10,0.265423802357638
2024-05-19,irrigation,10,0.265414753886354
2024-05-20,irrigation,10,0.2627075681314
2024-05-21,irrigation,10,0.266002601623535
2024-05-22,irrigation,10,0.272196699382434
2024-05-23,irrigation,10,0.278935340881348
2024-05-24,irrigation,10,0.288645442962646
2024-05-25,irrigation,10,0.286244776675576
2024-05-26,irrigation,10,0.281088023494366
2024-05-27,irrigation,10,0.281015542845176
2024-05-28,irrigation,10,0.298785194396973
2024-05-29,irrigation,10,0.291708129882812
2024-05-30,irrigation,10,0.307096432334498
2024-05-31,irrigation,10,0.315507740020752
2024-06-01,irrigation,10,0.312440943667763
2024-06-02,irrigation,10,0.30848221206665
2024-06-03,irrigation,10,0.312498465440842
2024-06-04,irrigation,10,0.303388637542725
2024-06-05,irrigation,10,0.298637426427893
2024-06-11,irrigation,10,0.277157836914062
2024-06-12,irrigation,10,0.277152506454562
2024-06-13,irrigation,10,0.274085163116455
2024-06-14,irrigation,10,0.273044151306152
2024-06-15,irrigation,10,0.308735889434814
2024-06-16,irrigation,10,0.315166343688965
2024-06-17,irrigation,10,0.302939228057861
2024-06-18,irrigation,10,0.292220024108887
2024-06-19,irrigation,10,0.282476276397705
2024-06-20,irrigation,10,0.281334777490289
2024-06-21,irrigation,10,0.304215979927465
2024-06-22,irrigation,10,0.322704199574162
2024-06-23,irrigation,10,0.320010410710385
2024-06-24,irrigation,10,0.301386667215277
2024-06-25,irrigation,10,0.285721962376645
2024-06-26,irrigation,10,0.27377954864502
2024-06-27,irrigation,10,0.268004610785123
2024-06-28,irrigation,10,0.24965757449468
2024-06-29,irrigation,10,0.230682354249274
2024-06-30,irrigation,10,0.219322907129924
2024-07-01,irrigation,10,0.208339999492539
2024-07-02,irrigation,10,0.196351824141385
2024-07-03,irrigation,10,0.186977652332239
2024-07-04,irrigation,10,0.181312714658042
2024-07-05,irrigation,10,0.174774992095908
2024-07-06,irrigation,10,0.173949848810832
2024-07-07,irrigation,10,0.208387583207714
2024-07-08,irrigation,10,0.198478751304822
2024-07-09,irrigation,10,0.18511652544059
2024-07-10,irrigation,10,0.183542895869205
2024-07-11,irrigation,10,0.179966837788356
2024-07-12,irrigation,10,0.19695594472011899
2024-07-13,irrigation,10,0.214705611379523
2024-07-14,irrigation,10,0.201208916061803
2024-07-15,irrigation,10,0.188914745884087
2024-07-16,irrigation,10,0.233369959192952
2024-07-17,irrigation,10,0.226352925687508
2024-07-18,irrigation,10,0.207842754364014
2024-07-19,irrigation,10,0.1925814181645
2024-07-20,irrigation,10,0.182347573551449
2024-07-21,irrigation,10,0.180637018350454
2024-07-22,irrigation,10,0.178719759829131
2024-07-23,irrigation,10,0.172234070221882
2024-07-24,irrigation,10,0.168770812387542
2024-07-25,irrigation,10,0.202128388144753
2024-07-26,irrigation,10,0.208891351452311
2024-07-27,irrigation,10,0.207430533409119
2024-07-28,irrigation,10,0.208452529422657
2024-07-29,irrigation,10,0.211039585558364
2024-07-30,irrigation,10,0.212299606029804
2024-07-31,irrigation,10,0.210783667021391
2024-08-01,irrigation,10,0.227070095238952
2024-08-02,irrigation,10,0.237701058195893
2024-08-03,irrigation,10,0.239648018494076
2024-08-04,irrigation,10,0.237073382040171
2024-08-05,irrigation,10,0.223537218142778
2024-08-06,irrigation,10,0.225820227525173
2024-08-07,irrigation,10,0.209014218138538
2024-08-08,irrigation,10,0.217424008080454
2024-08-09,irrigation,10,0.221434993993055
2024-08-10,irrigation,10,0.214648155212402
2024-08-11,irrigation,10,0.213211043424385
2024-08-12,irrigation,10,0.209173514314533
2024-08-13,irrigation,10,0.219686522711754
2024-08-14,irrigation,10,0.22220002097103
2024-08-15,irrigation,10,0.227868081449692
2024-08-16,irrigation,10,0.225886304171031
2024-08-17,irrigation,10,0.23876044810902
2024-08-18,irrigation,10,0.302078111808584
2024-08-19,irrigation,10,0.304881218860343
2024-08-20,irrigation,10,0.302730622492661
2024-08-21,irrigation,10,0.299854815263015
2024-08-22,irrigation,10,0.294714825716886
2024-08-23,irrigation,10,0.288103982467623
2024-08-24,irrigation,10,0.280812385308188
2024-08-25,irrigation,10,0.262930300036451
2024-08-26,irrigation,10,0.262980579613516
2024-08-27,irrigation,10,0.259387299207252
2024-08-28,irrigation,10,0.253913203142077
2024-08-29,irrigation,10,0.222526518693611
2024-08-30,irrigation,10,0.24184541052038
2024-08-31,irrigation,10,0.212464123359093
2024-09-01,irrigation,10,0.207977477625797
2024-09-02,irrigation,10,0.228518111123993
2024-09-03,irrigation,10,0.228537028486078
2024-09-04,irrigation,10,0.228205266481469
2024-09-05,irrigation,10,0.24405955724077
2024-09-06,irrigation,10,0.253161125549903
2024-09-07,irrigation,10,0.252926059202714
2024-09-08,irrigation,10,0.25515118598938
2024-09-09,irrigation,10,0.308772334845586
2024-09-10,irrigation,10,0.307415629617791
2024-09-11,irrigation,10,0.295036689665636
2024-09-12,irrigation,10,0.288142404634317
2024-09-13,irrigation,10,0.290760208839594
2024-09-14,irrigation,10,0.296960723583515
2024-09-15,irrigation,10,0.300126705278877
2024-09-16,irrigation,10,0.303272175422082
2024-09-17,irrigation,10,0.30689979163745
2024-09-18,irrigation,10,0.306977232266074
2024-09-19,irrigation,10,0.308186057481338
2024-09-20,irrigation,10,0.309177702447735
2024-09-21,irrigation,10,0.306883668747881
2024-09-22,irrigation,10,0.304827351421849
2024-09-23,irrigation,10,0.30817662080129
2024-09-24,irrigation,10,0.319356014429167
2024-09-25,irrigation,10,0.320184985276491
2024-09-26,irrigation,10,0.342798227071762
2024-09-27,irrigation,10,0.347310096025467
2024-09-28,irrigation,10,0.340586468785308
2024-09-29,irrigation,10,0.338887691133805
2024-09-30,irrigation,10,0.3363153363529
2024-10-01,irrigation,10,0.33832045962936
2024-10-02,irrigation,10,0.355629784390747
2024-10-03,irrigation,10,0.347745075920815
2024-10-04,irrigation,10,0.345793986687293
2024-10-05,irrigation,10,0.343395945637725
2024-10-06,irrigation,10,0.34352031621066
2024-10-07,irrigation,10,0.344668792014898
2024-10-08,irrigation,10,0.346985136378895
2024-10-09,irrigation,10,0.353470332050637
2024-10-10,irrigation,10,0.358401176577709
2024-10-11,irrigation,10,0.350065875053406
2024-10-12,irrigation,10,0.347861625829081
2024-10-13,irrigation,10,0.358040599632263
2024-10-14,irrigation,10,0.355374043638056
2024-10-15,irrigation,10,0.355046349956143
2024-10-16,irrigation,10,0.351505012357766
2024-10-17,irrigation,10,0.34573378231869
2024-10-18,irrigation,10,0.348661004665286
2024-10-19,irrigation,10,0.353238761733832
2024-10-20,irrigation,10,0.351796346902847
2024-10-21,irrigation,10,0.349466030819638
2024-10-22,irrigation,10,0.349609389948816
2024-10-23,irrigation,10,0.349975806083388
2024-10-24,irrigation,10,0.349609691564945
2024-10-25,irrigation,10,0.337535667419434
2024-10-26,irrigation,10,0.327715471211602
2024-10-27,irrigation,10,0.319631833219335
2024-10-28,irrigation,10,0.314831928380831
2024-10-29,irrigation,10,0.311391299962997
2024-10-30,irrigation,10,0.308379749498869
2024-10-31,irrigation,10,0.305516990013496
2024-11-01,irrigation,10,0.302830663947172
2024-11-02,irrigation,10,0.300426037438953
2024-11-03,irrigation,10,0.298686655362447
2024-11-04,irrigation,10,0.2968798373769
2024-11-05,irrigation,10,0.320496335593603
2024-11-06,irrigation,10,0.31865718741166
2024-11-07,irrigation,10,0.31692631613864
2024-11-08,irrigation,10,0.315357390621252
2024-11-09,irrigation,10,0.313550796019725
2024-11-10,irrigation,10,0.311925224167585
2024-11-11,irrigation,10,0.311124318929819
2024-11-12,irrigation,10,0.31524951347938
2024-11-13,irrigation,10,0.317605525774833
2024-11-14,irrigation,10,0.317131019562714
2024-11-15,irrigation,10,0.316623309164336
2024-11-16,irrigation,10,0.315854347113407
2024-11-17,irrigation,10,0.314927589709942
2024-11-18,irrigation,10,0.314002747689524
2024-11-19,irrigation,10,0.314485826869469
2024-11-20,irrigation,10,0.364975042510451
2024-11-21,irrigation,10,0.360304518822297
2024-11-22,irrigation,10,0.362631649441189
2024-11-23,irrigation,10,0.364632010337634
2024-11-24,irrigation,10,0.365787010505551
2024-11-25,irrigation,10,0.382817173779495
2024-11-26,irrigation,10,0.386641392176249
2024-11-27,irrigation,10,0.378782160240307
2024-11-28,irrigation,10,0.374030150015523
2024-11-29,irrigation,10,0.375944735957127
2024-11-30,irrigation,10,0.370114276103484
2024-12-01,irrigation,10,0.365376000526624
2024-12-02,irrigation,10,0.361782402136387
2024-12-03,irrigation,10,0.363990778480071
2024-12-04,irrigation,10,0.361521267587599
2024-12-05,irrigation,10,0.358300864454629
2024-12-06,irrigation,10,0.35561983961808
2024-12-07,irrigation,10,0.358485531806946
2024-12-08,irrigation,10,0.35517837613128
2024-12-09,irrigation,10,0.350876439701427
2024-12-10,irrigation,10,0.347177946567535
2024-12-11,irrigation,10,0.343911774262138
2024-12-12,irrigation,10,0.355985688806549
2024-12-13,irrigation,10,0.312260630489451
2024-12-14,irrigation,10,0.351811377207438
2024-12-15,irrigation,10,0.351045925890813
2024-12-16,irrigation,10,0.34952499071757
2024-12-17,irrigation,10,0.348030858446461
2024-12-18,irrigation,10,0.346246963892228
2024-12-19,irrigation,10,0.3482290485449
2024-12-20,irrigation,10,0.367123371686122
2024-12-21,irrigation,10,0.361877498626709
2024-12-22,irrigation,10,0.370031587008772
2024-12-23,irrigation,10,0.38482032476687
2024-12-24,irrigation,10,0.385334394689192
2024-12-25,irrigation,10,0.378787946120956
2024-12-26,irrigation,10,0.372459167904324
2024-12-27,irrigation,10,0.367326634930026
2024-12-28,irrigation,10,0.363371079762777
2024-12-29,irrigation,10,0.360126300160222
2024-12-30,irrigation,10,0.357425942885137
2024-12-31,irrigation,10,0.354990590851882
2025-01-01,irrigation,10,0.352783831546181
2025-01-02,irrigation,10,0.351458290059079
2025-01-03,irrigation,10,0.38006936179267
2025-01-04,irrigation,10,0.376100493134218
2025-01-05,irrigation,10,0.376741684807671
2025-01-06,irrigation,10,0.386683346906046
2025-01-07,irrigation,10,0.382434217857592
2025-01-08,irrigation,10,0.38072100884276
2025-01-09,irrigation,10,0.382418420942206
2025-01-10,irrigation,10,0.378433763684325
2025-01-11,irrigation,10,0.37797958056132003
2025-01-12,irrigation,10,0.379042635865472
2025-01-13,irrigation,10,0.372917624080882
2025-01-14,irrigation,10,0.366873302744396
2025-01-15,irrigation,10,0.361460065841675
2025-01-16,irrigation,10,0.356436624080353
2025-01-17,irrigation,10,0.352056397332086
2025-01-18,irrigation,10,0.348593833834626
2025-01-19,irrigation,10,0.347124600598193
2025-01-20,irrigation,10,0.348142777827748
2025-01-21,irrigation,10,0.349749282176865
2025-01-22,irrigation,10,0.349888843960232
2025-01-23,irrigation,10,0.354829295476278
2025-01-24,irrigation,10,0.363404369354248
2025-01-25,irrigation,10,0.361786408153007
2025-01-26,irrigation,10,0.36058035554557
2025-01-27,irrigation,10,0.359684126864197
2025-01-28,irrigation,10,0.38508120642768
2025-01-29,irrigation,10,0.383461817988643
2025-01-30,irrigation,10,0.376993687947591
2025-01-31,irrigation,10,0.371530537843078
2025-02-01,irrigation,10,0.367296662918852
2025-02-02,irrigation,10,0.363808267544477
2025-02-03,irrigation,10,0.360759741799873
2025-02-04,irrigation,10,0.358104158002277
2025-02-05,irrigation,10,0.355792679153122
2025-02-06,irrigation,10,0.353778091254316
2025-02-07,irrigation,10,0.352061558613735
2025-02-08,irrigation,10,0.351169340219505
2025-02-09,irrigation,10,0.349446217219035
2025-02-10,irrigation,10,0.347630032815568
2025-02-11,irrigation,10,0.34563947242049903
2025-02-12,irrigation,10,0.343624100015183
2025-02-13,irrigation,10,0.342865261077881
2025-02-14,irrigation,10,0.347916441697341
2025-02-15,irrigation,10,0.346876291049424
2025-02-16,irrigation,10,0.3453649015012
2025-02-17,irrigation,10,0.343820927007412
2025-02-18,irrigation,10,0.342723795794903
2025-02-19,irrigation,10,0.354867260742187
2025-02-20,irrigation,10,0.353477724136845
2025-02-21,irrigation,10,0.351394382599861
2025-02-22,irrigation,10,0.348599689762767
2025-02-23,irrigation,10,0.345461851975014
2025-02-24,irrigation,10,0.342930240954383
2025-02-25,irrigation,10,0.340670802675445
2025-02-26,irrigation,10,0.338569779829545
2025-02-27,irrigation,10,0.336378888386052
2025-02-28,irrigation,10,0.334464246961806
2025-03-01,irrigation,10,0.332700486616655
2025-03-02,irrigation,10,0.331087192269259
2025-03-03,irrigation,10,0.329497451782227
2025-03-04,irrigation,10,0.327419362974561
2025-03-05,irrigation,10,0.325092450310202
2025-03-06,irrigation,10,0.322184625290732
2025-03-07,irrigation,10,0.318905639648437
2025-03-08,irrigation,10,0.315520999938484
2025-03-09,irrigation,10,0.311673607459435
2025-03-10,irrigation,10,0.308149093878074
2025-03-11,irrigation,10,0.304577341387349
2025-03-12,irrigation,10,0.301256089538108
2025-03-13,irrigation,10,0.300798425009084
2025-03-14,irrigation,10,0.297883712413699
2025-03-15,irrigation,10,0.295655822753906
2025-03-16,irrigation,10,0.294165673828125
2025-03-17,irrigation,10,0.292080473899841
2025-03-18,irrigation,10,0.288651514417343
2025-03-19,irrigation,10,0.284290917239972
2025-03-20,irrigation,10,0.27898371219635
2025-03-21,irrigation,10,0.27266318581321
2025-03-22,irrigation,10,0.264947680664062
2025-03-23,irrigation,10,0.256738772634733
2025-03-24,irrigation,10,0.250036124295967
2025-03-25,irrigation,10,0.243676687924917
2025-03-26,irrigation,10,0.237574700748219
2025-03-27,irrigation,10,0.232030140269886
2025-03-28,irrigation,10,0.226942533605239
2025-03-29,irrigation,10,0.222152290635437
2025-03-30,irrigation,10,0.217882928047471
2025-03-31,irrigation,10,0.213207522305575
2025-04-01,irrigation,10,0.20937930020419
2025-04-02,irrigation,10,0.19552553286605
2025-04-03,irrigation,10,0.193214776413752
2025-04-04,irrigation,10,0.19054966767629
2025-04-05,irrigation,10,0.188107710618239
2025-04-06,irrigation,10,0.1857772509257
2025-04-07,irrigation,10,0.183844490199126
2025-04-08,irrigation,10,0.1822400425204
2025-04-09,irrigation,10,0.180602282022564
2025-04-10,irrigation,10,0.179192858244243
2025-04-11,irrigation,10,0.177766630556258
2025-04-12,irrigation,10,0.175786130659361
2025-04-13,irrigation,10,0.174505277415413
2025-04-14,irrigation,10,0.173115821770433
2025-04-15,irrigation,10,0.171220092271504
2025-04-16,irrigation,10,0.209589488863006
2025-04-17,irrigation,10,0.366134389241536
2025-04-18,irrigation,10,0.390894773024921
2025-04-19,irrigation,10,0.388663372848973
2025-04-20,irrigation,10,0.387442266479019
2025-04-21,irrigation,10,0.375278525882297
2025-04-22,irrigation,10,0.359424243340125
2025-04-23,irrigation,10,0.34660092373126
2025-04-24,irrigation,10,0.341702472331912
2025-04-25,irrigation,10,0.33426761625565
2025-04-26,irrigation,10,0.326971565022819
2025-04-27,irrigation,10,0.320751907576376
2025-04-28,irrigation,10,0.314611078077747
2025-04-29,irrigation,10,0.307841405134935
2025-04-30,irrigation,10,0.300774066840854
2025-05-01,irrigation,10,0.309539254506429
2025-05-02,irrigation,10,0.311615629453917
2025-05-03,irrigation,10,0.31992354968753
2025-05-04,irrigation,10,0.354453941013502
2025-05-05,irrigation,10,0.373363101191321
2025-05-06,irrigation,10,0.363172028888488
2025-05-07,irrigation,10,0.365165893641508
2025-05-08,irrigation,10,0.370154292910707
2025-05-09,irrigation,10,0.37074203699889
2025-05-10,irrigation,10,0.371651415030162
2025-05-11,irrigation,10,0.369452247719752
2025-05-12,irrigation,10,0.36892099144045
2025-05-13,irrigation,10,0.372523790461416
2025-05-14,irrigation,10,0.370933119455973
2025-05-15,irrigation,10,0.367886161804199
2025-05-16,irrigation,10,0.36686941204649
2025-05-17,irrigation,10,0.364460091713147
2025-05-18,irrigation,10,0.36515977591799
2025-05-19,irrigation,10,0.361534895800386
2025-05-20,irrigation,10,0.364271664813282
2025-05-21,irrigation,10,0.369883722673383
2025-05-22,irrigation,10,0.371726655960083
2025-05-23,irrigation,10,0.371416674162212
2025-05-24,irrigation,10,0.368029308319092
2025-05-25,irrigation,10,0.365752220153809
2025-05-26,irrigation,10,0.370085763931274
2025-05-27,irrigation,10,0.368741551449424
2025-05-28,irrigation,10,0.368687583521793
2025-05-29,irrigation,10,0.376600933074951
2025-05-30,irrigation,10,0.368056833367599
2025-05-31,irrigation,10,0.362252473831177
2025-06-01,irrigation,10,0.359068155288696
2025-06-02,irrigation,10,0.361887287340666
2025-06-03,irrigation,10,0.371100473403931
2025-06-04,irrigation,10,0.368919437489611
2025-06-05,irrigation,10,0.354102754592896
2025-06-06,irrigation,10,0.353162736159105
2025-06-07,irrigation,10,0.369869818436472
2025-06-08,irrigation,10,0.375865268707275
2025-06-09,irrigation,10,0.367703866958618
2025-06-10,irrigation,10,0.363580274581909
2025-06-11,irrigation,10,0.361077610450455
2025-06-12,irrigation,10,0.352506830359018
2025-06-13,irrigation,10,0.35032262802124
2025-06-14,irrigation,10,0.347108936309814
2025-06-15,irrigation,10,0.34338321685791
2025-06-16,irrigation,10,0.341841459274292
2025-06-17,irrigation,10,0.339622116088867
2025-06-18,irrigation,10,0.337318050986842
2025-06-19,irrigation,10,0.332011461257935
2025-06-20,irrigation,10,0.3275794506073
2025-06-21,irrigation,10,0.323811580357927
2025-06-22,irrigation,10,0.320243947882401
2025-06-23,irrigation,10,0.315428638458252
2025-06-24,irrigation,10,0.311566579718339
2025-06-25,irrigation,10,0.305056571960449
2025-06-26,irrigation,10,0.300485952276933
2025-06-27,irrigation,10,0.301198328921669
2025-06-28,irrigation,10,0.295988737407484
2025-06-29,irrigation,10,0.290269148977179
2025-06-30,irrigation,10,0.292414093017578
2025-07-04,irrigation,10,0.243070567737926
2025-07-05,irrigation,10,0.257366589997944
2025-07-06,irrigation,10,0.253130483627319
2025-07-07,irrigation,10,0.260009479522705
2025-07-08,irrigation,10,0.273373937606812
2025-07-09,irrigation,10,0.278434801101685
2025-07-10,irrigation,10,0.275329256057739
2025-07-11,irrigation,10,0.27072365208676
2025-07-12,irrigation,10,0.267213038394326
2025-07-13,irrigation,10,0.263728059467516
2025-07-14,irrigation,10,0.274143314361572
2025-07-15,irrigation,10,0.279931929738898
2025-07-16,irrigation,10,0.277128633197985
2025-07-17,irrigation,10,0.277422428131104
2025-07-18,irrigation,10,0.273231811523438
2025-07-19,irrigation,10,0.270875215530396
2025-07-20,irrigation,10,0.275870323181152
2025-07-21,irrigation,10,0.324621772766113
2025-07-22,irrigation,10,0.32121537057977
2025-07-23,irrigation,10,0.31518063545227
2025-07-24,irrigation,10,0.312625700298109
2025-07-25,irrigation,10,0.319021511077881
2025-07-26,irrigation,10,0.350669765472412
2025-07-27,irrigation,10,0.36110745078639
2025-07-28,irrigation,10,0.369856119155884
2025-07-29,irrigation,10,0.362260818481445
2025-07-30,irrigation,10,0.35366415977478
2025-07-31,irrigation,10,0.349374675750732
2025-08-01,irrigation,10,0.343212985992432
2014-04-11,irrigation_stop,10,0.248152480017095
2014-04-12,irrigation_stop,10,0.245851179990863
2014-04-13,irrigation_stop,10,0.245896456250836
2014-04-14,irrigation_stop,10,0.245304769957689
2014-04-15,irrigation_stop,10,0.24485813454572
2014-04-16,irrigation_stop,10,0.243873536126981
2014-04-17,irrigation_stop,10,0.243774086865197
2014-04-18,irrigation_stop,10,0.242851533818757
2014-04-19,irrigation_stop,10,0.304654663732662
2014-04-20,irrigation_stop,10,0.370779305727156
2014-04-21,irrigation_stop,10,0.358016068241946
2014-04-22,irrigation_stop,10,0.352391371118075
2014-04-23,irrigation_stop,10,0.347424129365107
2014-04-24,irrigation_stop,10,0.342972258840762
2014-04-25,irrigation_stop,10,0.338864590203862
2014-04-26,irrigation_stop,10,0.33549742399256
2014-04-27,irrigation_stop,10,0.397189998877973
2014-04-28,irrigation_stop,10,0.412717689708756
2014-04-29,irrigation_stop,10,0.429164748161903
2014-04-30,irrigation_stop,10,0.410774750931557
2014-05-01,irrigation_stop,10,0.400691025315806
2014-05-02,irrigation_stop,10,0.39735892575285803
2014-05-03,irrigation_stop,10,0.395746787608616
2014-05-04,irrigation_stop,10,0.387215266363389
2014-05-05,irrigation_stop,10,0.381652548439133
2014-05-06,irrigation_stop,10,0.377406497761503
2014-05-07,irrigation_stop,10,0.372541904909561
2014-05-08,irrigation_stop,10,0.372438525239464
2014-05-13,irrigation_stop,10,0.359443683700778
2014-05-14,irrigation_stop,10,0.357506116512317
2014-05-15,irrigation_stop,10,0.355363091081379
2014-05-16,irrigation_stop,10,0.352855628935781
2014-05-17,irrigation_stop,10,0.351505238736825
2014-05-18,irrigation_stop,10,0.349585775166939
2014-05-19,irrigation_stop,10,0.347608461713327
2014-05-20,irrigation_stop,10,0.345006111774426
2014-05-21,irrigation_stop,10,0.342787863131099
2014-05-22,irrigation_stop,10,0.34017971243233
2014-05-23,irrigation_stop,10,0.349526675640598
2014-05-24,irrigation_stop,10,0.354683680650421
2014-05-25,irrigation_stop,10,0.350715635467851
2014-05-26,irrigation_stop,10,0.346200446038486
2014-05-27,irrigation_stop,10,0.343220108821564
2014-05-28,irrigation_stop,10,0.344101535803138
2014-05-29,irrigation_stop,10,0.343272413684144
2014-05-30,irrigation_stop,10,0.340792239485228
2014-05-31,irrigation_stop,10,0.338146299733205
2014-06-01,irrigation_stop,10,0.335210156401814
2014-06-02,irrigation_stop,10,0.333062145669744
2014-06-03,irrigation_stop,10,0.330343517058878
2014-06-04,irrigation_stop,10,0.326449296359712
2014-06-05,irrigation_stop,10,0.325005851487521
2014-06-06,irrigation_stop,10,0.32384864426213
2014-06-07,irrigation_stop,10,0.322528678406005
2014-06-08,irrigation_stop,10,0.32102361800112
2014-06-09,irrigation_stop,10,0.318664617568537
2014-06-10,irrigation_stop,10,0.315941371160746
2014-06-11,irrigation_stop,10,0.313316009662862
2014-06-12,irrigation_stop,10,0.31008869529733
2014-06-13,irrigation_stop,10,0.306580529665102
2014-06-14,irrigation_stop,10,0.302876182242211
2014-06-15,irrigation_stop,10,0.30045137465945
2014-06-16,irrigation_stop,10,0.298222172934364
2014-06-17,irrigation_stop,10,0.294666716180613
2014-06-18,irrigation_stop,10,0.291723562622147
2014-06-19,irrigation_stop,10,0.289669216153356
2014-06-20,irrigation_stop,10,0.28757402051508
2014-06-21,irrigation_stop,10,0.285538316191383
2014-06-22,irrigation_stop,10,0.282713216795467
2014-06-23,irrigation_stop,10,0.282184300418219
2014-06-24,irrigation_stop,10,0.300581572369124
2014-06-25,irrigation_stop,10,0.303213138008127
2014-06-26,irrigation_stop,10,0.302402113221374
2014-06-27,irrigation_stop,10,0.300438095216576
2014-06-28,irrigation_stop,10,0.297651364882535
2014-06-29,irrigation_stop,10,0.294257519120242
2014-06-30,irrigation_stop,10,0.293973131040617
2014-07-01,irrigation_stop,10,0.293055220650374
2014-07-02,irrigation_stop,10,0.29078431306652
2014-07-03,irrigation_stop,10,0.291354235497931
2014-07-04,irrigation_stop,10,0.29018391754211
2014-07-05,irrigation_stop,10,0.287969835168954
2014-07-06,irrigation_stop,10,0.286564195428409
2014-07-07,irrigation_stop,10,0.282985919342105
2014-07-08,irrigation_stop,10,0.331047883249685
2014-07-09,irrigation_stop,10,0.364260903774379
2014-07-10,irrigation_stop,10,0.382923554304817
2014-07-11,irrigation_stop,10,0.402222518855994
2014-07-12,irrigation_stop,10,0.392978378980263
2014-07-13,irrigation_stop,10,0.382820784527177
2014-07-14,irrigation_stop,10,0.373722576182383
2014-07-15,irrigation_stop,10,0.366616734670264
2014-07-16,irrigation_stop,10,0.359260641505348
2014-07-17,irrigation_stop,10,0.35278614752924
2014-07-18,irrigation_stop,10,0.346122034289638
2014-07-19,irrigation_stop,10,0.338709729964498
2014-07-20,irrigation_stop,10,0.333278468121159
2014-07-21,irrigation_stop,10,0.384760481227834
2014-07-22,irrigation_stop,10,0.396414990150134
2014-07-23,irrigation_stop,10,0.394997847172998
2014-07-24,irrigation_stop,10,0.398255310856019
2014-07-25,irrigation_stop,10,0.398320773858605
2014-07-26,irrigation_stop,10,0.39494903862613
2014-07-27,irrigation_stop,10,0.39378852311159
2014-07-28,irrigation_stop,10,0.398159597660819
2014-07-29,irrigation_stop,10,0.44258341809576
2014-07-30,irrigation_stop,10,0.410193051388656
2014-07-31,irrigation_stop,10,0.396528260095585
2014-08-01,irrigation_stop,10,0.384149589087307
2014-08-02,irrigation_stop,10,0.373440579469563
2014-08-03,irrigation_stop,10,0.374656544192969
2014-08-04,irrigation_stop,10,0.37185947494883
2014-08-05,irrigation_stop,10,0.365471405760386
2014-08-06,irrigation_stop,10,0.357583024839181
2014-08-07,irrigation_stop,10,0.350429255770964
2014-08-08,irrigation_stop,10,0.35100325627924
2014-08-09,irrigation_stop,10,0.396103656910178
2014-08-10,irrigation_stop,10,0.387529734780463
2014-08-11,irrigation_stop,10,0.414791615044446
2014-08-12,irrigation_stop,10,0.411667682640618
2014-08-13,irrigation_stop,10,0.407111833814375
2014-08-14,irrigation_stop,10,0.400076636269947
2014-08-15,irrigation_stop,10,0.386923085522661
2014-08-16,irrigation_stop,10,0.377639131969485
2014-08-17,irrigation_stop,10,0.368378675893628
2014-08-18,irrigation_stop,10,0.360177342979386
2014-08-19,irrigation_stop,10,0.359058354806657
2014-08-20,irrigation_stop,10,0.36117711282018
2014-08-21,irrigation_stop,10,0.35425286235099
2014-08-22,irrigation_stop,10,0.343985004171868
2014-08-23,irrigation_stop,10,0.332555066203788
2014-08-24,irrigation_stop,10,0.321718873164066
2014-08-25,irrigation_stop,10,0.311534809322003
2014-08-26,irrigation_stop,10,0.39457818391017
2014-08-27,irrigation_stop,10,0.416064736288986
2014-08-28,irrigation_stop,10,0.396695423873051
2014-08-29,irrigation_stop,10,0.383353570398471
2014-08-30,irrigation_stop,10,0.374401813772591
2014-08-31,irrigation_stop,10,0.364486828648361
2014-09-01,irrigation_stop,10,0.354360964199868
2014-09-02,irrigation_stop,10,0.342622362452247
2014-09-03,irrigation_stop,10,0.331175018796366
2014-09-04,irrigation_stop,10,0.321179620913846
2014-09-05,irrigation_stop,10,0.31440840115695
2014-09-06,irrigation_stop,10,0.308810690111953
2014-09-07,irrigation_stop,10,0.30002668494115
2014-09-08,irrigation_stop,10,0.291689563425378
2014-09-09,irrigation_stop,10,0.28447859533241
2014-09-10,irrigation_stop,10,0.28012116034732
2014-09-11,irrigation_stop,10,0.274034166145202
2014-09-12,irrigation_stop,10,0.267335474197563
2014-09-13,irrigation_stop,10,0.262241753682308
2014-09-14,irrigation_stop,10,0.25606836900736
2014-09-15,irrigation_stop,10,0.249846173448852
2014-09-16,irrigation_stop,10,0.243998678453628
2014-09-17,irrigation_stop,10,0.237662469222512
2014-09-18,irrigation_stop,10,0.231980100633383
2014-09-19,irrigation_stop,10,0.227098823093008
2014-09-20,irrigation_stop,10,0.222104098351323
2014-09-21,irrigation_stop,10,0.218175462843304
2014-09-22,irrigation_stop,10,0.223202067828603
2014-09-23,irrigation_stop,10,0.223971780383048
2014-09-24,irrigation_stop,10,0.220858879253531
2014-09-25,irrigation_stop,10,0.218089220290451
2014-09-26,irrigation_stop,10,0.213658957778069
2014-09-27,irrigation_stop,10,0.210396512914869
2014-09-28,irrigation_stop,10,0.206891078055076
2014-09-29,irrigation_stop,10,0.203134852512899
2014-09-30,irrigation_stop,10,0.200805891134728
2014-10-01,irrigation_stop,10,0.199961139702489
2014-10-02,irrigation_stop,10,0.197208980212275
2014-10-03,irrigation_stop,10,0.193809336222769
2014-10-04,irrigation_stop,10,0.191496088573006
2014-10-05,irrigation_stop,10,0.18874484258999
2014-10-06,irrigation_stop,10,0.258446337508533
2014-10-07,irrigation_stop,10,0.274875108208003
2014-10-08,irrigation_stop,10,0.265517935445505
2014-10-09,irrigation_stop,10,0.252986024088177
2014-10-10,irrigation_stop,10,0.243803724559182
2014-10-16,irrigation_stop,10,0.279511826532231
2014-10-17,irrigation_stop,10,0.281209886491221
2014-10-18,irrigation_stop,10,0.278822623454537
2014-10-19,irrigation_stop,10,0.270869386945207
2014-10-20,irrigation_stop,10,0.261217253713666
2014-10-21,irrigation_stop,10,0.252957029359487
2014-10-22,irrigation_stop,10,0.246512619698002
2014-10-23,irrigation_stop,10,0.242485947524642
2014-10-24,irrigation_stop,10,0.224257577987774
2014-10-25,irrigation_stop,10,0.203001416171185
2014-10-26,irrigation_stop,10,0.199535588224345
2014-10-27,irrigation_stop,10,0.196543969289303
2014-10-28,irrigation_stop,10,0.193270589339575
2014-10-29,irrigation_stop,10,0.18989468799064
2014-10-30,irrigation_stop,10,0.186060798600884
2014-10-31,irrigation_stop,10,0.182148797350736
2014-11-01,irrigation_stop,10,0.178468752885776
2014-11-02,irrigation_stop,10,0.174828072395833
2014-11-03,irrigation_stop,10,0.171282790395981
2014-11-04,irrigation_stop,10,0.167111563259055
2014-11-05,irrigation_stop,10,0.220743085637792
2014-11-06,irrigation_stop,10,0.352382724419482
2014-11-07,irrigation_stop,10,0.342019659051535
2014-11-08,irrigation_stop,10,0.333532543936131
2014-11-09,irrigation_stop,10,0.326572606028874
2014-11-10,irrigation_stop,10,0.319788139789839
2014-11-11,irrigation_stop,10,0.313996217161915
2014-11-12,irrigation_stop,10,0.307532118177593
2014-11-13,irrigation_stop,10,0.306507557085005
2014-11-14,irrigation_stop,10,0.307420829179459
2014-11-15,irrigation_stop,10,0.309725560361842
2014-11-16,irrigation_stop,10,0.371468533337921
2014-11-17,irrigation_stop,10,0.358444001527078
2014-11-18,irrigation_stop,10,0.354860347092471
2014-11-19,irrigation_stop,10,0.348601377403143
2014-11-20,irrigation_stop,10,0.342695389073701
2014-11-21,irrigation_stop,10,0.337316763368056
2014-11-22,irrigation_stop,10,0.332858735590278
2014-11-23,irrigation_stop,10,0.328842208890716
2014-11-24,irrigation_stop,10,0.324719337869385
2014-11-25,irrigation_stop,10,0.321663100411805
2014-11-26,irrigation_stop,10,0.319269457123538
2014-11-27,irrigation_stop,10,0.316835590524488
2014-11-28,irrigation_stop,10,0.312348081483685
2014-11-29,irrigation_stop,10,0.307938859049163
2014-11-30,irrigation_stop,10,0.304467701818581
2014-12-01,irrigation_stop,10,0.302698391407164
2014-12-02,irrigation_stop,10,0.302027627962509
2014-12-03,irrigation_stop,10,0.301153690597588
2014-12-04,irrigation_stop,10,0.30008902032712
2014-12-05,irrigation_stop,10,0.299325872881944
2014-12-06,irrigation_stop,10,0.298120077886727
2014-12-07,irrigation_stop,10,0.296527667361111
2014-12-08,irrigation_stop,10,0.295171022624736
2014-12-09,irrigation_stop,10,0.294202076993728
2014-12-10,irrigation_stop,10,0.293489851341374
2014-12-11,irrigation_stop,10,0.292350503763441
2014-12-12,irrigation_stop,10,0.290793505146199
2014-12-13,irrigation_stop,10,0.288842065268913
2014-12-14,irrigation_stop,10,0.286482034137427
2014-12-15,irrigation_stop,10,0.283947570241267
2014-12-16,irrigation_stop,10,0.282453096184249
2014-12-17,irrigation_stop,10,0.288526527885599
2014-12-18,irrigation_stop,10,0.351769361979167
2014-12-19,irrigation_stop,10,0.367300218216374
2014-12-20,irrigation_stop,10,0.367655357331871
2014-12-21,irrigation_stop,10,0.362681423938231
2014-12-22,irrigation_stop,10,0.355511634627193
2014-12-23,irrigation_stop,10,0.35003245173611103
2014-12-24,irrigation_stop,10,0.345473172182018
2014-12-25,irrigation_stop,10,0.341859509249078
2014-12-26,irrigation_stop,10,0.3385962734375
2014-12-27,irrigation_stop,10,0.336125915496036
2014-12-28,irrigation_stop,10,0.337487447225978
2014-12-29,irrigation_stop,10,0.34129399784342
2014-12-30,irrigation_stop,10,0.342511834218855
2014-12-31,irrigation_stop,10,0.344063468280908
2015-01-01,irrigation_stop,10,0.344442276167886
2015-01-02,irrigation_stop,10,0.34188312300146
2015-01-03,irrigation_stop,10,0.348584029774502
2015-01-04,irrigation_stop,10,0.387238470058818
2015-01-05,irrigation_stop,10,0.374076766620192
2015-01-06,irrigation_stop,10,0.362146342949528
2015-01-07,irrigation_stop,10,0.353574745389456
2015-01-08,irrigation_stop,10,0.347093004631947
2015-01-09,irrigation_stop,10,0.344031875520833
2015-01-10,irrigation_stop,10,0.34949298987993
2015-01-11,irrigation_stop,10,0.353505900362736
2015-01-12,irrigation_stop,10,0.352070438362573
2015-01-13,irrigation_stop,10,0.348539445954716
2015-01-14,irrigation_stop,10,0.347839323439327
2015-01-15,irrigation_stop,10,0.351947950283455
2015-01-16,irrigation_stop,10,0.349424075173611
2015-01-17,irrigation_stop,10,0.349954566858747
2015-01-18,irrigation_stop,10,0.351816532006048
2015-01-19,irrigation_stop,10,0.349115574837354
2015-01-20,irrigation_stop,10,0.346565410937347
2015-01-21,irrigation_stop,10,0.343952877833914
2015-01-22,irrigation_stop,10,0.341754874594885
2015-01-23,irrigation_stop,10,0.33975580463948
2015-01-24,irrigation_stop,10,0.337951279455409
2015-01-25,irrigation_stop,10,0.336146881101974
2015-01-26,irrigation_stop,10,0.334365430902778
2015-01-27,irrigation_stop,10,0.333402153892544
2015-01-28,irrigation_stop,10,0.338384652256944
2015-01-29,irrigation_stop,10,0.341216509548611
2015-01-30,irrigation_stop,10,0.364440768055556
2015-01-31,irrigation_stop,10,0.366598023731725
2015-02-01,irrigation_stop,10,0.363983990624572
2015-02-02,irrigation_stop,10,0.361913026109284
2015-02-03,irrigation_stop,10,0.359298012149123
2015-02-04,irrigation_stop,10,0.355364193711623
2015-02-05,irrigation_stop,10,0.351848426037973
2015-02-06,irrigation_stop,10,0.349320428359968
2015-02-07,irrigation_stop,10,0.348456387523757
2015-02-08,irrigation_stop,10,0.348567564409722
2015-02-09,irrigation_stop,10,0.347660572222222
2015-02-10,irrigation_stop,10,0.345585232280702
2015-02-11,irrigation_stop,10,0.343381217013889
2015-02-12,irrigation_stop,10,0.342347036284722
2015-02-13,irrigation_stop,10,0.342117330619518
2015-02-14,irrigation_stop,10,0.344931753472222
2015-02-15,irrigation_stop,10,0.368828329742325
2015-02-16,irrigation_stop,10,0.380963443201754
2015-02-17,irrigation_stop,10,0.378723137923977
2015-02-18,irrigation_stop,10,0.3738027078125
2015-02-19,irrigation_stop,10,0.368065138368056
2015-02-20,irrigation_stop,10,0.3630546890625
2015-02-21,irrigation_stop,10,0.360816609201389
2015-02-22,irrigation_stop,10,0.364363085299708
2015-02-23,irrigation_stop,10,0.372568559802632
2015-02-24,irrigation_stop,10,0.37337519433845
2015-02-25,irrigation_stop,10,0.372311770188231
2015-02-26,irrigation_stop,10,0.36656346381579
2015-02-27,irrigation_stop,10,0.362357722088816
2015-02-28,irrigation_stop,10,0.358645509299334
2015-03-01,irrigation_stop,10,0.356835500813231
2015-03-02,irrigation_stop,10,0.385986246701389
2015-03-03,irrigation_stop,10,0.381194714234284
2015-03-04,irrigation_stop,10,0.372062476778143
2015-03-05,irrigation_stop,10,0.36577120466281
2015-03-06,irrigation_stop,10,0.360362559264184
2015-03-07,irrigation_stop,10,0.356091833029971
2015-03-08,irrigation_stop,10,0.352233512633547
2015-03-09,irrigation_stop,10,0.34818948789567
2015-03-10,irrigation_stop,10,0.3443608609375
2015-03-11,irrigation_stop,10,0.340780294847075
2015-03-12,irrigation_stop,10,0.337476755902778
2015-03-13,irrigation_stop,10,0.334576764906798
2015-03-14,irrigation_stop,10,0.331593359163012
2015-03-15,irrigation_stop,10,0.328774006030702
2015-03-16,irrigation_stop,10,0.325426950604003
2015-03-17,irrigation_stop,10,0.321597018923611
2015-03-18,irrigation_stop,10,0.317629989977068
2015-03-19,irrigation_stop,10,0.313879418848684
2015-03-20,irrigation_stop,10,0.310131702178363
2015-03-21,irrigation_stop,10,0.306986623314292
2015-03-22,irrigation_stop,10,0.306938970171784
2015-03-23,irrigation_stop,10,0.306592239256213
2015-03-24,irrigation_stop,10,0.303770368093933
2015-03-25,irrigation_stop,10,0.299798329861111
2015-03-26,irrigation_stop,10,0.297095763733553
2015-03-27,irrigation_stop,10,0.293653462359284
2015-03-28,irrigation_stop,10,0.289682116230287
2015-03-29,irrigation_stop,10,0.286618313935626
2015-03-30,irrigation_stop,10,0.356353153327851
2015-03-31,irrigation_stop,10,0.386140512987939
2015-04-01,irrigation_stop,10,0.36905879235003
2015-04-02,irrigation_stop,10,0.3585231603125
2015-04-03,irrigation_stop,10,0.353927630519006
2015-04-04,irrigation_stop,10,0.35114172357009
2015-04-05,irrigation_stop,10,0.347122080246711
2015-04-06,irrigation_stop,10,0.342149463081102
2015-04-07,irrigation_stop,10,0.337516138936404
2015-04-08,irrigation_stop,10,0.332756033680556
2015-04-09,irrigation_stop,10,0.327328705361842
2015-04-10,irrigation_stop,10,0.321217629162973
2015-04-11,irrigation_stop,10,0.314822818225512
2015-04-12,irrigation_stop,10,0.308775172395833
2015-04-13,irrigation_stop,10,0.301546021383406
2015-04-14,irrigation_stop,10,0.293860777196637
2015-04-15,irrigation_stop,10,0.285729683680556
2015-04-16,irrigation_stop,10,0.277544015953947
2015-04-17,irrigation_stop,10,0.272963163965643
2015-04-18,irrigation_stop,10,0.269083318866959
2015-04-19,irrigation_stop,10,0.26234016119883
2015-04-20,irrigation_stop,10,0.254827582987939
2015-04-21,irrigation_stop,10,0.247012954726703
2015-04-22,irrigation_stop,10,0.238840008680556
2015-04-23,irrigation_stop,10,0.230811519967105
2015-04-24,irrigation_stop,10,0.223057290383772
2015-04-25,irrigation_stop,10,0.217213102777778
2015-04-26,irrigation_stop,10,0.214784575520833
2015-04-27,irrigation_stop,10,0.211332877542032
2015-04-28,irrigation_stop,10,0.207760188017178
2015-04-29,irrigation_stop,10,0.205291267881944
2015-04-30,irrigation_stop,10,0.200994766319444
2015-05-01,irrigation_stop,10,0.263139838486842
2015-05-02,irrigation_stop,10,0.386383200263158
2015-05-03,irrigation_stop,10,0.394763970833333
2015-05-04,irrigation_stop,10,0.388971264722222
2015-05-05,irrigation_stop,10,0.373151044270833
2015-05-06,irrigation_stop,10,0.364001635323465
2015-05-07,irrigation_stop,10,0.354501509483327
2015-05-08,irrigation_stop,10,0.344444974802632
2015-05-09,irrigation_stop,10,0.335571741145833
2015-05-10,irrigation_stop,10,0.325396598263889
2015-05-11,irrigation_stop,10,0.313453513614455
2015-05-12,irrigation_stop,10,0.299303887445175
2015-05-13,irrigation_stop,10,0.284487292719415
2015-05-14,irrigation_stop,10,0.272420053204853
2015-05-15,irrigation_stop,10,0.305348258368947
2015-05-16,irrigation_stop,10,0.367512323247549
2015-05-17,irrigation_stop,10,0.351446010245434
2015-05-18,irrigation_stop,10,0.337264055129662
2015-05-19,irrigation_stop,10,0.32743740628519
2015-05-20,irrigation_stop,10,0.320444306636236
2015-05-21,irrigation_stop,10,0.310220461668775
2015-05-22,irrigation_stop,10,0.297656920102914
2015-05-23,irrigation_stop,10,0.284813939556954
2015-05-24,irrigation_stop,10,0.270746730669019
2015-05-25,irrigation_stop,10,0.25835244019501
2015-05-26,irrigation_stop,10,0.249970993055556
2015-05-27,irrigation_stop,10,0.239686632149123
2015-05-28,irrigation_stop,10,0.227097890098684
2015-05-29,irrigation_stop,10,0.214329988715278
2015-05-30,irrigation_stop,10,0.203200213541667
2015-05-31,irrigation_stop,10,0.194144775743787
2015-06-01,irrigation_stop,10,0.186382188618421
2015-06-02,irrigation_stop,10,0.180514324305556
2015-06-03,irrigation_stop,10,0.175106893576389
2015-06-04,irrigation_stop,10,0.170185758680556
2015-06-05,irrigation_stop,10,0.165655331176901
2015-06-06,irrigation_stop,10,0.162221089153874
2015-06-07,irrigation_stop,10,0.1592098875
2015-06-08,irrigation_stop,10,0.157850713541667
2015-06-09,irrigation_stop,10,0.157403645659722
2015-06-10,irrigation_stop,10,0.157035708159722
2015-06-11,irrigation_stop,10,0.155525372386696
2015-06-12,irrigation_stop,10,0.1541366703125
2015-06-13,irrigation_stop,10,0.152685053819444
2015-06-14,irrigation_stop,10,0.151502961119704
2015-06-15,irrigation_stop,10,0.150427796683114
2015-06-16,irrigation_stop,10,0.149391946275762
2015-06-17,irrigation_stop,10,0.14811902593019
2015-06-18,irrigation_stop,10,0.146655244711257
2015-06-19,irrigation_stop,10,0.154591532090643
2015-06-20,irrigation_stop,10,0.160449395066412
2015-06-21,irrigation_stop,10,0.156376592432383
2015-06-22,irrigation_stop,10,0.151662259782529
2015-06-23,irrigation_stop,10,0.150864882465278
2015-06-24,irrigation_stop,10,0.150359213888889
2015-06-25,irrigation_stop,10,0.148412339451754
2015-06-26,irrigation_stop,10,0.146156729861111
2015-06-27,irrigation_stop,10,0.144271862657164
2015-06-28,irrigation_stop,10,0.142536324872076
2015-06-29,irrigation_stop,10,0.140611786805556
2015-06-30,irrigation_stop,10,0.138547800890219
2015-07-01,irrigation_stop,10,0.136510650868056
2015-07-02,irrigation_stop,10,0.134401648601974
2015-07-03,irrigation_stop,10,0.132331998603801
2015-07-04,irrigation_stop,10,0.130090517013889
2015-07-05,irrigation_stop,10,0.127917716553363
2015-07-06,irrigation_stop,10,0.126351343106725
2015-07-07,irrigation_stop,10,0.125155580413012
2015-07-08,irrigation_stop,10,0.12409623030884499
2015-07-09,irrigation_stop,10,0.1228272125
2015-07-10,irrigation_stop,10,0.12155299369883
2015-07-11,irrigation_stop,10,0.120421365972222
2015-07-12,irrigation_stop,10,0.119258976226243
2015-07-13,irrigation_stop,10,0.118098586111111
2015-07-14,irrigation_stop,10,0.116903968055556
2015-07-15,irrigation_stop,10,0.116480740277778
2015-07-16,irrigation_stop,10,0.115756571920687
2015-07-17,irrigation_stop,10,0.114831348327851
2015-07-18,irrigation_stop,10,0.113950211187865
2015-07-19,irrigation_stop,10,0.113918381770833
2015-07-20,irrigation_stop,10,0.114189625694444
2015-07-21,irrigation_stop,10,0.114245799479167
2015-07-22,irrigation_stop,10,0.114096817361111
2015-07-23,irrigation_stop,10,0.114031527304459
2015-07-24,irrigation_stop,10,0.114074361458333
2015-07-25,irrigation_stop,10,0.128791505381944
2015-07-26,irrigation_stop,10,0.137185731610015
2015-07-27,irrigation_stop,10,0.173164795667032
2015-07-28,irrigation_stop,10,0.175570181284722
2015-07-29,irrigation_stop,10,0.162459536631944
2015-07-30,irrigation_stop,10,0.152132874209515
2015-07-31,irrigation_stop,10,0.140626333783983
2015-08-01,irrigation_stop,10,0.136646084660088
2015-08-02,irrigation_stop,10,0.159057576736111
2015-08-03,irrigation_stop,10,0.163877774305556
2015-08-04,irrigation_stop,10,0.153124077777778
2015-08-05,irrigation_stop,10,0.143479515975877
2015-08-06,irrigation_stop,10,0.135710019075292
2015-08-07,irrigation_stop,10,0.130308313220997
2015-08-08,irrigation_stop,10,0.126336132264899
2015-08-09,irrigation_stop,10,0.124762468248562
2015-08-10,irrigation_stop,10,0.222332844802632
2015-08-11,irrigation_stop,10,0.237812095837027
2015-08-12,irrigation_stop,10,0.217705034839181
2015-08-13,irrigation_stop,10,0.192038155972222
2015-08-14,irrigation_stop,10,0.199173899851974
2015-08-15,irrigation_stop,10,0.308667631915205
2015-08-16,irrigation_stop,10,0.355510233680556
2015-08-17,irrigation_stop,10,0.333759033552282
2015-08-18,irrigation_stop,10,0.313910916239035
2015-08-19,irrigation_stop,10,0.303484290847137
2015-08-20,irrigation_stop,10,0.291428630304374
2015-08-21,irrigation_stop,10,0.273230074180664
2015-08-22,irrigation_stop,10,0.252248607915539
2015-08-23,irrigation_stop,10,0.23570374216347
2015-08-24,irrigation_stop,10,0.226374105270468
2015-08-25,irrigation_stop,10,0.217870573671418
2015-08-26,irrigation_stop,10,0.206344000338085
2015-08-27,irrigation_stop,10,0.193517068435673
2015-08-28,irrigation_stop,10,0.181145244718567
2015-08-29,irrigation_stop,10,0.171176889409722
2015-08-30,irrigation_stop,10,0.162768932832602
2015-08-31,irrigation_stop,10,0.155569227094534
2015-09-01,irrigation_stop,10,0.151871967255435
2015-09-02,irrigation_stop,10,0.150410760906124
2015-09-03,irrigation_stop,10,0.147263978724747
2015-09-04,irrigation_stop,10,0.144179410195541
2015-09-05,irrigation_stop,10,0.141028152576165
2015-09-06,irrigation_stop,10,0.138393872048611
2015-09-07,irrigation_stop,10,0.135852570634137
2015-09-08,irrigation_stop,10,0.133719635698099
2015-09-09,irrigation_stop,10,0.131627155018275
2015-09-10,irrigation_stop,10,0.129861240120968
2015-09-11,irrigation_stop,10,0.128722473079741
2015-09-12,irrigation_stop,10,0.127873096849415
2015-09-13,irrigation_stop,10,0.127225786304825
2015-09-14,irrigation_stop,10,0.151295546312212
2015-09-15,irrigation_stop,10,0.159644044270833
2015-09-16,irrigation_stop,10,0.148538877039474
2015-09-17,irrigation_stop,10,0.140530042355123
2015-09-18,irrigation_stop,10,0.1392363390625
2015-09-19,irrigation_stop,10,0.136817950868056
2015-09-20,irrigation_stop,10,0.134400578428363
2015-09-21,irrigation_stop,10,0.132376354861111
2015-09-22,irrigation_stop,10,0.13089885973136
2015-09-23,irrigation_stop,10,0.129962374031433
2015-09-24,irrigation_stop,10,0.129154038426535
2015-09-25,irrigation_stop,10,0.128128875448029
2015-09-26,irrigation_stop,10,0.127243004437135
2015-09-27,irrigation_stop,10,0.12644157126462
2015-09-28,irrigation_stop,10,0.125835077656503
2015-09-29,irrigation_stop,10,0.125101843055556
2015-09-30,irrigation_stop,10,0.124324769384137
2015-10-01,irrigation_stop,10,0.12336867754141
2015-10-02,irrigation_stop,10,0.122468506812866
2015-10-03,irrigation_stop,10,0.121873796664124
2015-10-04,irrigation_stop,10,0.121314163968676
2015-10-05,irrigation_stop,10,0.120741479421543
2015-10-06,irrigation_stop,10,0.12059829816155
2015-10-07,irrigation_stop,10,0.121575832465278
2015-10-08,irrigation_stop,10,0.121801295907405
2015-10-09,irrigation_stop,10,0.121928336986477
2015-10-10,irrigation_stop,10,0.122088753873239
2015-10-12,irrigation_stop,10,0.121925328629579
2015-10-13,irrigation_stop,10,0.121802702951389
2015-10-14,irrigation_stop,10,0.121495878061038
2015-10-15,irrigation_stop,10,0.121562684383438
2015-10-16,irrigation_stop,10,0.122199380162257
2015-10-17,irrigation_stop,10,0.121993737326389
2015-10-18,irrigation_stop,10,0.121957581597222
2015-10-19,irrigation_stop,10,0.12223186865396
2015-10-20,irrigation_stop,10,0.122098570206506
2015-10-21,irrigation_stop,10,0.121898517920322
2015-10-22,irrigation_stop,10,0.121597259692982
2015-10-23,irrigation_stop,10,0.121391382465278
2015-10-24,irrigation_stop,10,0.121188175266813
2015-10-25,irrigation_stop,10,0.121048016769006
2015-10-26,irrigation_stop,10,0.120829852430556
2015-10-27,irrigation_stop,10,0.120553937874635
2015-10-28,irrigation_stop,10,0.120381052997154
2015-10-29,irrigation_stop,10,0.145327822903874
2015-10-30,irrigation_stop,10,0.165421362844628
2015-10-31,irrigation_stop,10,0.1678199794474
2015-11-01,irrigation_stop,10,0.1641725424292
2015-11-02,irrigation_stop,10,0.158248879649758
2015-11-03,irrigation_stop,10,0.151589462348085
2015-11-04,irrigation_stop,10,0.147169461129386
2015-11-05,irrigation_stop,10,0.144686401736111
2015-11-06,irrigation_stop,10,0.14255342829495601
2015-11-07,irrigation_stop,10,0.140481043240248
2015-11-08,irrigation_stop,10,0.138751990770609
2015-11-09,irrigation_stop,10,0.137275358333333
2015-11-10,irrigation_stop,10,0.136116409460892
2015-11-11,irrigation_stop,10,0.135371350619518
2015-11-12,irrigation_stop,10,0.134737024243421
2015-11-13,irrigation_stop,10,0.133948951170952
2015-11-14,irrigation_stop,10,0.133463324928728
2015-11-15,irrigation_stop,10,0.132991660120455
2015-11-16,irrigation_stop,10,0.13229529154788
2015-11-17,irrigation_stop,10,0.131726287145468
2015-11-18,irrigation_stop,10,0.131314283735847
2015-11-19,irrigation_stop,10,0.131015803634868
2015-11-20,irrigation_stop,10,0.168071787425073
2015-11-21,irrigation_stop,10,0.35021020567412
2015-11-22,irrigation_stop,10,0.344182180790601
2015-11-23,irrigation_stop,10,0.334694501569888
2015-11-24,irrigation_stop,10,0.328275804990863
2015-11-25,irrigation_stop,10,0.324275386761537
2015-11-26,irrigation_stop,10,0.339880253686466
2015-11-27,irrigation_stop,10,0.352866419926901
2015-11-28,irrigation_stop,10,0.343070473006213
2015-11-29,irrigation_stop,10,0.337930946028874
2015-11-30,irrigation_stop,10,0.335899291588085
2015-12-01,irrigation_stop,10,0.332504690903893
2015-12-02,irrigation_stop,10,0.328341255480512
2015-12-03,irrigation_stop,10,0.324759242057513
2015-12-04,irrigation_stop,10,0.32140134647679
2015-12-05,irrigation_stop,10,0.318688189429825
2015-12-06,irrigation_stop,10,0.316937332288012
2015-12-07,irrigation_stop,10,0.315191100173611
2015-12-08,irrigation_stop,10,0.313702863663564
2015-12-09,irrigation_stop,10,0.312357596516696
2015-12-10,irrigation_stop,10,0.311292021791289
2015-12-11,irrigation_stop,10,0.309862522633701
2015-12-12,irrigation_stop,10,0.308736119522015
2015-12-13,irrigation_stop,10,0.307513151005117
2015-12-14,irrigation_stop,10,0.306185234208699
2015-12-15,irrigation_stop,10,0.305069361189693
2015-12-16,irrigation_stop,10,0.304584327271953
2015-12-17,irrigation_stop,10,0.30688149624234
2015-12-18,irrigation_stop,10,0.3074233375
2015-12-19,irrigation_stop,10,0.307245602615367
2015-12-20,irrigation_stop,10,0.306518610822718
2015-12-21,irrigation_stop,10,0.3053191484375
2015-12-22,irrigation_stop,10,0.30430497045656
2015-12-23,irrigation_stop,10,0.30351480923094
2015-12-24,irrigation_stop,10,0.302549363267013
2015-12-25,irrigation_stop,10,0.301509089080853
2015-12-26,irrigation_stop,10,0.30044535090095
2015-12-27,irrigation_stop,10,0.29929340438231
2015-12-28,irrigation_stop,10,0.298088153874269
2015-12-29,irrigation_stop,10,0.296943325031244
2015-12-30,irrigation_stop,10,0.296106261059411
2015-12-31,irrigation_stop,10,0.295000156692174
2016-01-01,irrigation_stop,10,0.293853724075798
2016-01-02,irrigation_stop,10,0.292667011451899
2016-01-03,irrigation_stop,10,0.294124702258016
2016-01-04,irrigation_stop,10,0.308824788738092
2016-01-05,irrigation_stop,10,0.35588532802896
2016-01-06,irrigation_stop,10,0.357837835763889
2016-01-07,irrigation_stop,10,0.351247773468567
2016-01-08,irrigation_stop,10,0.352374661716903
2016-01-09,irrigation_stop,10,0.376964311284722
2016-01-10,irrigation_stop,10,0.373653758442982
2016-01-11,irrigation_stop,10,0.382196471774488
2016-01-12,irrigation_stop,10,0.380242558998538
2016-01-13,irrigation_stop,10,0.37553921179078
2016-01-14,irrigation_stop,10,0.365266674479167
2016-01-15,irrigation_stop,10,0.358776166699406
2016-01-16,irrigation_stop,10,0.354074675284188
2016-01-17,irrigation_stop,10,0.350424764049708
2016-01-18,irrigation_stop,10,0.345818861897941
2016-01-19,irrigation_stop,10,0.341588763523392
2016-01-20,irrigation_stop,10,0.339737652087027
2016-01-21,irrigation_stop,10,0.338533784480994
2016-01-22,irrigation_stop,10,0.335468359269006
2016-01-23,irrigation_stop,10,0.333150458274854
2016-01-24,irrigation_stop,10,0.33193118709702
2016-01-25,irrigation_stop,10,0.331559671416962
2016-01-26,irrigation_stop,10,0.331369066319444
2016-01-27,irrigation_stop,10,0.33123307055575
2016-01-28,irrigation_stop,10,0.330484575085192
2016-01-29,irrigation_stop,10,0.329387499153797
2016-01-30,irrigation_stop,10,0.32816358704573
2016-01-31,irrigation_stop,10,0.369763847603739
2016-02-01,irrigation_stop,10,0.375368171622224
2016-02-02,irrigation_stop,10,0.364397603768688
2016-02-03,irrigation_stop,10,0.360718128290109
2016-02-04,irrigation_stop,10,0.359929997449491
2016-02-05,irrigation_stop,10,0.368918270687689
2016-02-06,irrigation_stop,10,0.362677316622146
2016-02-07,irrigation_stop,10,0.357113137196028
2016-02-08,irrigation_stop,10,0.35876216565424
2016-02-09,irrigation_stop,10,0.359084053940681
2016-02-10,irrigation_stop,10,0.375794294251881
2016-02-11,irrigation_stop,10,0.365649150941422
2016-02-12,irrigation_stop,10,0.35962337369285
2016-02-13,irrigation_stop,10,0.359825030594758
2016-02-14,irrigation_stop,10,0.381089057957375
2016-02-15,irrigation_stop,10,0.377490341633422
2016-02-16,irrigation_stop,10,0.372068017881944
2016-02-17,irrigation_stop,10,0.365612270120614
2016-02-18,irrigation_stop,10,0.360938873245614
2016-02-19,irrigation_stop,10,0.358998883357091
2016-02-20,irrigation_stop,10,0.356514028819444
2016-02-21,irrigation_stop,10,0.36613371587105
2016-02-22,irrigation_stop,10,0.365277596083388
2016-02-23,irrigation_stop,10,0.361343786480263
2016-02-24,irrigation_stop,10,0.362482138785461
2016-02-25,irrigation_stop,10,0.367271621468289
2016-02-26,irrigation_stop,10,0.363720010422968
2016-02-27,irrigation_stop,10,0.358044454042398
2016-02-28,irrigation_stop,10,0.360476673645833
2016-02-29,irrigation_stop,10,0.362088909027778
2016-03-01,irrigation_stop,10,0.356110187293494
2016-03-02,irrigation_stop,10,0.350956691081871
2016-03-03,irrigation_stop,10,0.351162770427009
2016-03-04,irrigation_stop,10,0.350267318135965
2016-03-05,irrigation_stop,10,0.350502063693659
2016-03-06,irrigation_stop,10,0.357197504144504
2016-03-07,irrigation_stop,10,0.352358312167709
2016-03-08,irrigation_stop,10,0.347734086703216
2016-03-09,irrigation_stop,10,0.3440237037138
2016-03-10,irrigation_stop,10,0.3405805033018
2016-03-11,irrigation_stop,10,0.337344782710161
2016-03-12,irrigation_stop,10,0.334350658738141
2016-03-13,irrigation_stop,10,0.331155944053363
2016-03-14,irrigation_stop,10,0.327926477653509
2016-03-15,irrigation_stop,10,0.325120872741228
2016-03-16,irrigation_stop,10,0.322289228519737
2016-03-17,irrigation_stop,10,0.318483809117325
2016-03-18,irrigation_stop,10,0.314459564802632
2016-03-19,irrigation_stop,10,0.310465101125731
2016-03-20,irrigation_stop,10,0.306172901045322
2016-03-21,irrigation_stop,10,0.301713054508406
2016-03-22,irrigation_stop,10,0.297529410842471
2016-03-23,irrigation_stop,10,0.293362826683114
2016-03-24,irrigation_stop,10,0.289323326193348
2016-03-25,irrigation_stop,10,0.285580970929024
2016-03-26,irrigation_stop,10,0.282280608744518
2016-03-27,irrigation_stop,10,0.276387500093202
2016-03-28,irrigation_stop,10,0.273336661284722
2016-03-29,irrigation_stop,10,0.267748748527047
2016-03-30,irrigation_stop,10,0.262365891661184
2016-03-31,irrigation_stop,10,0.254642349261696
2016-04-01,irrigation_stop,10,0.246592122247807
2016-04-02,irrigation_stop,10,0.239515659163647
2016-04-03,irrigation_stop,10,0.231057770884503
2016-04-04,irrigation_stop,10,0.222751596187865
2016-04-05,irrigation_stop,10,0.215505770783991
2016-04-06,irrigation_stop,10,0.218384449248904
2016-04-07,irrigation_stop,10,0.223991265739509
2016-04-08,irrigation_stop,10,0.226150576686176
2016-04-09,irrigation_stop,10,0.283296832646277
2016-04-10,irrigation_stop,10,0.303077782465278
2016-04-11,irrigation_stop,10,0.295493705407529
2016-04-12,irrigation_stop,10,0.284358524819079
2016-04-13,irrigation_stop,10,0.273447114568713
2016-04-14,irrigation_stop,10,0.266958354605263
2016-04-15,irrigation_stop,10,0.259259568923611
2016-04-16,irrigation_stop,10,0.253275894791667
2016-04-17,irrigation_stop,10,0.247313503819444
2016-04-18,irrigation_stop,10,0.246134997903874
2016-04-19,irrigation_stop,10,0.242256848539839
2016-04-20,irrigation_stop,10,0.234373391281067
2016-04-21,irrigation_stop,10,0.225818099479167
2016-04-22,irrigation_stop,10,0.218468374131944
2016-04-23,irrigation_stop,10,0.236936049258041
2016-04-24,irrigation_stop,10,0.274239143627558
2016-04-25,irrigation_stop,10,0.273457481387061
2016-04-26,irrigation_stop,10,0.265481416968202
2016-04-27,irrigation_stop,10,0.255558779795322
2016-04-28,irrigation_stop,10,0.247187537156433
2016-04-29,irrigation_stop,10,0.238416184201389
2016-04-30,irrigation_stop,10,0.228855444470301
2016-05-01,irrigation_stop,10,0.224490238802997
2016-05-02,irrigation_stop,10,0.222405333269371
2016-05-03,irrigation_stop,10,0.218537356917209
2016-05-04,irrigation_stop,10,0.214275277779605
2016-05-05,irrigation_stop,10,0.207604368899854
2016-05-06,irrigation_stop,10,0.200337795659722
2016-05-07,irrigation_stop,10,0.192945265152187
2016-05-08,irrigation_stop,10,0.186667319573729
2016-05-09,irrigation_stop,10,0.181071854861111
2016-05-10,irrigation_stop,10,0.174683537186022
2016-05-11,irrigation_stop,10,0.16982005
2016-05-12,irrigation_stop,10,0.169019883236477
2016-05-13,irrigation_stop,10,0.289508007613186
2016-05-14,irrigation_stop,10,0.332396093923611
2016-05-15,irrigation_stop,10,0.31682096875
2016-05-16,irrigation_stop,10,0.300451324131944
2016-05-17,irrigation_stop,10,0.283047417476243
2016-05-18,irrigation_stop,10,0.263757176840278
2016-05-19,irrigation_stop,10,0.248168479558215
2016-05-20,irrigation_stop,10,0.235715028371711
2016-05-21,irrigation_stop,10,0.220073995486111
2016-05-22,irrigation_stop,10,0.204129568614294
2016-05-23,irrigation_stop,10,0.242352340513563
2016-05-24,irrigation_stop,10,0.325558166898757
2016-05-25,irrigation_stop,10,0.316714504340278
2016-05-26,irrigation_stop,10,0.299580582476981
2016-05-27,irrigation_stop,10,0.277718088901681
2016-05-28,irrigation_stop,10,0.252203621973684
2016-05-29,irrigation_stop,10,0.278577711902412
2016-05-30,irrigation_stop,10,0.341605856250739
2016-05-31,irrigation_stop,10,0.328527530555556
2016-06-01,irrigation_stop,10,0.310637028428127
2016-06-02,irrigation_stop,10,0.298639637002924
2016-06-03,irrigation_stop,10,0.292402466748904
2016-06-04,irrigation_stop,10,0.281508320517178
2016-06-05,irrigation_stop,10,0.266510611920449
2016-06-06,irrigation_stop,10,0.246573354124635
2016-06-07,irrigation_stop,10,0.226835228236477
2016-06-08,irrigation_stop,10,0.213063328372488
2016-06-09,irrigation_stop,10,0.20618969651864
2016-06-10,irrigation_stop,10,0.194858789499328
2016-06-11,irrigation_stop,10,0.187597049479167
2016-06-12,irrigation_stop,10,0.185009131770406
2016-06-13,irrigation_stop,10,0.182503919491959
2016-06-14,irrigation_stop,10,0.179826106372442
2016-06-15,irrigation_stop,10,0.175450582638889
2016-06-16,irrigation_stop,10,0.172649317560307
2016-06-17,irrigation_stop,10,0.18283005061769
2016-06-18,irrigation_stop,10,0.194895755687135
2016-06-19,irrigation_stop,10,0.190240726136696
2016-06-20,irrigation_stop,10,0.180926778645833
2016-06-21,irrigation_stop,10,0.174860802077851
2016-06-22,irrigation_stop,10,0.170725572576077
2016-06-23,irrigation_stop,10,0.161159665408568
2016-06-24,irrigation_stop,10,0.15646268326369
2016-06-25,irrigation_stop,10,0.158768618104898
2016-06-26,irrigation_stop,10,0.16178813401133
2016-06-27,irrigation_stop,10,0.157539434133772
2016-06-28,irrigation_stop,10,0.15391507970943
2016-06-29,irrigation_stop,10,0.150812018355263
2016-06-30,irrigation_stop,10,0.150005694329313
2016-07-01,irrigation_stop,10,0.14969035652542
2016-07-02,irrigation_stop,10,0.14915020494883
2016-07-03,irrigation_stop,10,0.148121749836926
2016-07-04,irrigation_stop,10,0.145488335937578
2016-07-05,irrigation_stop,10,0.143113389700292
2016-07-06,irrigation_stop,10,0.140790143357798
2016-07-07,irrigation_stop,10,0.138356104089303
2016-07-08,irrigation_stop,10,0.136172314200858
2016-07-09,irrigation_stop,10,0.13427279754071
2016-07-10,irrigation_stop,10,0.132270953012285
2016-07-11,irrigation_stop,10,0.130437712941279
2016-07-12,irrigation_stop,10,0.144815817114401
2016-07-13,irrigation_stop,10,0.191976697225877
2016-07-14,irrigation_stop,10,0.188743958313231
2016-07-15,irrigation_stop,10,0.172910591319444
2016-07-16,irrigation_stop,10,0.157244598726243
2016-07-17,irrigation_stop,10,0.147144758190789
2016-07-18,irrigation_stop,10,0.140753228687865
2016-07-19,irrigation_stop,10,0.136197412969582
2016-07-20,irrigation_stop,10,0.132785448704594
2016-07-21,irrigation_stop,10,0.130157249354093
2016-07-22,irrigation_stop,10,0.129885184307383
2016-07-23,irrigation_stop,10,0.131271110763889
2016-07-24,irrigation_stop,10,0.130795243901448
2016-07-25,irrigation_stop,10,0.129622345408462
2016-07-26,irrigation_stop,10,0.12831435938293
2016-07-27,irrigation_stop,10,0.12704868165781
2016-07-28,irrigation_stop,10,0.125697476607523
2016-07-29,irrigation_stop,10,0.12450473903389
2016-07-30,irrigation_stop,10,0.123444750815866
2016-07-31,irrigation_stop,10,0.123741968947594
2016-08-01,irrigation_stop,10,0.124386322567855
2016-08-02,irrigation_stop,10,0.124555535966819
2016-08-03,irrigation_stop,10,0.124323458127177
2016-08-04,irrigation_stop,10,0.123629373942888
2016-08-05,irrigation_stop,10,0.1276465046875
2016-08-06,irrigation_stop,10,0.12843492485664
2016-08-07,irrigation_stop,10,0.127673573298611
2016-08-08,irrigation_stop,10,0.126886544116275
2016-08-09,irrigation_stop,10,0.126061552451436
2016-08-10,irrigation_stop,10,0.149565825559133
2016-08-11,irrigation_stop,10,0.149915039327485
2016-08-12,irrigation_stop,10,0.142992831416063
2016-08-13,irrigation_stop,10,0.137598089180703
2016-08-14,irrigation_stop,10,0.133441340187198
2016-08-15,irrigation_stop,10,0.129992498196685
2016-08-16,irrigation_stop,10,0.127232814723755
2016-08-17,irrigation_stop,10,0.125467534197734
2016-08-18,irrigation_stop,10,0.124538336557018
2016-08-19,irrigation_stop,10,0.12382242400402001
2016-08-20,irrigation_stop,10,0.123261896483918
2016-08-21,irrigation_stop,10,0.122602901388889
2016-08-22,irrigation_stop,10,0.121378888545827
2016-08-23,irrigation_stop,10,0.120506350476507
2016-08-24,irrigation_stop,10,0.119786166553363
2016-08-25,irrigation_stop,10,0.119060700461089
2016-08-26,irrigation_stop,10,0.118296171050804
2016-08-27,irrigation_stop,10,0.117539328826832
2016-08-28,irrigation_stop,10,0.116603536971857
2016-08-29,irrigation_stop,10,0.116187572614043
2016-08-30,irrigation_stop,10,0.115581940047515
2016-08-31,irrigation_stop,10,0.115122734968933
2016-09-01,irrigation_stop,10,0.114628756383878
2016-09-02,irrigation_stop,10,0.113873754800804
2016-09-03,irrigation_stop,10,0.113231600187111
2016-09-04,irrigation_stop,10,0.112550559142452
2016-09-05,irrigation_stop,10,0.1393740903125
2016-09-06,irrigation_stop,10,0.170210152149823
2016-09-07,irrigation_stop,10,0.16573711898213
2016-09-08,irrigation_stop,10,0.152746668039639
2016-09-09,irrigation_stop,10,0.142321737390351
2016-09-10,irrigation_stop,10,0.135717511979167
2016-09-11,irrigation_stop,10,0.131101085842471
2016-09-12,irrigation_stop,10,0.127280016348684
2016-09-13,irrigation_stop,10,0.124412574271953
2016-09-14,irrigation_stop,10,0.122100930838816
2016-09-15,irrigation_stop,10,0.120298726861702
2016-09-16,irrigation_stop,10,0.118935134830549
2016-09-17,irrigation_stop,10,0.118697447585892
2016-09-18,irrigation_stop,10,0.118616522477098
2016-09-19,irrigation_stop,10,0.118541980169956
2016-09-20,irrigation_stop,10,0.118064287846803
2016-09-21,irrigation_stop,10,0.117790817534251
2016-09-22,irrigation_stop,10,0.117806857785088
2016-09-23,irrigation_stop,10,0.117484383636229
2016-09-24,irrigation_stop,10,0.117123502664474
2016-09-25,irrigation_stop,10,0.116574375166301
2016-09-26,irrigation_stop,10,0.116288190499655
2016-09-27,irrigation_stop,10,0.127021219605078
2016-09-28,irrigation_stop,10,0.132698002245377
2016-10-07,irrigation_stop,10,0.121967731105232
2016-10-08,irrigation_stop,10,0.121573303947767
2016-10-09,irrigation_stop,10,0.121017212918081
2016-10-10,irrigation_stop,10,0.120252812769323
2016-10-11,irrigation_stop,10,0.119753433771135
2016-10-12,irrigation_stop,10,0.118962887819318
2016-10-13,irrigation_stop,10,0.118531800172104
2016-10-14,irrigation_stop,10,0.120568351550538
2016-10-15,irrigation_stop,10,0.12974120848136
2016-10-16,irrigation_stop,10,0.130375284861819
2016-10-17,irrigation_stop,10,0.128950049823926
2016-10-18,irrigation_stop,10,0.128809885407669
2016-10-19,irrigation_stop,10,0.127749552481064
2016-10-20,irrigation_stop,10,0.126652196902264
2016-10-21,irrigation_stop,10,0.125879214693057
2016-10-22,irrigation_stop,10,0.125382188264029
2016-10-23,irrigation_stop,10,0.124995943356219
2016-10-24,irrigation_stop,10,0.124418897614743
2016-10-25,irrigation_stop,10,0.12476260176034
2016-10-26,irrigation_stop,10,0.168483914673872
2016-10-27,irrigation_stop,10,0.252012552044485
2016-10-28,irrigation_stop,10,0.254513235934234
2016-10-29,irrigation_stop,10,0.249787410640048
2016-10-30,irrigation_stop,10,0.244421834526205
2016-10-31,irrigation_stop,10,0.239898306691964
2016-11-01,irrigation_stop,10,0.23585086144268
2016-11-02,irrigation_stop,10,0.231230315236523
2016-11-03,irrigation_stop,10,0.226695592532021
2016-11-04,irrigation_stop,10,0.222790570991341
2016-11-05,irrigation_stop,10,0.217914553951262
2016-11-06,irrigation_stop,10,0.251053721854898
2016-11-07,irrigation_stop,10,0.276463878538996
2016-11-08,irrigation_stop,10,0.280123214675426
2016-11-09,irrigation_stop,10,0.283464271479174
2016-11-10,irrigation_stop,10,0.311424284813925
2016-11-11,irrigation_stop,10,0.358279996012795
2016-11-12,irrigation_stop,10,0.348271968880149
2016-11-13,irrigation_stop,10,0.338375375765581
2016-11-14,irrigation_stop,10,0.3461201342811
2016-11-15,irrigation_stop,10,0.343980586235457
2016-11-16,irrigation_stop,10,0.336573084292647
2016-11-17,irrigation_stop,10,0.330769231944444
2016-11-18,irrigation_stop,10,0.325839305364036
2016-11-19,irrigation_stop,10,0.337948420317267
2016-11-20,irrigation_stop,10,0.34529449321176
2016-11-21,irrigation_stop,10,0.336232956599781
2016-11-22,irrigation_stop,10,0.326672367668405
2016-11-23,irrigation_stop,10,0.318856891003834
2016-11-24,irrigation_stop,10,0.312423569924583
2016-11-25,irrigation_stop,10,0.307670953708901
2016-11-26,irrigation_stop,10,0.305145213718972
2016-11-27,irrigation_stop,10,0.30341999860946
2016-11-28,irrigation_stop,10,0.302072065124444
2016-11-29,irrigation_stop,10,0.300814424855604
2016-11-30,irrigation_stop,10,0.299758192233945
2016-12-01,irrigation_stop,10,0.298650994749496
2016-12-02,irrigation_stop,10,0.297472212519032
2016-12-03,irrigation_stop,10,0.296420923017309
2016-12-04,irrigation_stop,10,0.295396578143213
2016-12-05,irrigation_stop,10,0.294427703135302
2016-12-06,irrigation_stop,10,0.293473730203568
2016-12-07,irrigation_stop,10,0.292533680184635
2016-12-08,irrigation_stop,10,0.291624882564438
2016-12-09,irrigation_stop,10,0.290723851461988
2016-12-10,irrigation_stop,10,0.289893726788837
2016-12-11,irrigation_stop,10,0.289229489849185
2016-12-12,irrigation_stop,10,0.288605547451267
2016-12-13,irrigation_stop,10,0.28795985561957
2016-12-14,irrigation_stop,10,0.287328822165771
2016-12-15,irrigation_stop,10,0.286721858765725
2016-12-16,irrigation_stop,10,0.28610795099123
2016-12-17,irrigation_stop,10,0.285473115151793
2016-12-18,irrigation_stop,10,0.284781953630255
2016-12-19,irrigation_stop,10,0.283907331131226
2016-12-20,irrigation_stop,10,0.282247841875
2016-12-21,irrigation_stop,10,0.281566640191857
2016-12-22,irrigation_stop,10,0.28132671282809
2016-12-23,irrigation_stop,10,0.281007541910461
2016-12-24,irrigation_stop,10,0.280691423910226
2016-12-25,irrigation_stop,10,0.27994455452672
2016-12-26,irrigation_stop,10,0.279227584415752
2016-12-27,irrigation_stop,10,0.278936975432777
2016-12-28,irrigation_stop,10,0.278674208459971
2016-12-29,irrigation_stop,10,0.27840087722201
2016-12-30,irrigation_stop,10,0.278020748686504
2016-12-31,irrigation_stop,10,0.27752824573659
2017-01-01,irrigation_stop,10,0.276905471096314
2017-01-02,irrigation_stop,10,0.276230668495216
2017-01-03,irrigation_stop,10,0.275740290825876
2017-01-04,irrigation_stop,10,0.27524076573876
2017-01-05,irrigation_stop,10,0.27463755626462
2017-01-06,irrigation_stop,10,0.274141612831091
2017-01-07,irrigation_stop,10,0.273231297335261
2017-01-08,irrigation_stop,10,0.27284362743189
2017-01-09,irrigation_stop,10,0.272840068914452
2017-01-10,irrigation_stop,10,0.272585540707399
2017-01-11,irrigation_stop,10,0.272317587522611
2017-01-12,irrigation_stop,10,0.272229645780041
2017-01-13,irrigation_stop,10,0.319848943807397
2017-01-14,irrigation_stop,10,0.336186008723228
2017-01-15,irrigation_stop,10,0.33452289152043
2017-01-16,irrigation_stop,10,0.33052533804748
2017-01-17,irrigation_stop,10,0.324887888716855
2017-01-18,irrigation_stop,10,0.31998990315539
2017-01-19,irrigation_stop,10,0.31518971324924
2017-01-20,irrigation_stop,10,0.310007807219373
2017-01-21,irrigation_stop,10,0.305301732376709
2017-01-22,irrigation_stop,10,0.302156964057777
2017-01-23,irrigation_stop,10,0.301874317120472
2017-01-24,irrigation_stop,10,0.30042019147329
2017-01-25,irrigation_stop,10,0.297593285350692
2017-01-26,irrigation_stop,10,0.289974668570371
2017-01-27,irrigation_stop,10,0.287821682491446
2017-01-28,irrigation_stop,10,0.295119280599882
2017-01-29,irrigation_stop,10,0.302579116425121
2017-01-30,irrigation_stop,10,0.307092873893986
2017-01-31,irrigation_stop,10,0.324501310988514
2017-02-01,irrigation_stop,10,0.352224369258041
2017-02-02,irrigation_stop,10,0.354218913032034
2017-02-03,irrigation_stop,10,0.351360150498904
2017-02-04,irrigation_stop,10,0.349182983436406
2017-02-05,irrigation_stop,10,0.350968882876875
2017-02-06,irrigation_stop,10,0.354825861346857
2017-02-07,irrigation_stop,10,0.359379610808515
2017-02-08,irrigation_stop,10,0.363033959289108
2017-02-09,irrigation_stop,10,0.363470216968202
2017-02-10,irrigation_stop,10,0.357615499172149
2017-02-11,irrigation_stop,10,0.352460544209086
2017-02-12,irrigation_stop,10,0.3476425936727
2017-02-13,irrigation_stop,10,0.34307172249059
2017-02-14,irrigation_stop,10,0.338766870455574
2017-02-15,irrigation_stop,10,0.334967162423154
2017-02-16,irrigation_stop,10,0.331696663909203
2017-02-17,irrigation_stop,10,0.328812884396039
2017-02-18,irrigation_stop,10,0.326332270067974
2017-02-19,irrigation_stop,10,0.32409043750772
2017-02-20,irrigation_stop,10,0.321970092511382
2017-02-21,irrigation_stop,10,0.319907624171531
2017-02-22,irrigation_stop,10,0.317639792207013
2017-02-23,irrigation_stop,10,0.314862298753127
2017-02-24,irrigation_stop,10,0.311873034037891
2017-02-25,irrigation_stop,10,0.309437674408661
2017-02-26,irrigation_stop,10,0.306823032461163
2017-02-27,irrigation_stop,10,0.303681080952213
2017-02-28,irrigation_stop,10,0.30532768874328
2017-03-01,irrigation_stop,10,0.326750010035578
2017-03-02,irrigation_stop,10,0.372124297989846
2017-03-03,irrigation_stop,10,0.36372007096229
2017-03-04,irrigation_stop,10,0.356532664925617
2017-03-05,irrigation_stop,10,0.356509966869829
2017-03-06,irrigation_stop,10,0.377295437675439
2017-03-07,irrigation_stop,10,0.379847595461071
2017-03-08,irrigation_stop,10,0.367130725498745
2017-03-09,irrigation_stop,10,0.373599781521145
2017-03-10,irrigation_stop,10,0.368471097278874
2017-03-11,irrigation_stop,10,0.358613765442311
2017-03-12,irrigation_stop,10,0.350815724557141
2017-03-13,irrigation_stop,10,0.344275968894614
2017-03-14,irrigation_stop,10,0.338286782918838
2017-03-15,irrigation_stop,10,0.332678025090785
2017-03-16,irrigation_stop,10,0.327131643282105
2017-03-17,irrigation_stop,10,0.321503672662511
2017-03-18,irrigation_stop,10,0.318401191482804
2017-03-19,irrigation_stop,10,0.33483861540517
2017-03-20,irrigation_stop,10,0.332706595502558
2017-03-21,irrigation_stop,10,0.326672016166441
2017-03-22,irrigation_stop,10,0.320958024411917
2017-03-23,irrigation_stop,10,0.318869932235081
2017-03-24,irrigation_stop,10,0.312929351616277
2017-03-25,irrigation_stop,10,0.30405882019726
2017-03-26,irrigation_stop,10,0.301999681745642
2017-03-27,irrigation_stop,10,0.302096783500234
2017-03-28,irrigation_stop,10,0.296543247969308
2017-03-29,irrigation_stop,10,0.28964833543733
2017-03-30,irrigation_stop,10,0.28174747642675
2017-03-31,irrigation_stop,10,0.272933753642054
2017-04-01,irrigation_stop,10,0.263777892523573
2017-04-02,irrigation_stop,10,0.257794944888584
2017-04-03,irrigation_stop,10,0.252067248525936
2017-04-04,irrigation_stop,10,0.245684078202395
2017-04-05,irrigation_stop,10,0.239064006348371
2017-04-06,irrigation_stop,10,0.232118516101356
2017-04-07,irrigation_stop,10,0.225848401975417
2017-04-08,irrigation_stop,10,0.218771280222282
2017-04-09,irrigation_stop,10,0.2107070132186
2017-04-10,irrigation_stop,10,0.202813909706504
2017-04-11,irrigation_stop,10,0.195901071239029
2017-04-12,irrigation_stop,10,0.189829269791747
2017-04-13,irrigation_stop,10,0.183998454044479
2017-04-14,irrigation_stop,10,0.178960381793202
2017-04-15,irrigation_stop,10,0.175137529702509
2017-04-16,irrigation_stop,10,0.172609289265351
2017-04-17,irrigation_stop,10,0.170357860617846
2017-04-18,irrigation_stop,10,0.168116153682145
2017-04-19,irrigation_stop,10,0.166828797184906
2017-04-20,irrigation_stop,10,0.165980544653381
2017-04-21,irrigation_stop,10,0.164933299343903
2017-04-22,irrigation_stop,10,0.163137491518789
2017-04-23,irrigation_stop,10,0.160741632968472
2017-04-24,irrigation_stop,10,0.158611743092952
2017-04-25,irrigation_stop,10,0.156845331447368
2017-04-26,irrigation_stop,10,0.159158979794028
2017-04-27,irrigation_stop,10,0.161909848998415
2017-04-28,irrigation_stop,10,0.164658421320288
2017-04-29,irrigation_stop,10,0.167160791282718
2017-04-30,irrigation_stop,10,0.167511192332585
2017-05-01,irrigation_stop,10,0.186634567768599
2017-05-02,irrigation_stop,10,0.251873952759142
2017-05-03,irrigation_stop,10,0.25840270906991
2017-05-04,irrigation_stop,10,0.250685833329657
2017-05-05,irrigation_stop,10,0.239902243819039
2017-05-06,irrigation_stop,10,0.225439063730973
2017-05-07,irrigation_stop,10,0.219069625678455
2017-05-08,irrigation_stop,10,0.212647625682483
2017-05-09,irrigation_stop,10,0.205266033517357
2017-05-10,irrigation_stop,10,0.197357527335758
2017-05-11,irrigation_stop,10,0.188827099002236
2017-05-12,irrigation_stop,10,0.182056320909314
2017-05-13,irrigation_stop,10,0.178066942854092
2017-05-14,irrigation_stop,10,0.173949594075851
2017-05-15,irrigation_stop,10,0.168597017082128
2017-05-16,irrigation_stop,10,0.163305674603098
2017-05-17,irrigation_stop,10,0.158801444134593
2017-05-18,irrigation_stop,10,0.155452481625973
2017-05-19,irrigation_stop,10,0.163069104171255
2017-05-20,irrigation_stop,10,0.19187065115471
2017-05-21,irrigation_stop,10,0.185180671659403
2017-05-22,irrigation_stop,10,0.172623049936931
2017-05-23,irrigation_stop,10,0.163195333987647
2017-05-24,irrigation_stop,10,0.15745416947647
2017-05-25,irrigation_stop,10,0.152443983485907
2017-05-26,irrigation_stop,10,0.148936388823994
2017-05-27,irrigation_stop,10,0.145825377391053
2017-05-28,irrigation_stop,10,0.143221821977946
2017-05-29,irrigation_stop,10,0.141834753384921
2017-05-30,irrigation_stop,10,0.144793149379271
2017-05-31,irrigation_stop,10,0.143801969415706
2017-06-01,irrigation_stop,10,0.142014596519423
2017-06-02,irrigation_stop,10,0.140135586085034
2017-06-03,irrigation_stop,10,0.138405619283341
2017-06-04,irrigation_stop,10,0.153114687539688
2017-06-05,irrigation_stop,10,0.161842660036691
2017-06-06,irrigation_stop,10,0.162362143558188
2017-06-07,irrigation_stop,10,0.156460777608802
2017-06-08,irrigation_stop,10,0.149419975192549
2017-06-09,irrigation_stop,10,0.145150167919062
2017-06-10,irrigation_stop,10,0.142021215331186
2017-06-11,irrigation_stop,10,0.139229171848643
2017-06-12,irrigation_stop,10,0.136848261972764
2017-06-13,irrigation_stop,10,0.13469439033074
2017-06-14,irrigation_stop,10,0.134279943514361
2017-06-15,irrigation_stop,10,0.163369337949079
2017-06-16,irrigation_stop,10,0.16658327638056
2017-06-17,irrigation_stop,10,0.154960170794257
2017-06-18,irrigation_stop,10,0.146155280899576
2017-06-19,irrigation_stop,10,0.140607687055552
2017-06-20,irrigation_stop,10,0.136456369567932
2017-06-21,irrigation_stop,10,0.133258643078843
2017-06-22,irrigation_stop,10,0.130941024077557
2017-06-23,irrigation_stop,10,0.128588004109545
2017-06-24,irrigation_stop,10,0.126576105162638
2017-06-25,irrigation_stop,10,0.125176727010863
2017-06-26,irrigation_stop,10,0.124607753084421
2017-06-27,irrigation_stop,10,0.125043289954194
2017-06-28,irrigation_stop,10,0.125929697940214
2017-06-29,irrigation_stop,10,0.126450525864009
2017-06-30,irrigation_stop,10,0.126163935481563
2017-07-01,irrigation_stop,10,0.125409290867481
2017-07-02,irrigation_stop,10,0.124785262827292
2017-07-03,irrigation_stop,10,0.124129517897569
2017-07-04,irrigation_stop,10,0.123314642705044
2017-07-05,irrigation_stop,10,0.122414566923677
2017-07-06,irrigation_stop,10,0.121201933109469
2017-07-07,irrigation_stop,10,0.119915160083827
2017-07-08,irrigation_stop,10,0.118884957648545
2017-07-09,irrigation_stop,10,0.11792130736709
2017-07-10,irrigation_stop,10,0.117938673775914
2017-07-11,irrigation_stop,10,0.120053867627247
2017-07-12,irrigation_stop,10,0.121180888058849
2017-07-13,irrigation_stop,10,0.121298688754699
2017-07-14,irrigation_stop,10,0.12084496815997
2017-07-15,irrigation_stop,10,0.119979380546732
2017-07-16,irrigation_stop,10,0.119115554596465
2017-07-17,irrigation_stop,10,0.11839100393439
2017-07-18,irrigation_stop,10,0.1175326430646
2017-07-19,irrigation_stop,10,0.116630830889375
2017-07-20,irrigation_stop,10,0.11583239237465601
2017-07-21,irrigation_stop,10,0.115196308272693
2017-07-22,irrigation_stop,10,0.114945366006157
2017-07-23,irrigation_stop,10,0.115445368653928
2017-07-24,irrigation_stop,10,0.116126507039649
2017-07-25,irrigation_stop,10,0.116878588994331
2017-07-26,irrigation_stop,10,0.11739092116578
2017-07-27,irrigation_stop,10,0.117414235901424
2017-07-28,irrigation_stop,10,0.117517316048615
2017-07-29,irrigation_stop,10,0.117174631145834
2017-07-30,irrigation_stop,10,0.116814557075865
2017-07-31,irrigation_stop,10,0.116641313987876
2017-08-01,irrigation_stop,10,0.119473001078546
2017-08-02,irrigation_stop,10,0.133464425237538
2017-08-03,irrigation_stop,10,0.13076469726323
2017-08-04,irrigation_stop,10,0.12736027310012701
2017-08-05,irrigation_stop,10,0.125498507988453
2017-08-06,irrigation_stop,10,0.123877300363577
2017-08-07,irrigation_stop,10,0.121929860732961
2017-08-08,irrigation_stop,10,0.164169853928122
2017-08-09,irrigation_stop,10,0.272871635054213
2017-08-10,irrigation_stop,10,0.289806563085802
2017-08-11,irrigation_stop,10,0.347344617912369
2017-08-12,irrigation_stop,10,0.334393674374165
2017-08-13,irrigation_stop,10,0.314450361961072
2017-08-14,irrigation_stop,10,0.29661611738064
2017-08-15,irrigation_stop,10,0.277334975557245
2017-08-16,irrigation_stop,10,0.259465882752354
2017-08-17,irrigation_stop,10,0.239021600378919
2017-08-18,irrigation_stop,10,0.21813815235138
2017-08-19,irrigation_stop,10,0.221544992091607
2017-08-20,irrigation_stop,10,0.218779586131305
2017-08-21,irrigation_stop,10,0.208760381483606
2017-08-22,irrigation_stop,10,0.19770988302027
2017-08-23,irrigation_stop,10,0.185865245091479
2017-08-24,irrigation_stop,10,0.175473365534518
2017-08-25,irrigation_stop,10,0.167604700997109
2017-08-26,irrigation_stop,10,0.15910319417319
2017-08-27,irrigation_stop,10,0.152158460526994
2017-08-28,irrigation_stop,10,0.147725391908561
2017-08-29,irrigation_stop,10,0.143345518317265
2017-08-30,irrigation_stop,10,0.139652095643718
2017-08-31,irrigation_stop,10,0.13914634324403
2017-09-01,irrigation_stop,10,0.142910879704005
2017-09-02,irrigation_stop,10,0.143931164701533
2017-09-03,irrigation_stop,10,0.142139424873688
2017-09-04,irrigation_stop,10,0.139655053831934
2017-09-05,irrigation_stop,10,0.137209697780047
2017-09-06,irrigation_stop,10,0.1346553614966
2017-09-07,irrigation_stop,10,0.132185815956179
2017-09-08,irrigation_stop,10,0.130071411898406
2017-09-09,irrigation_stop,10,0.12926511290868
2017-09-10,irrigation_stop,10,0.130165961075789
2017-09-11,irrigation_stop,10,0.130138886904256
2017-09-12,irrigation_stop,10,0.129737549355805
2017-09-13,irrigation_stop,10,0.129053398987697
2017-09-14,irrigation_stop,10,0.128932398243927
2017-09-15,irrigation_stop,10,0.128410888536566
2017-09-16,irrigation_stop,10,0.127504826936274
2017-09-17,irrigation_stop,10,0.126703650239734
2017-09-18,irrigation_stop,10,0.12643111029406
2017-09-19,irrigation_stop,10,0.12605025848498
2017-09-20,irrigation_stop,10,0.12558626770173
2017-09-21,irrigation_stop,10,0.12479470281716
2017-09-22,irrigation_stop,10,0.124125560492565
2017-09-23,irrigation_stop,10,0.123473278245048
2017-09-24,irrigation_stop,10,0.122762342663547
2017-09-25,irrigation_stop,10,0.121982941488086
2017-09-26,irrigation_stop,10,0.121458566481301
2017-09-27,irrigation_stop,10,0.120917289741757
2017-09-28,irrigation_stop,10,0.120313858328731
2017-09-29,irrigation_stop,10,0.119717760297377
2017-09-30,irrigation_stop,10,0.119147983880358
2017-10-01,irrigation_stop,10,0.118715497905518
2017-10-02,irrigation_stop,10,0.118690843166393
2017-10-03,irrigation_stop,10,0.121105771354891
2017-10-04,irrigation_stop,10,0.124777812143019
2017-10-05,irrigation_stop,10,0.125550825052092
2017-10-06,irrigation_stop,10,0.125827274448253
2017-10-07,irrigation_stop,10,0.125754915599104
2017-10-08,irrigation_stop,10,0.125900645737823
2017-10-09,irrigation_stop,10,0.125717068053137
2017-10-10,irrigation_stop,10,0.125209855087193
2017-10-11,irrigation_stop,10,0.124589328929266
2017-10-12,irrigation_stop,10,0.123892855216084
2017-10-13,irrigation_stop,10,0.123184180086523
2017-10-14,irrigation_stop,10,0.122558279405705
2017-10-15,irrigation_stop,10,0.121956641315456
2017-10-16,irrigation_stop,10,0.121390777688355
2017-10-17,irrigation_stop,10,0.120792901272998
2017-10-18,irrigation_stop,10,0.120161251595309
2017-10-19,irrigation_stop,10,0.119735751250909
2017-10-20,irrigation_stop,10,0.119390251119722
2017-10-21,irrigation_stop,10,0.1190458280817
2017-10-22,irrigation_stop,10,0.118522875553252
2017-10-23,irrigation_stop,10,0.118246045814043
2017-10-24,irrigation_stop,10,0.118045403059389
2017-10-25,irrigation_stop,10,0.117979909545125
2017-10-26,irrigation_stop,10,0.117903875325274
2017-10-27,irrigation_stop,10,0.117736519599745
2017-10-28,irrigation_stop,10,0.117528329043297
2017-10-29,irrigation_stop,10,0.117320719551949
2017-10-30,irrigation_stop,10,0.117214522374182
2017-10-31,irrigation_stop,10,0.116923012531075
2017-11-01,irrigation_stop,10,0.116706961485472
2017-11-02,irrigation_stop,10,0.116641668855108
2017-11-03,irrigation_stop,10,0.116590519980186
2017-11-04,irrigation_stop,10,0.116538240389726
2017-11-05,irrigation_stop,10,0.124729621374936
2017-11-06,irrigation_stop,10,0.14146022462007
2017-11-07,irrigation_stop,10,0.144317004220531
2017-11-08,irrigation_stop,10,0.145790781891132
2017-11-09,irrigation_stop,10,0.146837948072581
2017-11-10,irrigation_stop,10,0.14674047808494
2017-11-11,irrigation_stop,10,0.146971165738544
2017-11-12,irrigation_stop,10,0.171791728561881
2017-11-13,irrigation_stop,10,0.242862467137497
2017-11-14,irrigation_stop,10,0.259156402611992
2017-11-15,irrigation_stop,10,0.266259063056564
2017-11-16,irrigation_stop,10,0.269866719869725
2017-11-17,irrigation_stop,10,0.271844950608673
2017-11-18,irrigation_stop,10,0.272863283224999
2017-11-19,irrigation_stop,10,0.272812287806114
2017-11-20,irrigation_stop,10,0.27393832796079
2017-11-21,irrigation_stop,10,0.274093954574711
2017-11-22,irrigation_stop,10,0.273063597596152
2017-11-23,irrigation_stop,10,0.271265486243991
2017-11-24,irrigation_stop,10,0.269004335815314
2017-11-25,irrigation_stop,10,0.267609243925184
2017-11-26,irrigation_stop,10,0.27595838186838
2017-11-27,irrigation_stop,10,0.279396143667229
2017-11-28,irrigation_stop,10,0.28052614400841003
2017-11-29,irrigation_stop,10,0.280449752239611
2017-11-30,irrigation_stop,10,0.282757641816021
2017-12-01,irrigation_stop,10,0.284275970150042
2017-12-02,irrigation_stop,10,0.28465550347765
2017-12-03,irrigation_stop,10,0.284413336857972
2017-12-04,irrigation_stop,10,0.283922406862598
2017-12-05,irrigation_stop,10,0.283080234137168
2017-12-06,irrigation_stop,10,0.282153167813495
2017-12-07,irrigation_stop,10,0.28112448650964
2017-12-08,irrigation_stop,10,0.281735988580725
2017-12-09,irrigation_stop,10,0.30318745340133
2017-12-10,irrigation_stop,10,0.311972732794095
2017-12-11,irrigation_stop,10,0.314817900015107
2017-12-12,irrigation_stop,10,0.344160800886136
2017-12-13,irrigation_stop,10,0.349395577785329
2017-12-14,irrigation_stop,10,0.347330937780105
2017-12-15,irrigation_stop,10,0.358248635223907
2017-12-16,irrigation_stop,10,0.356203475585519
2017-12-17,irrigation_stop,10,0.351159146786827
2017-12-18,irrigation_stop,10,0.345907544207412
2017-12-19,irrigation_stop,10,0.34071735244136
2017-12-20,irrigation_stop,10,0.338284506901866
2017-12-21,irrigation_stop,10,0.33705704104696
2017-12-22,irrigation_stop,10,0.336254852831194
2017-12-23,irrigation_stop,10,0.34015372983167
2017-12-24,irrigation_stop,10,0.342515563113663
2017-12-25,irrigation_stop,10,0.339595784274485
2017-12-26,irrigation_stop,10,0.336195811118948
2017-12-27,irrigation_stop,10,0.335838836479116
2017-12-28,irrigation_stop,10,0.346930912986069
2017-12-29,irrigation_stop,10,0.346992567010045
2017-12-30,irrigation_stop,10,0.357530778270298
2017-12-31,irrigation_stop,10,0.368322995395805
2018-01-01,irrigation_stop,10,0.3648238402278
2018-01-02,irrigation_stop,10,0.372217964082419
2018-01-03,irrigation_stop,10,0.373050939753983
2018-01-04,irrigation_stop,10,0.382642316571122
2018-01-05,irrigation_stop,10,0.375439300070774
2018-01-06,irrigation_stop,10,0.365631610328489
2018-01-07,irrigation_stop,10,0.361312302538649
2018-01-08,irrigation_stop,10,0.369401820042165
2018-01-09,irrigation_stop,10,0.401253305658996
2018-01-10,irrigation_stop,10,0.386157473565429
2018-01-11,irrigation_stop,10,0.37087188524459
2018-01-12,irrigation_stop,10,0.362447795847939
2018-01-13,irrigation_stop,10,0.356072841110789
2018-01-14,irrigation_stop,10,0.351205969561833
2018-01-15,irrigation_stop,10,0.346868260564689
2018-01-16,irrigation_stop,10,0.348566239247535
2018-01-17,irrigation_stop,10,0.368619133930143
2018-01-18,irrigation_stop,10,0.36900701794827
2018-01-19,irrigation_stop,10,0.378234570531853
2018-01-20,irrigation_stop,10,0.367495819290412
2018-01-21,irrigation_stop,10,0.384117610185239
2018-01-22,irrigation_stop,10,0.411410364511966
2018-01-23,irrigation_stop,10,0.41831581251338
2018-01-24,irrigation_stop,10,0.394781890798059
2018-01-25,irrigation_stop,10,0.377592782064658
2018-01-26,irrigation_stop,10,0.367046759091749
2018-01-27,irrigation_stop,10,0.36024888021041
2018-01-28,irrigation_stop,10,0.355588713767903
2018-01-29,irrigation_stop,10,0.351961548377342
2018-01-30,irrigation_stop,10,0.348977092302207
2018-01-31,irrigation_stop,10,0.346450445336074
2018-02-01,irrigation_stop,10,0.351904659198398
2018-02-02,irrigation_stop,10,0.355602274507626
2018-02-03,irrigation_stop,10,0.351359857895667
2018-02-04,irrigation_stop,10,0.347060703683989
2018-02-05,irrigation_stop,10,0.344505908778385
2018-02-06,irrigation_stop,10,0.343440386068656
2018-02-07,irrigation_stop,10,0.342062443714656
2018-02-08,irrigation_stop,10,0.340390040162518
2018-02-09,irrigation_stop,10,0.338516175162218
2018-02-10,irrigation_stop,10,0.336739228740919
2018-02-11,irrigation_stop,10,0.335373366405423
2018-02-12,irrigation_stop,10,0.335493977490343
2018-02-13,irrigation_stop,10,0.335090726669994
2018-02-14,irrigation_stop,10,0.332674064343422
2018-02-15,irrigation_stop,10,0.330998790857773
2018-02-16,irrigation_stop,10,0.339276039097832
2018-02-17,irrigation_stop,10,0.363695396956349
2018-02-18,irrigation_stop,10,0.375476820793035
2018-02-19,irrigation_stop,10,0.371774640384117
2018-02-20,irrigation_stop,10,0.366141566653999
2018-02-21,irrigation_stop,10,0.361819725134928
2018-02-22,irrigation_stop,10,0.356998822139955
2018-02-23,irrigation_stop,10,0.353064320848195
2018-02-24,irrigation_stop,10,0.349805510601352
2018-02-25,irrigation_stop,10,0.346936671106439
2018-02-26,irrigation_stop,10,0.344092197354781
2018-02-27,irrigation_stop,10,0.34024836256295
2018-02-28,irrigation_stop,10,0.335349754615939
2018-03-01,irrigation_stop,10,0.333217082366754
2018-03-02,irrigation_stop,10,0.332319839754537
2018-03-03,irrigation_stop,10,0.332530201737459
2018-03-04,irrigation_stop,10,0.336496175897895
2018-03-05,irrigation_stop,10,0.339249152520196
2018-03-06,irrigation_stop,10,0.337934689984104
2018-03-07,irrigation_stop,10,0.335818923099296
2018-03-08,irrigation_stop,10,0.333836796048782
2018-03-09,irrigation_stop,10,0.331694255475321
2018-03-10,irrigation_stop,10,0.329290506307731
2018-03-11,irrigation_stop,10,0.326988434118674
2018-03-12,irrigation_stop,10,0.325270172522847
2018-03-13,irrigation_stop,10,0.327603607079
2018-03-14,irrigation_stop,10,0.326607367180529
2018-03-15,irrigation_stop,10,0.323177464789877
2018-03-16,irrigation_stop,10,0.319788682165906
2018-03-17,irrigation_stop,10,0.317435080291358
2018-03-18,irrigation_stop,10,0.322073097402184
2018-03-19,irrigation_stop,10,0.322251868983195
2018-03-20,irrigation_stop,10,0.320023425420125
2018-03-21,irrigation_stop,10,0.317788505554199
2018-03-22,irrigation_stop,10,0.315854206152842
2018-03-23,irrigation_stop,10,0.313363281885783
2018-03-24,irrigation_stop,10,0.310207461641546
2018-03-25,irrigation_stop,10,0.306636603673299
2018-03-26,irrigation_stop,10,0.303071911115173
2018-03-27,irrigation_stop,10,0.299508492151896
2018-03-28,irrigation_stop,10,0.303875748316447
2018-03-29,irrigation_stop,10,0.312791617711385
2018-03-30,irrigation_stop,10,0.313952408338848
2018-03-31,irrigation_stop,10,0.322312610369202
2018-04-01,irrigation_stop,10,0.32898405961823
2018-04-02,irrigation_stop,10,0.324514738718669
2018-04-03,irrigation_stop,10,0.318008932154229
2018-04-04,irrigation_stop,10,0.311477975343403
2018-04-05,irrigation_stop,10,0.310025276552167
2018-04-06,irrigation_stop,10,0.307504989407587
2018-04-07,irrigation_stop,10,0.301574625216032
2018-04-08,irrigation_stop,10,0.294467322031657
2018-04-09,irrigation_stop,10,0.286550720878269
2018-04-10,irrigation_stop,10,0.27934142246581
2018-04-11,irrigation_stop,10,0.2722068442921
2018-04-12,irrigation_stop,10,0.264677562603269
2018-04-13,irrigation_stop,10,0.257193680646127
2018-04-14,irrigation_stop,10,0.248772921311228
2018-04-15,irrigation_stop,10,0.240395581094842
2018-04-16,irrigation_stop,10,0.23275254667851
2018-04-17,irrigation_stop,10,0.224461603164673
2018-04-18,irrigation_stop,10,0.214810924704345
2018-04-19,irrigation_stop,10,0.205011587557585
2018-04-20,irrigation_stop,10,0.195618944335402
2018-04-21,irrigation_stop,10,0.186713600326003
2018-04-22,irrigation_stop,10,0.179023862805283
2018-04-23,irrigation_stop,10,0.173105983805327
2018-04-24,irrigation_stop,10,0.169053527095862
2018-04-25,irrigation_stop,10,0.164730597489269
2018-04-26,irrigation_stop,10,0.161439090527986
2018-04-27,irrigation_stop,10,0.158973280200766
2018-04-28,irrigation_stop,10,0.156601001672577
2018-04-29,irrigation_stop,10,0.154689588379442
2018-04-30,irrigation_stop,10,0.154087044333224
2018-05-01,irrigation_stop,10,0.154352943097179
2018-05-02,irrigation_stop,10,0.154714123408
2018-05-03,irrigation_stop,10,0.198446544011434
2018-05-04,irrigation_stop,10,0.23591244810371
2018-05-05,irrigation_stop,10,0.234107831486484
2018-05-06,irrigation_stop,10,0.220346871928165
2018-05-07,irrigation_stop,10,0.207557807052345
2018-05-08,irrigation_stop,10,0.200861770395647
2018-05-09,irrigation_stop,10,0.191753230196364
2018-05-10,irrigation_stop,10,0.185847679773966
2018-05-11,irrigation_stop,10,0.179647941176417
2018-05-12,irrigation_stop,10,0.171009282396551
2018-05-13,irrigation_stop,10,0.165076917283078
2018-05-14,irrigation_stop,10,0.17715777296769
2018-05-15,irrigation_stop,10,0.212113406365378
2018-05-16,irrigation_stop,10,0.239463321451555
2018-05-17,irrigation_stop,10,0.236589246901526
2018-05-18,irrigation_stop,10,0.224166234166999
2018-05-19,irrigation_stop,10,0.209546757128845
2018-05-20,irrigation_stop,10,0.198570641604337
2018-05-21,irrigation_stop,10,0.187288844390703
2018-05-22,irrigation_stop,10,0.175218380116428
2018-05-23,irrigation_stop,10,0.168637006205897
2018-05-24,irrigation_stop,10,0.163381236228287
2018-05-25,irrigation_stop,10,0.156869634858595
2018-05-26,irrigation_stop,10,0.152665837617333
2018-05-27,irrigation_stop,10,0.150781118005946
2018-05-28,irrigation_stop,10,0.149557279476254
2018-05-29,irrigation_stop,10,0.148585724661536
2018-05-30,irrigation_stop,10,0.147472012837728
2018-05-31,irrigation_stop,10,0.146814123874905
2018-06-01,irrigation_stop,10,0.145502341588338
2018-06-02,irrigation_stop,10,0.143533355478655
2018-06-03,irrigation_stop,10,0.141942187024836
2018-06-04,irrigation_stop,10,0.140674263970894
2018-06-05,irrigation_stop,10,0.139231782545123
2018-06-06,irrigation_stop,10,0.138254358726635
2018-06-07,irrigation_stop,10,0.137338303515786
2018-06-08,irrigation_stop,10,0.136039502826276
2018-06-09,irrigation_stop,10,0.13479888179846
2018-06-10,irrigation_stop,10,0.13336754648309
2018-06-11,irrigation_stop,10,0.133903344472249
2018-06-12,irrigation_stop,10,0.13718056678772
2018-06-13,irrigation_stop,10,0.155760773273937
2018-06-14,irrigation_stop,10,0.158235944112142
2018-06-15,irrigation_stop,10,0.151133432220994
2018-06-16,irrigation_stop,10,0.14478433757809
2018-06-17,irrigation_stop,10,0.140650575380799
2018-06-18,irrigation_stop,10,0.137735241017443
2018-06-19,irrigation_stop,10,0.135359055535835
2018-06-20,irrigation_stop,10,0.133457110950688
2018-06-21,irrigation_stop,10,0.131809635774642
2018-06-22,irrigation_stop,10,0.129899152796319
2018-06-23,irrigation_stop,10,0.127964590976113
2018-06-24,irrigation_stop,10,0.126725970026229
2018-06-25,irrigation_stop,10,0.125678914555332
2018-06-26,irrigation_stop,10,0.124601062138875
2018-06-27,irrigation_stop,10,0.123518708881579
2018-06-28,irrigation_stop,10,0.122261880306487
2018-06-29,irrigation_stop,10,0.121258233117719
2018-06-30,irrigation_stop,10,0.120341355340523
2018-07-01,irrigation_stop,10,0.119636106491089
2018-07-02,irrigation_stop,10,0.11881647481986
2018-07-03,irrigation_stop,10,0.11796648192824
2018-07-04,irrigation_stop,10,0.117436281272733
2018-07-05,irrigation_stop,10,0.117041326656676
2018-07-06,irrigation_stop,10,0.116797482507271
2018-07-07,irrigation_stop,10,0.116621351242065
2018-07-08,irrigation_stop,10,0.116185658605475
2018-07-09,irrigation_stop,10,0.115648406012016
2018-07-10,irrigation_stop,10,0.115027633131596
2018-07-11,irrigation_stop,10,0.114378097493161
2018-07-12,irrigation_stop,10,0.113700796374508
2018-07-13,irrigation_stop,10,0.113196595509847
2018-07-14,irrigation_stop,10,0.112925676044665
2018-07-15,irrigation_stop,10,0.113823493656359
2018-07-16,irrigation_stop,10,0.114444799846836
2018-07-17,irrigation_stop,10,0.114771378970315
2018-07-18,irrigation_stop,10,0.114847359406321
2018-07-19,irrigation_stop,10,0.114747768001976
2018-07-20,irrigation_stop,10,0.115025950903075
2018-07-21,irrigation_stop,10,0.135922601401147
2018-07-22,irrigation_stop,10,0.139051425818241
2018-07-23,irrigation_stop,10,0.131647706794542
2018-07-24,irrigation_stop,10,0.126381792530561
2018-07-25,irrigation_stop,10,0.123563340187593
2018-07-26,irrigation_stop,10,0.1213400531269
2018-07-27,irrigation_stop,10,0.119326485640614
2018-07-28,irrigation_stop,10,0.118001875070508
2018-07-29,irrigation_stop,10,0.117535678066839
2018-07-30,irrigation_stop,10,0.116895664160979
2018-07-31,irrigation_stop,10,0.116012440535861
2018-08-01,irrigation_stop,10,0.115019501635903
2018-08-02,irrigation_stop,10,0.114374892429639
2018-08-03,irrigation_stop,10,0.114274189988802
2018-08-04,irrigation_stop,10,0.113876470766569
2018-08-05,irrigation_stop,10,0.113251763518139
2018-08-06,irrigation_stop,10,0.112647408627449
2018-08-07,irrigation_stop,10,0.112950195847896
2018-08-08,irrigation_stop,10,0.113427870566385
2018-08-09,irrigation_stop,10,0.117058190462882
2018-08-10,irrigation_stop,10,0.127622846804167
2018-08-11,irrigation_stop,10,0.123944256491695
2018-08-12,irrigation_stop,10,0.120842960385433
2018-08-13,irrigation_stop,10,0.119296530171445
2018-08-14,irrigation_stop,10,0.118612792366429
2018-08-15,irrigation_stop,10,0.11770193649255
2018-08-16,irrigation_stop,10,0.116808904118839
2018-08-17,irrigation_stop,10,0.116027830525448
2018-08-18,irrigation_stop,10,0.115232953715565
2018-08-19,irrigation_stop,10,0.11463843981425
2018-08-20,irrigation_stop,10,0.114277023348892
2018-08-21,irrigation_stop,10,0.113649765650431
2018-08-22,irrigation_stop,10,0.112921001221449
2018-08-23,irrigation_stop,10,0.112431701618288
2018-08-24,irrigation_stop,10,0.112989796922918
2018-08-25,irrigation_stop,10,0.11348050436839
2018-08-26,irrigation_stop,10,0.113537509467012
2018-08-27,irrigation_stop,10,0.113691082502666
2018-08-28,irrigation_stop,10,0.113765494530661
2018-08-29,irrigation_stop,10,0.113640827386848
2018-08-30,irrigation_stop,10,0.113379401349007
2018-08-31,irrigation_stop,10,0.113073244522026
2018-09-01,irrigation_stop,10,0.112769322827842
2018-09-02,irrigation_stop,10,0.112484047598873
2018-09-03,irrigation_stop,10,0.112150540602835
2018-09-04,irrigation_stop,10,0.111690263748169
2018-09-05,irrigation_stop,10,0.111340300242106
2018-09-06,irrigation_stop,10,0.11096690378691
2018-09-07,irrigation_stop,10,0.11068231805842
2018-09-08,irrigation_stop,10,0.110359499914604
2018-09-09,irrigation_stop,10,0.109989399270412
2018-09-10,irrigation_stop,10,0.109720967276055
2018-09-11,irrigation_stop,10,0.1093750326257
2018-09-12,irrigation_stop,10,0.109057635719895
2018-09-13,irrigation_stop,10,0.108921840232715
2018-09-14,irrigation_stop,10,0.109286642576519
2018-09-15,irrigation_stop,10,0.109734138529351
2018-09-16,irrigation_stop,10,0.109891560035839
2018-09-17,irrigation_stop,10,0.110232832222654
2018-09-18,irrigation_stop,10,0.110538185521176
2018-09-19,irrigation_stop,10,0.112900913807384
2018-09-20,irrigation_stop,10,0.114140909749565
2018-09-21,irrigation_stop,10,0.114523138414349
2018-09-22,irrigation_stop,10,0.114694643522564
2018-09-23,irrigation_stop,10,0.114807480660038
2018-09-24,irrigation_stop,10,0.114723181640893
2018-09-25,irrigation_stop,10,0.114345872276708
2018-09-26,irrigation_stop,10,0.114209191004435
2018-09-27,irrigation_stop,10,0.114123632890958
2018-09-28,irrigation_stop,10,0.113805877355196
2018-09-29,irrigation_stop,10,0.113577663710688
2018-09-30,irrigation_stop,10,0.115771236972532
2018-10-01,irrigation_stop,10,0.154076211494312
2018-10-02,irrigation_stop,10,0.156163203380766
2018-10-03,irrigation_stop,10,0.152618289244802
2018-10-04,irrigation_stop,10,0.147727517805238
2018-10-05,irrigation_stop,10,0.142132031624777
2018-10-06,irrigation_stop,10,0.1364485998321
2018-10-07,irrigation_stop,10,0.13227310930005
2018-10-08,irrigation_stop,10,0.129848842210667
2018-10-09,irrigation_stop,10,0.128024435879891
2018-10-10,irrigation_stop,10,0.126164231216698
2018-10-11,irrigation_stop,10,0.124403683344523
2018-10-12,irrigation_stop,10,0.122880443526442
2018-10-13,irrigation_stop,10,0.121583396510074
2018-10-14,irrigation_stop,10,0.120189908561426
2018-10-15,irrigation_stop,10,0.118784038170633
2018-10-16,irrigation_stop,10,0.117695766885638
2018-10-17,irrigation_stop,10,0.116749452457093
2018-10-18,irrigation_stop,10,0.116090143443368
2018-10-19,irrigation_stop,10,0.115443436981093
2018-10-20,irrigation_stop,10,0.114895365315099
2018-10-21,irrigation_stop,10,0.114493199565954
2018-10-22,irrigation_stop,10,0.114069375052719
2018-10-23,irrigation_stop,10,0.113780072195488
2018-10-24,irrigation_stop,10,0.113451692346941
2018-10-25,irrigation_stop,10,0.113149330239547
2018-10-26,irrigation_stop,10,0.112870643717377
2018-10-27,irrigation_stop,10,0.113085798464323
2018-10-28,irrigation_stop,10,0.116011422905917
2018-10-29,irrigation_stop,10,0.144225781836942
2018-10-30,irrigation_stop,10,0.264656636924074
2018-10-31,irrigation_stop,10,0.306836308429116
2018-11-01,irrigation_stop,10,0.307028986783827
2018-11-02,irrigation_stop,10,0.306791635276934
2018-11-03,irrigation_stop,10,0.3030541287807
2018-11-04,irrigation_stop,10,0.29928681799706
2018-11-05,irrigation_stop,10,0.291939061650059
2018-11-06,irrigation_stop,10,0.284568452835083
2018-11-07,irrigation_stop,10,0.279846067093966
2018-11-08,irrigation_stop,10,0.276643592211413
2018-11-09,irrigation_stop,10,0.27400749186252
2018-11-10,irrigation_stop,10,0.269299081501208
2018-11-11,irrigation_stop,10,0.263501771291097
2018-11-12,irrigation_stop,10,0.258259069375825
2018-11-13,irrigation_stop,10,0.253332339838931
2018-11-14,irrigation_stop,10,0.25062146103173
2018-11-15,irrigation_stop,10,0.249497035511753
2018-11-16,irrigation_stop,10,0.247697044030214
2018-11-17,irrigation_stop,10,0.245198924583301
2018-11-18,irrigation_stop,10,0.242351381099682
2018-11-19,irrigation_stop,10,0.241088403735244
2018-11-20,irrigation_stop,10,0.240098208907648
2018-11-21,irrigation_stop,10,0.238309274497607
2018-11-22,irrigation_stop,10,0.236637012414765
2018-11-23,irrigation_stop,10,0.235001564025879
2018-11-24,irrigation_stop,10,0.232669343781053
2018-11-25,irrigation_stop,10,0.232033650080363
2018-11-26,irrigation_stop,10,0.230777279535929
2018-11-27,irrigation_stop,10,0.229043232802804
2018-11-28,irrigation_stop,10,0.227503142105906
2018-11-29,irrigation_stop,10,0.225774393219879
2018-11-30,irrigation_stop,10,0.223731171624702
2018-12-01,irrigation_stop,10,0.222292504903317
2018-12-02,irrigation_stop,10,0.228723881834297
2018-12-03,irrigation_stop,10,0.323356927969517
2018-12-04,irrigation_stop,10,0.354764934506333
2018-12-05,irrigation_stop,10,0.34305693949991
2018-12-06,irrigation_stop,10,0.33647129209418
2018-12-07,irrigation_stop,10,0.332565996939676
2018-12-08,irrigation_stop,10,0.331297742744321
2018-12-09,irrigation_stop,10,0.330784388112258
2018-12-10,irrigation_stop,10,0.337459464445182
2018-12-11,irrigation_stop,10,0.335687181459251
2018-12-12,irrigation_stop,10,0.331663145600704
2018-12-13,irrigation_stop,10,0.327239566080829
2018-12-14,irrigation_stop,10,0.323522297993397
2018-12-15,irrigation_stop,10,0.320608749055026
2018-12-16,irrigation_stop,10,0.318146137142858
2018-12-17,irrigation_stop,10,0.324171743236427
2018-12-18,irrigation_stop,10,0.337464020879645
2018-12-19,irrigation_stop,10,0.336852700584813
2018-12-20,irrigation_stop,10,0.347562005729006
2018-12-21,irrigation_stop,10,0.35295251778102
2018-12-22,irrigation_stop,10,0.373079398100701
2018-12-23,irrigation_stop,10,0.366019138871578
2018-12-24,irrigation_stop,10,0.379262897327382
2018-12-25,irrigation_stop,10,0.365427702853554
2018-12-26,irrigation_stop,10,0.356797196002717
2018-12-27,irrigation_stop,10,0.350835293449786
2018-12-28,irrigation_stop,10,0.346297200029579
2018-12-29,irrigation_stop,10,0.343419948544419
2018-12-30,irrigation_stop,10,0.340393330423455
2018-12-31,irrigation_stop,10,0.33790415111341
2019-01-01,irrigation_stop,10,0.336035118103027
2019-01-02,irrigation_stop,10,0.33365379969279
2019-01-03,irrigation_stop,10,0.331437652654815
2019-01-04,irrigation_stop,10,0.328766237347112
2019-01-05,irrigation_stop,10,0.325886369663071
2019-01-06,irrigation_stop,10,0.324976314410829
2019-01-07,irrigation_stop,10,0.324845733809889
2019-01-08,irrigation_stop,10,0.324158549565141
2019-01-09,irrigation_stop,10,0.324089462547971
2019-01-10,irrigation_stop,10,0.323640886993991
2019-01-11,irrigation_stop,10,0.322461520569948
2019-01-12,irrigation_stop,10,0.321003291329266
2019-01-13,irrigation_stop,10,0.336946047216222
2019-01-14,irrigation_stop,10,0.377616881654974
2019-01-15,irrigation_stop,10,0.365643488719153
2019-01-16,irrigation_stop,10,0.357927063493063
2019-01-17,irrigation_stop,10,0.352983475233379
2019-01-18,irrigation_stop,10,0.349652121251899
2019-01-19,irrigation_stop,10,0.344610792077998
2019-01-20,irrigation_stop,10,0.339964786518638
2019-01-21,irrigation_stop,10,0.337373525352888
2019-01-22,irrigation_stop,10,0.334268856729695
2019-01-23,irrigation_stop,10,0.330564279966457
2019-01-24,irrigation_stop,10,0.328514802389787
2019-01-25,irrigation_stop,10,0.326641172556549
2019-01-26,irrigation_stop,10,0.32447694184206
2019-01-27,irrigation_stop,10,0.323093322118123
2019-01-28,irrigation_stop,10,0.326182097050182
2019-01-29,irrigation_stop,10,0.330747098588107
2019-01-30,irrigation_stop,10,0.331949434871325
2019-01-31,irrigation_stop,10,0.329825330964217
2019-02-01,irrigation_stop,10,0.329695987701416
2019-02-02,irrigation_stop,10,0.332308528440218
2019-02-03,irrigation_stop,10,0.336098981231875
2019-02-04,irrigation_stop,10,0.338032135865174
2019-02-05,irrigation_stop,10,0.34118016991517103
2019-02-06,irrigation_stop,10,0.339953052621139
2019-02-07,irrigation_stop,10,0.328325122275785
2019-02-08,irrigation_stop,10,0.326478423972591
2019-02-09,irrigation_stop,10,0.328032732009888
2019-02-10,irrigation_stop,10,0.330769298285769
2019-02-11,irrigation_stop,10,0.353028626700042
2019-02-12,irrigation_stop,10,0.354174438494581
2019-02-13,irrigation_stop,10,0.349499311447144
2019-02-14,irrigation_stop,10,0.346106408458682
2019-02-15,irrigation_stop,10,0.343257193134554
2019-02-16,irrigation_stop,10,0.339444665154133
2019-02-17,irrigation_stop,10,0.336322097794512
2019-02-18,irrigation_stop,10,0.333391077234568
2019-02-19,irrigation_stop,10,0.330541828542516
2019-02-20,irrigation_stop,10,0.328528533477823
2019-02-21,irrigation_stop,10,0.326453230317825
2019-02-22,irrigation_stop,10,0.324188756273504
2019-02-23,irrigation_stop,10,0.322257384919284
2019-02-24,irrigation_stop,10,0.320174622733275
2019-02-25,irrigation_stop,10,0.318766813814591
2019-02-26,irrigation_stop,10,0.31719541466027
2019-02-27,irrigation_stop,10,0.314316013584966
2019-02-28,irrigation_stop,10,0.311957164520913
2019-03-01,irrigation_stop,10,0.309602740192734
2019-03-02,irrigation_stop,10,0.308329196761126
2019-03-03,irrigation_stop,10,0.306836701454115
2019-03-04,irrigation_stop,10,0.304990412059583
2019-03-05,irrigation_stop,10,0.305561478063759
2019-03-06,irrigation_stop,10,0.304669968119839
2019-03-07,irrigation_stop,10,0.303308443270232
2019-03-08,irrigation_stop,10,0.302709650902572
2019-03-09,irrigation_stop,10,0.300959288268421
2019-03-10,irrigation_stop,10,0.305361649857479
2019-03-11,irrigation_stop,10,0.31915645432054
2019-03-12,irrigation_stop,10,0.325897549746329
2019-03-13,irrigation_stop,10,0.324593179552535
2019-03-14,irrigation_stop,10,0.324475176745913
2019-03-15,irrigation_stop,10,0.367251328083507
2019-03-16,irrigation_stop,10,0.360609488930441
2019-03-17,irrigation_stop,10,0.348933990029267
2019-03-18,irrigation_stop,10,0.341200011453155
2019-03-19,irrigation_stop,10,0.337061824734507
2019-03-20,irrigation_stop,10,0.331266880704646
2019-03-21,irrigation_stop,10,0.32515733183476
2019-03-22,irrigation_stop,10,0.320582850774129
2019-03-23,irrigation_stop,10,0.315677491740177
2019-03-24,irrigation_stop,10,0.310970077180026
2019-03-25,irrigation_stop,10,0.306150433222453
2019-03-26,irrigation_stop,10,0.302342023849487
2019-03-27,irrigation_stop,10,0.298716306686401
2019-03-28,irrigation_stop,10,0.295110849748578
2019-03-29,irrigation_stop,10,0.290943098068237
2019-03-30,irrigation_stop,10,0.285831816314805
2019-03-31,irrigation_stop,10,0.280099053126509
2019-04-01,irrigation_stop,10,0.273713579512479
2019-04-02,irrigation_stop,10,0.267341337538602
2019-04-03,irrigation_stop,10,0.261224963037591
2019-04-04,irrigation_stop,10,0.260112755256787
2019-04-05,irrigation_stop,10,0.287233845392863
2019-04-06,irrigation_stop,10,0.314951213200887
2019-04-07,irrigation_stop,10,0.31115626989438
2019-04-08,irrigation_stop,10,0.308035191503555
2019-04-09,irrigation_stop,10,0.302356400260429
2019-04-10,irrigation_stop,10,0.296683053301092
2019-04-11,irrigation_stop,10,0.291654664257117
2019-04-12,irrigation_stop,10,0.286200019164333
2019-04-13,irrigation_stop,10,0.280026098684216
2019-04-14,irrigation_stop,10,0.273742526423195
2019-04-15,irrigation_stop,10,0.26797598477841
2019-04-16,irrigation_stop,10,0.260637967806336
2019-04-17,irrigation_stop,10,0.253408749898275
2019-04-18,irrigation_stop,10,0.244526402668286
2019-04-19,irrigation_stop,10,0.234396471814918
2019-04-20,irrigation_stop,10,0.224122280093795
2019-04-21,irrigation_stop,10,0.213929319381714
2019-04-22,irrigation_stop,10,0.203499055828965
2019-04-23,irrigation_stop,10,0.194546370846249
2019-04-24,irrigation_stop,10,0.187928035411429
2019-04-25,irrigation_stop,10,0.182672239092136
2019-04-26,irrigation_stop,10,0.203773199549893
2019-04-27,irrigation_stop,10,0.225042012532552
2019-04-28,irrigation_stop,10,0.225486757062006
2019-04-29,irrigation_stop,10,0.22266247665673
2019-04-30,irrigation_stop,10,0.217503687373379
2019-05-01,irrigation_stop,10,0.210913089618348
2019-05-02,irrigation_stop,10,0.203936211268107
2019-05-03,irrigation_stop,10,0.199127155939738
2019-05-04,irrigation_stop,10,0.193254636128743
2019-05-05,irrigation_stop,10,0.188476355870565
2019-05-06,irrigation_stop,10,0.184534962637383
2019-05-07,irrigation_stop,10,0.180304438068021
2019-05-08,irrigation_stop,10,0.179378874092771
2019-05-09,irrigation_stop,10,0.237444703118843
2019-05-10,irrigation_stop,10,0.243557534803424
2019-05-11,irrigation_stop,10,0.240246424424021
2019-05-12,irrigation_stop,10,0.238375228246053
2019-05-13,irrigation_stop,10,0.233624101772643
2019-05-14,irrigation_stop,10,0.22736247179801
2019-05-15,irrigation_stop,10,0.219313384484554
2019-05-16,irrigation_stop,10,0.2115742377231
2019-05-17,irrigation_stop,10,0.203527193658685
2019-05-18,irrigation_stop,10,0.196969885240521
2019-05-19,irrigation_stop,10,0.191143564511371
2019-05-20,irrigation_stop,10,0.18762026310501
2019-05-21,irrigation_stop,10,0.18438008358604
2019-05-22,irrigation_stop,10,0.177861021443417
2019-05-23,irrigation_stop,10,0.171344869662084
2019-05-24,irrigation_stop,10,0.166045694486469
2019-05-25,irrigation_stop,10,0.162675973825287
2019-05-26,irrigation_stop,10,0.161025571059308
2019-05-27,irrigation_stop,10,0.158580162985283
2019-05-28,irrigation_stop,10,0.157218156781113
2019-05-29,irrigation_stop,10,0.155979712127794
2019-05-30,irrigation_stop,10,0.153413515564398
2019-05-31,irrigation_stop,10,0.151094659169515
2019-06-01,irrigation_stop,10,0.148982780723162
2019-06-02,irrigation_stop,10,0.146743773744817
2019-06-03,irrigation_stop,10,0.144922794321532
2019-06-04,irrigation_stop,10,0.142648441917018
2019-06-05,irrigation_stop,10,0.14084146073524
2019-06-06,irrigation_stop,10,0.139995628992716
2019-06-07,irrigation_stop,10,0.138913119968615
2019-06-08,irrigation_stop,10,0.137556414570369
2019-06-09,irrigation_stop,10,0.136739829278761
2019-06-10,irrigation_stop,10,0.139398874483725
2019-06-11,irrigation_stop,10,0.24861061065577
2019-06-12,irrigation_stop,10,0.264661249201348
2019-06-13,irrigation_stop,10,0.251321952552126
2019-06-14,irrigation_stop,10,0.230956307517158
2019-06-15,irrigation_stop,10,0.211361229545192
2019-06-16,irrigation_stop,10,0.198001868432028
2019-06-17,irrigation_stop,10,0.183236805597941
2019-06-18,irrigation_stop,10,0.169539629144872
2019-06-19,irrigation_stop,10,0.159363540013631
2019-06-20,irrigation_stop,10,0.153384478050366
2019-06-21,irrigation_stop,10,0.152372815872089
2019-06-22,irrigation_stop,10,0.198301566107231
2019-06-23,irrigation_stop,10,0.210864434158593
2019-06-24,irrigation_stop,10,0.195411209976464
2019-06-25,irrigation_stop,10,0.177023717528539
2019-06-26,irrigation_stop,10,0.162953318378382
2019-06-27,irrigation_stop,10,0.152603158783494
2019-06-28,irrigation_stop,10,0.146826759974162
2019-06-29,irrigation_stop,10,0.14143005270707
2019-06-30,irrigation_stop,10,0.137636923332542
2019-07-01,irrigation_stop,10,0.135295212931156
2019-07-02,irrigation_stop,10,0.203986443236618
2019-07-03,irrigation_stop,10,0.233426530544574
2019-07-04,irrigation_stop,10,0.236038356078298
2019-07-05,irrigation_stop,10,0.216829660984508
2019-07-06,irrigation_stop,10,0.192735465367635
2019-07-07,irrigation_stop,10,0.175981525119982
2019-07-08,irrigation_stop,10,0.169350408085606
2019-07-09,irrigation_stop,10,0.165595688541933
2019-07-10,irrigation_stop,10,0.149473120028149
2019-07-11,irrigation_stop,10,0.145358443052872
2019-07-12,irrigation_stop,10,0.142765952444557
2019-07-13,irrigation_stop,10,0.139337558746338
2019-07-14,irrigation_stop,10,0.136149538341321
2019-07-15,irrigation_stop,10,0.167665985910516
2019-07-16,irrigation_stop,10,0.172602811666428
2019-07-17,irrigation_stop,10,0.158432121276855
2019-07-18,irrigation_stop,10,0.14761182135724
2019-07-19,irrigation_stop,10,0.141170096663318
2019-07-20,irrigation_stop,10,0.137246825688421
2019-07-21,irrigation_stop,10,0.134768025418545
2019-07-22,irrigation_stop,10,0.132799276853863
2019-07-23,irrigation_stop,10,0.130974485439437
2019-07-24,irrigation_stop,10,0.129134183437266
2019-07-25,irrigation_stop,10,0.12748495668628201
2019-07-26,irrigation_stop,10,0.132184903998124
2019-07-27,irrigation_stop,10,0.163966114847284
2019-07-28,irrigation_stop,10,0.174190746307373
2019-07-29,irrigation_stop,10,0.175763359069824
2019-07-30,irrigation_stop,10,0.165404315145392
2019-07-31,irrigation_stop,10,0.154435173517379
2019-08-01,irrigation_stop,10,0.146943193866361
2019-08-02,irrigation_stop,10,0.143580635271574
2019-08-03,irrigation_stop,10,0.141036796569824
2019-08-04,irrigation_stop,10,0.137712737268932
2019-08-05,irrigation_stop,10,0.1350334407502
2019-08-06,irrigation_stop,10,0.133550285540129
2019-08-07,irrigation_stop,10,0.149422969818115
2019-08-08,irrigation_stop,10,0.155374598807477
2019-08-09,irrigation_stop,10,0.14885225823585
2019-08-10,irrigation_stop,10,0.143725109100342
2019-08-11,irrigation_stop,10,0.15333039101134
2019-08-12,irrigation_stop,10,0.204334795098556
2019-08-13,irrigation_stop,10,0.211455655148155
2019-08-14,irrigation_stop,10,0.201695225292045
2019-08-15,irrigation_stop,10,0.184531998043352
2019-08-16,irrigation_stop,10,0.16811897240268
2019-08-17,irrigation_stop,10,0.155725759811658
2019-08-18,irrigation_stop,10,0.146644139754412
2019-08-19,irrigation_stop,10,0.165951060847232
2019-08-20,irrigation_stop,10,0.207365417480469
2019-08-21,irrigation_stop,10,0.308997317063181
2019-08-22,irrigation_stop,10,0.301334991455078
2019-08-23,irrigation_stop,10,0.285442853181259
2019-08-24,irrigation_stop,10,0.26637473421221203
2019-08-25,irrigation_stop,10,0.244215107767206
2019-08-26,irrigation_stop,10,0.218210292213842
2019-08-27,irrigation_stop,10,0.194121503930343
2019-08-28,irrigation_stop,10,0.175634631508275
2019-08-29,irrigation_stop,10,0.160907835367679
2019-08-30,irrigation_stop,10,0.151389279061175
2019-08-31,irrigation_stop,10,0.145836403294614
2019-09-01,irrigation_stop,10,0.142748313037075
2019-09-02,irrigation_stop,10,0.140637679404401
2019-09-03,irrigation_stop,10,0.138067397320007
2019-09-04,irrigation_stop,10,0.135416945835132
2019-09-05,irrigation_stop,10,0.133585711830541
2019-09-06,irrigation_stop,10,0.132517323537674
2019-09-07,irrigation_stop,10,0.131184504488681
2019-09-08,irrigation_stop,10,0.129695587166747
2019-09-09,irrigation_stop,10,0.128451461791992
2019-09-10,irrigation_stop,10,0.127221434220024
2019-09-11,irrigation_stop,10,0.126068434865851
2019-09-12,irrigation_stop,10,0.125069141387939
2019-09-13,irrigation_stop,10,0.124215617531224
2019-09-14,irrigation_stop,10,0.123460417090712
2019-09-15,irrigation_stop,10,0.122766963877576
2019-09-16,irrigation_stop,10,0.122017665370818
2019-09-17,irrigation_stop,10,0.121198787217828
2019-09-18,irrigation_stop,10,0.120411028713555
2019-09-19,irrigation_stop,10,0.119907460463674
2019-09-20,irrigation_stop,10,0.119286939336898
2019-09-21,irrigation_stop,10,0.118865006697805
2019-09-22,irrigation_stop,10,0.118226263979648
2019-09-23,irrigation_stop,10,0.117755427511115
2019-09-24,irrigation_stop,10,0.117468514649764
2019-09-25,irrigation_stop,10,0.117379245758057
2019-09-26,irrigation_stop,10,0.11736014603516
2019-09-27,irrigation_stop,10,0.117288059546459
2019-09-28,irrigation_stop,10,0.117076498943826
2019-09-29,irrigation_stop,10,0.116691947606707
2019-09-30,irrigation_stop,10,0.116490306854248
2019-10-01,irrigation_stop,10,0.116000033529181
2019-10-02,irrigation_stop,10,0.116446514129639
2019-10-03,irrigation_stop,10,0.116726327996505
2019-10-04,irrigation_stop,10,0.116766283938759
2019-10-05,irrigation_stop,10,0.116971924229672
2019-10-06,irrigation_stop,10,0.116950471350487
2019-10-07,irrigation_stop,10,0.131176218073419
2019-10-08,irrigation_stop,10,0.135980736079969
2019-10-09,irrigation_stop,10,0.152272059457344
2019-10-10,irrigation_stop,10,0.191419251090602
2019-10-11,irrigation_stop,10,0.190799175061678
2019-10-12,irrigation_stop,10,0.184354696412636
2019-10-13,irrigation_stop,10,0.176928156300595
2019-10-14,irrigation_stop,10,0.169289593030048
2019-10-15,irrigation_stop,10,0.168628017860546
2019-10-16,irrigation_stop,10,0.206792640686035
2019-10-17,irrigation_stop,10,0.214426739006712
2019-10-18,irrigation_stop,10,0.213872152017363
2019-10-19,irrigation_stop,10,0.21011855454113
2019-10-20,irrigation_stop,10,0.202699645360311
2019-10-21,irrigation_stop,10,0.195139874742742
2019-10-22,irrigation_stop,10,0.19296374371717
2019-10-23,irrigation_stop,10,0.188886999331023
2019-10-24,irrigation_stop,10,0.180712401908741
2019-10-25,irrigation_stop,10,0.175580867131551
2019-10-26,irrigation_stop,10,0.171227345382958
2019-10-27,irrigation_stop,10,0.167227666085226
2019-10-28,irrigation_stop,10,0.164205662409465
2019-10-29,irrigation_stop,10,0.184652441782309
2019-10-30,irrigation_stop,10,0.220630161385787
2019-10-31,irrigation_stop,10,0.242200835211235
2019-11-01,irrigation_stop,10,0.248743311564128
2019-11-02,irrigation_stop,10,0.261555472089533
2019-11-03,irrigation_stop,10,0.294434260371551
2019-11-04,irrigation_stop,10,0.313627397972241
2019-11-05,irrigation_stop,10,0.344684631626149
2019-11-06,irrigation_stop,10,0.335590020899187
2019-11-07,irrigation_stop,10,0.329542223612467
2019-11-08,irrigation_stop,10,0.342445384745012
2019-11-09,irrigation_stop,10,0.344629074501075
2019-11-10,irrigation_stop,10,0.334613839701602
2019-11-11,irrigation_stop,10,0.327237382018775
2019-11-12,irrigation_stop,10,0.321447994834498
2019-11-13,irrigation_stop,10,0.317839722382395
2019-11-14,irrigation_stop,10,0.313543358354615
2019-11-15,irrigation_stop,10,0.34109722773234
2019-11-16,irrigation_stop,10,0.344161348948064
2019-11-17,irrigation_stop,10,0.34001769467404
2019-11-18,irrigation_stop,10,0.345174994217722
2019-11-19,irrigation_stop,10,0.343504780028551
2019-11-20,irrigation_stop,10,0.338055471599703
2019-11-21,irrigation_stop,10,0.332774718602498
2019-11-22,irrigation_stop,10,0.328216115076096
2019-11-23,irrigation_stop,10,0.323394703948707
2019-11-24,irrigation_stop,10,0.321047019606074
2019-11-25,irrigation_stop,10,0.317792223623859
2019-11-26,irrigation_stop,10,0.315044450759888
2019-11-27,irrigation_stop,10,0.320720559992689
2019-11-28,irrigation_stop,10,0.338254303179289
2019-11-29,irrigation_stop,10,0.356476985027916
2019-11-30,irrigation_stop,10,0.353878339131673
2019-12-01,irrigation_stop,10,0.345437246958415
2019-12-02,irrigation_stop,10,0.343362358084626
2019-12-03,irrigation_stop,10,0.338405133564555
2019-12-04,irrigation_stop,10,0.334065684602972
2019-12-05,irrigation_stop,10,0.330567280451457
2019-12-06,irrigation_stop,10,0.327715898814954
2019-12-07,irrigation_stop,10,0.325001287460327
2019-12-08,irrigation_stop,10,0.322866428442169
2019-12-09,irrigation_stop,10,0.323141209284465
2019-12-10,irrigation_stop,10,0.34563803739715
2019-12-11,irrigation_stop,10,0.342103425076133
2019-12-12,irrigation_stop,10,0.338746749978316
2019-12-13,irrigation_stop,10,0.336209692493562
2019-12-14,irrigation_stop,10,0.349159497378165
2019-12-15,irrigation_stop,10,0.361107587814331
2019-12-16,irrigation_stop,10,0.359872044345789
2019-12-17,irrigation_stop,10,0.361357362166231
2019-12-18,irrigation_stop,10,0.351105715892973
2019-12-19,irrigation_stop,10,0.344177615851687
2019-12-20,irrigation_stop,10,0.33886198354951
2019-12-21,irrigation_stop,10,0.341702715555827
2019-12-22,irrigation_stop,10,0.365949360027648
2019-12-23,irrigation_stop,10,0.365090947904085
2019-12-24,irrigation_stop,10,0.365386528885155
2019-12-25,irrigation_stop,10,0.365764013926188
2019-12-26,irrigation_stop,10,0.356089458298265
2019-12-27,irrigation_stop,10,0.3648242083767
2019-12-28,irrigation_stop,10,0.363098176320394
2019-12-29,irrigation_stop,10,0.354521982795314
2019-12-30,irrigation_stop,10,0.348897281267964
2019-12-31,irrigation_stop,10,0.344671367543453
2020-01-01,irrigation_stop,10,0.341453822453817
2020-01-02,irrigation_stop,10,0.338592755864832
2020-01-03,irrigation_stop,10,0.335973588590509
2020-01-04,irrigation_stop,10,0.33443040027953
2020-01-05,irrigation_stop,10,0.333258019664831
2020-01-06,irrigation_stop,10,0.33179411000833
2020-01-07,irrigation_stop,10,0.329948950650399
2020-01-08,irrigation_stop,10,0.328398326070685
2020-01-09,irrigation_stop,10,0.326908643789459
2020-01-10,irrigation_stop,10,0.325512758890788
2020-01-11,irrigation_stop,10,0.324338285719262
2020-01-12,irrigation_stop,10,0.323161906359488
2020-01-13,irrigation_stop,10,0.321774021784465
2020-01-14,irrigation_stop,10,0.320582732257568
2020-01-15,irrigation_stop,10,0.319542200858133
2020-01-16,irrigation_stop,10,0.318612623214722
2020-01-17,irrigation_stop,10,0.317581201017949
2020-01-18,irrigation_stop,10,0.31780052887766
2020-01-19,irrigation_stop,10,0.318477328618368
2020-01-20,irrigation_stop,10,0.316870367911554
2020-01-21,irrigation_stop,10,0.314967012405395
2020-01-22,irrigation_stop,10,0.31419867015054
2020-01-23,irrigation_stop,10,0.313792530695597
2020-01-24,irrigation_stop,10,0.313311418566787
2020-01-25,irrigation_stop,10,0.312911995001007
2020-01-26,irrigation_stop,10,0.312647191432484
2020-01-27,irrigation_stop,10,0.312526494560512
2020-01-28,irrigation_stop,10,0.326905598400154
2020-01-29,irrigation_stop,10,0.36094096066659
2020-01-30,irrigation_stop,10,0.356302300168757
2020-01-31,irrigation_stop,10,0.351927039816553
2020-02-01,irrigation_stop,10,0.347136418024699
2020-02-02,irrigation_stop,10,0.355415980021159
2020-02-03,irrigation_stop,10,0.370774886941856
2020-02-04,irrigation_stop,10,0.360375134635691
2020-02-05,irrigation_stop,10,0.35701313531527
2020-02-06,irrigation_stop,10,0.352042738596598
2020-02-07,irrigation_stop,10,0.3478562437078
2020-02-08,irrigation_stop,10,0.344316346158264
2020-02-09,irrigation_stop,10,0.34146554244192
2020-02-10,irrigation_stop,10,0.338729349772135
2020-02-11,irrigation_stop,10,0.336993281678475
2020-02-12,irrigation_stop,10,0.335488983892625
2020-02-13,irrigation_stop,10,0.333648246566522
2020-02-14,irrigation_stop,10,0.358431959152222
2020-02-15,irrigation_stop,10,0.35465513904311
2020-02-16,irrigation_stop,10,0.348277230681035
2020-02-17,irrigation_stop,10,0.343180959385266
2020-02-18,irrigation_stop,10,0.339276700270803
2020-02-19,irrigation_stop,10,0.336039032372095
2020-02-20,irrigation_stop,10,0.333610063675911
2020-02-21,irrigation_stop,10,0.330904051747594
2020-02-22,irrigation_stop,10,0.32840235874217
2020-02-23,irrigation_stop,10,0.325898208347618
2020-02-24,irrigation_stop,10,0.323059320449829
2020-02-25,irrigation_stop,10,0.320443020276322
2020-02-26,irrigation_stop,10,0.318773514118524
2020-02-27,irrigation_stop,10,0.318763907878406
2020-02-28,irrigation_stop,10,0.320569403032563
2020-02-29,irrigation_stop,10,0.335556045420448
2020-03-01,irrigation_stop,10,0.361929257710775
2020-03-02,irrigation_stop,10,0.357826743856993
2020-03-03,irrigation_stop,10,0.358982483545939
2020-03-04,irrigation_stop,10,0.352175789214017
2020-03-05,irrigation_stop,10,0.359509262285734
2020-03-06,irrigation_stop,10,0.367012325588026
2020-03-07,irrigation_stop,10,0.35785996478091
2020-03-08,irrigation_stop,10,0.350374744314896
2020-03-09,irrigation_stop,10,0.345967294059784
2020-03-10,irrigation_stop,10,0.34673758812207
2020-03-11,irrigation_stop,10,0.375966763841933
2020-03-12,irrigation_stop,10,0.367198403676351
2020-03-13,irrigation_stop,10,0.362296771333929
2020-03-14,irrigation_stop,10,0.354342116067195
2020-03-15,irrigation_stop,10,0.347755688132969
2020-03-16,irrigation_stop,10,0.341946867426281
2020-03-17,irrigation_stop,10,0.336949491500855
2020-03-18,irrigation_stop,10,0.332353150384468
2020-03-19,irrigation_stop,10,0.327922080152778
2020-03-20,irrigation_stop,10,0.323777961332258
2020-03-21,irrigation_stop,10,0.320081560742605
2020-03-22,irrigation_stop,10,0.316728066328734
2020-03-23,irrigation_stop,10,0.314052425852993
2020-03-24,irrigation_stop,10,0.311644254650986
2020-03-25,irrigation_stop,10,0.309453325438918
2020-03-26,irrigation_stop,10,0.306914110048443
2020-03-27,irrigation_stop,10,0.304239174998398
2020-03-28,irrigation_stop,10,0.301284247783192
2020-03-29,irrigation_stop,10,0.297918101360923
2020-03-30,irrigation_stop,10,0.295655948452144
2020-03-31,irrigation_stop,10,0.293707847794564
2020-04-01,irrigation_stop,10,0.29103878104895903
2020-04-02,irrigation_stop,10,0.287901988351643
2020-04-03,irrigation_stop,10,0.284130490079839
2020-04-04,irrigation_stop,10,0.279984240448266
2020-04-05,irrigation_stop,10,0.275163039993822
2020-04-06,irrigation_stop,10,0.268782501836551
2020-04-07,irrigation_stop,10,0.261980162670738
2020-04-08,irrigation_stop,10,0.254164491673951
2020-04-09,irrigation_stop,10,0.245927731698019
2020-04-10,irrigation_stop,10,0.237238603725768
2020-04-11,irrigation_stop,10,0.228187914435745
2020-04-12,irrigation_stop,10,0.219457823631255
2020-04-13,irrigation_stop,10,0.21119051119515
2020-04-14,irrigation_stop,10,0.204165588541234
2020-04-15,irrigation_stop,10,0.197990537948153
2020-04-16,irrigation_stop,10,0.192300809697902
2020-04-17,irrigation_stop,10,0.186879201346522
2020-04-18,irrigation_stop,10,0.181980679057436
2020-04-19,irrigation_stop,10,0.178183997018768
2020-04-20,irrigation_stop,10,0.17508055522542
2020-04-21,irrigation_stop,10,0.172100238523621
2020-04-22,irrigation_stop,10,0.16926387649379
2020-04-23,irrigation_stop,10,0.166146164000947
2020-04-24,irrigation_stop,10,0.163878759417618
2020-04-25,irrigation_stop,10,0.162208462786931
2020-04-26,irrigation_stop,10,0.160912982873749
2020-04-27,irrigation_stop,10,0.170019102096558
2020-04-28,irrigation_stop,10,0.180529912312826
2020-04-29,irrigation_stop,10,0.260360426819115
2020-04-30,irrigation_stop,10,0.276537882319668
2020-05-01,irrigation_stop,10,0.290003490447998
2020-05-02,irrigation_stop,10,0.328340519018341
2020-05-03,irrigation_stop,10,0.337704626719157
2020-05-04,irrigation_stop,10,0.329216225941976
2020-05-05,irrigation_stop,10,0.328497695922852
2020-05-06,irrigation_stop,10,0.331080130359583
2020-05-07,irrigation_stop,10,0.320575227570115
2020-05-08,irrigation_stop,10,0.309198522567749
2020-05-09,irrigation_stop,10,0.29827116497776
2020-05-10,irrigation_stop,10,0.289009586970011
2020-05-11,irrigation_stop,10,0.282025746376284
2020-05-12,irrigation_stop,10,0.276997370970877
2020-05-13,irrigation_stop,10,0.272159957885742
2020-05-14,irrigation_stop,10,0.265808288841917
2020-05-15,irrigation_stop,10,0.257908497574509
2020-05-16,irrigation_stop,10,0.249508015314738
2020-05-17,irrigation_stop,10,0.239874795576938
2020-05-18,irrigation_stop,10,0.227051082734139
2020-05-19,irrigation_stop,10,0.213459157776414
2020-05-20,irrigation_stop,10,0.200252266599421
2020-05-21,irrigation_stop,10,0.188913838068644
2020-05-22,irrigation_stop,10,0.179817272152817
2020-05-23,irrigation_stop,10,0.174710575739543
2020-05-24,irrigation_stop,10,0.174175516764323
2020-05-25,irrigation_stop,10,0.171951500574748
2020-05-26,irrigation_stop,10,0.168982067864692
2020-05-27,irrigation_stop,10,0.165719782969681
2020-05-28,irrigation_stop,10,0.162634662355492
2020-05-29,irrigation_stop,10,0.159534327189128
2020-05-30,irrigation_stop,10,0.157324150821619
2020-05-31,irrigation_stop,10,0.155314962822094
2020-06-01,irrigation_stop,10,0.15294032247443
2020-06-02,irrigation_stop,10,0.150712846622132
2020-06-03,irrigation_stop,10,0.14841641703396
2020-06-04,irrigation_stop,10,0.156169260593883
2020-06-05,irrigation_stop,10,0.20076257387797
2020-06-06,irrigation_stop,10,0.202583845801975
2020-06-07,irrigation_stop,10,0.22688340220535
2020-06-08,irrigation_stop,10,0.275795110066732
2020-06-09,irrigation_stop,10,0.296844869245563
2020-06-10,irrigation_stop,10,0.317125319598014
2020-06-11,irrigation_stop,10,0.31713694472062
2020-06-12,irrigation_stop,10,0.303258355458577
2020-06-13,irrigation_stop,10,0.288291985695822
2020-06-14,irrigation_stop,10,0.276889483133952
2020-06-15,irrigation_stop,10,0.264769132586493
2020-06-16,irrigation_stop,10,0.250131624641148
2020-06-17,irrigation_stop,10,0.241756575400369
2020-06-18,irrigation_stop,10,0.24270128290704
2020-06-19,irrigation_stop,10,0.235623797555393
2020-06-20,irrigation_stop,10,0.22493012863293
2020-06-21,irrigation_stop,10,0.210357879337512
2020-06-22,irrigation_stop,10,0.194940143049809
2020-06-23,irrigation_stop,10,0.181964800985236
2020-06-24,irrigation_stop,10,0.17183919622187
2020-06-25,irrigation_stop,10,0.164109745192946
2020-06-26,irrigation_stop,10,0.157885182833841
2020-06-27,irrigation_stop,10,0.153038881870738
2020-06-28,irrigation_stop,10,0.149355354141771
2020-06-29,irrigation_stop,10,0.166411837198401
2020-06-30,irrigation_stop,10,0.175626117625135
2020-07-01,irrigation_stop,10,0.168233346939087
2020-07-02,irrigation_stop,10,0.161449865374649
2020-07-03,irrigation_stop,10,0.156876023777744
2020-07-04,irrigation_stop,10,0.152831460216589
2020-07-05,irrigation_stop,10,0.148961056826407
2020-07-06,irrigation_stop,10,0.145366223653158
2020-07-07,irrigation_stop,10,0.141891177495321
2020-07-08,irrigation_stop,10,0.139138666788737
2020-07-09,irrigation_stop,10,0.136547230670327
2020-07-10,irrigation_stop,10,0.134028069178263
2020-07-11,irrigation_stop,10,0.13590613601545
2020-07-12,irrigation_stop,10,0.138213758635939
2020-07-13,irrigation_stop,10,0.137691259384155
2020-07-14,irrigation_stop,10,0.136080185572306
2020-07-15,irrigation_stop,10,0.134443990145659
2020-07-16,irrigation_stop,10,0.133086596144007
2020-07-17,irrigation_stop,10,0.131651689829155
2020-07-18,irrigation_stop,10,0.12989171914887
2020-07-19,irrigation_stop,10,0.128098301515512
2020-07-20,irrigation_stop,10,0.126449346542358
2020-07-21,irrigation_stop,10,0.124931527857195
2020-07-22,irrigation_stop,10,0.125163951840317
2020-07-23,irrigation_stop,10,0.129131129750034
2020-07-24,irrigation_stop,10,0.12919495900472
2020-07-25,irrigation_stop,10,0.1289581934611
2020-07-26,irrigation_stop,10,0.127973413467407
2020-07-27,irrigation_stop,10,0.126706574925205
2020-07-28,irrigation_stop,10,0.125656398639344
2020-07-29,irrigation_stop,10,0.125162703363519
2020-07-30,irrigation_stop,10,0.124358065923055
2020-07-31,irrigation_stop,10,0.12334680557251
2020-08-01,irrigation_stop,10,0.122156812768233
2020-08-02,irrigation_stop,10,0.121413064923203
2020-08-03,irrigation_stop,10,0.121082846323649
2020-08-04,irrigation_stop,10,0.120817082388359
2020-08-05,irrigation_stop,10,0.120290980440505
2020-08-06,irrigation_stop,10,0.119886488161589
2020-08-07,irrigation_stop,10,0.119320103662056
2020-08-08,irrigation_stop,10,0.118557456501743
2020-08-09,irrigation_stop,10,0.117704175313314
2020-08-10,irrigation_stop,10,0.11700160377904
2020-08-11,irrigation_stop,10,0.116799926757813
2020-08-12,irrigation_stop,10,0.116610892613729
2020-08-13,irrigation_stop,10,0.119060633642632
2020-08-14,irrigation_stop,10,0.144455603883978
2020-08-15,irrigation_stop,10,0.139022612320749
2020-08-16,irrigation_stop,10,0.132455028033426
2020-08-17,irrigation_stop,10,0.134408374542886
2020-08-18,irrigation_stop,10,0.13643351780471
2020-08-19,irrigation_stop,10,0.135419956843058
2020-08-20,irrigation_stop,10,0.132999591325459
2020-08-21,irrigation_stop,10,0.130086226212351
2020-08-22,irrigation_stop,10,0.127536108117355
2020-08-23,irrigation_stop,10,0.125147024790446
2020-08-24,irrigation_stop,10,0.122776537556802
2020-08-25,irrigation_stop,10,0.120915368899964
2020-08-26,irrigation_stop,10,0.119583887133682
2020-08-27,irrigation_stop,10,0.118445907559311
2020-08-28,irrigation_stop,10,0.117768474210773
2020-08-29,irrigation_stop,10,0.147099685668945
2020-08-30,irrigation_stop,10,0.238390005011308
2020-08-31,irrigation_stop,10,0.303220081329346
2020-09-01,irrigation_stop,10,0.294026835759481
2020-09-02,irrigation_stop,10,0.2826128755536
2020-09-03,irrigation_stop,10,0.270613638559977
2020-09-04,irrigation_stop,10,0.256565920511882
2020-09-05,irrigation_stop,10,0.240503025054932
2020-09-06,irrigation_stop,10,0.223847325642904
2020-09-07,irrigation_stop,10,0.20940318107605
2020-09-08,irrigation_stop,10,0.196432455799036
2020-09-09,irrigation_stop,10,0.18481648127238
2020-09-10,irrigation_stop,10,0.174341408411662
2020-09-11,irrigation_stop,10,0.165697937381939
2020-09-12,irrigation_stop,10,0.158879774617927
2020-09-13,irrigation_stop,10,0.15322768416476
2020-09-14,irrigation_stop,10,0.148607139420091
2020-09-15,irrigation_stop,10,0.144662969321535
2020-09-16,irrigation_stop,10,0.141472596831353
2020-09-17,irrigation_stop,10,0.138716333725033
2020-09-18,irrigation_stop,10,0.13632150102169
2020-09-19,irrigation_stop,10,0.134755236642403
2020-09-20,irrigation_stop,10,0.13353083694190299
2020-09-21,irrigation_stop,10,0.132263565063477
2020-09-22,irrigation_stop,10,0.131159034485513
2020-09-23,irrigation_stop,10,0.130854804223044
2020-09-24,irrigation_stop,10,0.130405524739048
2020-09-25,irrigation_stop,10,0.130551233458937
2020-09-26,irrigation_stop,10,0.147217556785051
2020-09-27,irrigation_stop,10,0.158373864491781
2020-09-28,irrigation_stop,10,0.162634686252527
2020-09-29,irrigation_stop,10,0.164641133693227
2020-09-30,irrigation_stop,10,0.169604362816605
2020-10-01,irrigation_stop,10,0.170722860658111
2020-10-02,irrigation_stop,10,0.170764515740728
2020-10-03,irrigation_stop,10,0.282393169403076
2020-10-04,irrigation_stop,10,0.322693223953247
2020-10-05,irrigation_stop,10,0.313542636235555
2020-10-06,irrigation_stop,10,0.308189766197874
2020-10-07,irrigation_stop,10,0.320370006561279
2020-10-08,irrigation_stop,10,0.318161534259194
2020-10-09,irrigation_stop,10,0.310019109422656
2020-10-10,irrigation_stop,10,0.304326812951322
2020-10-11,irrigation_stop,10,0.302017761866252
2020-10-12,irrigation_stop,10,0.295789187247293
2020-10-13,irrigation_stop,10,0.289847136483614
2020-10-14,irrigation_stop,10,0.284909301055105
2020-10-15,irrigation_stop,10,0.281617458314315
2020-10-16,irrigation_stop,10,0.279145433287783
2020-10-17,irrigation_stop,10,0.274785009270195
2020-10-18,irrigation_stop,10,0.269747575871666
2020-10-19,irrigation_stop,10,0.265048261659105
2020-10-20,irrigation_stop,10,0.259472189501356
2020-10-21,irrigation_stop,10,0.250068503575968
2020-10-22,irrigation_stop,10,0.241619312306955
2020-10-23,irrigation_stop,10,0.237864521167833
2020-10-24,irrigation_stop,10,0.246595577227175
2020-10-25,irrigation_stop,10,0.261130678159829
2020-10-26,irrigation_stop,10,0.271942093318919
2020-10-27,irrigation_stop,10,0.311188726722932
2020-10-28,irrigation_stop,10,0.311791539285686
2020-10-29,irrigation_stop,10,0.309246643293867
2020-10-30,irrigation_stop,10,0.307587876611006
2020-10-31,irrigation_stop,10,0.303998341254851
2020-11-01,irrigation_stop,10,0.299442567709871
2020-11-02,irrigation_stop,10,0.294812518953394
2020-11-03,irrigation_stop,10,0.290589659418508
2020-11-04,irrigation_stop,10,0.287577858782446
2020-11-05,irrigation_stop,10,0.284925636203883
2020-11-06,irrigation_stop,10,0.282436162015897
2020-11-07,irrigation_stop,10,0.279890856503335
2020-11-08,irrigation_stop,10,0.27588552892116
2020-11-09,irrigation_stop,10,0.272946202812131
2020-11-10,irrigation_stop,10,0.270606120431356
2020-11-11,irrigation_stop,10,0.269009526963661
2020-11-12,irrigation_stop,10,0.267201020424802
2020-11-13,irrigation_stop,10,0.265081079084395
2020-11-14,irrigation_stop,10,0.262821900283784
2020-11-15,irrigation_stop,10,0.260364509819329
2020-11-16,irrigation_stop,10,0.257224639697279
2020-11-17,irrigation_stop,10,0.256400272783773
2020-11-18,irrigation_stop,10,0.255860819901016
2020-11-19,irrigation_stop,10,0.254631660277515
2020-11-20,irrigation_stop,10,0.252705203283526
2020-11-21,irrigation_stop,10,0.251485555676999
2020-11-22,irrigation_stop,10,0.25111290835259
2020-11-23,irrigation_stop,10,0.250360712683707
2020-11-24,irrigation_stop,10,0.249347349717217
2020-11-25,irrigation_stop,10,0.248549391211481
2020-11-26,irrigation_stop,10,0.248009679806652
2020-11-27,irrigation_stop,10,0.24757638208988
2020-11-28,irrigation_stop,10,0.247038784870643
2020-11-29,irrigation_stop,10,0.24648237351655
2020-11-30,irrigation_stop,10,0.246010554826317
2020-12-01,irrigation_stop,10,0.245647604024958
2020-12-02,irrigation_stop,10,0.245312115870747
2020-12-03,irrigation_stop,10,0.245160755154416
2020-12-04,irrigation_stop,10,0.244863118680275
2020-12-05,irrigation_stop,10,0.245580602385096
2020-12-06,irrigation_stop,10,0.267846403589948
2020-12-07,irrigation_stop,10,0.314718906387055
2020-12-08,irrigation_stop,10,0.319074072099073
2020-12-09,irrigation_stop,10,0.318883873470723
2020-12-10,irrigation_stop,10,0.318155244325641
2020-12-11,irrigation_stop,10,0.316570670063479
2020-12-12,irrigation_stop,10,0.315157911229186
2020-12-13,irrigation_stop,10,0.318472285076309
2020-12-14,irrigation_stop,10,0.325933790387384
2020-12-15,irrigation_stop,10,0.325504363059705
2020-12-16,irrigation_stop,10,0.323820578811668
2020-12-17,irrigation_stop,10,0.321695243736268
2020-12-18,irrigation_stop,10,0.319512085539869
2020-12-19,irrigation_stop,10,0.317413260696804
2020-12-20,irrigation_stop,10,0.315264147762313
2020-12-21,irrigation_stop,10,0.313786543893983
2020-12-22,irrigation_stop,10,0.339467881717359
2020-12-23,irrigation_stop,10,0.339011871103702
2020-12-24,irrigation_stop,10,0.344725371093236
2020-12-25,irrigation_stop,10,0.344495579982523
2020-12-26,irrigation_stop,10,0.338858284647158
2020-12-27,irrigation_stop,10,0.334221124839492
2020-12-28,irrigation_stop,10,0.330502356364962
2020-12-29,irrigation_stop,10,0.327797935440147
2020-12-30,irrigation_stop,10,0.325957366530852
2020-12-31,irrigation_stop,10,0.323864354006247
2021-01-01,irrigation_stop,10,0.322016925694603
2021-01-02,irrigation_stop,10,0.320348224476141
2021-01-03,irrigation_stop,10,0.318593633362669
2021-01-04,irrigation_stop,10,0.317629287752535
2021-01-05,irrigation_stop,10,0.316393640660106
2021-01-06,irrigation_stop,10,0.315080314761478
2021-01-07,irrigation_stop,10,0.313717500367893
2021-01-08,irrigation_stop,10,0.311962030794515
2021-01-09,irrigation_stop,10,0.309783901248062
2021-01-10,irrigation_stop,10,0.307312188748637
2021-01-11,irrigation_stop,10,0.30354096329003
2021-01-12,irrigation_stop,10,0.297230734355376
2021-01-13,irrigation_stop,10,0.297652051234343
2021-01-14,irrigation_stop,10,0.314722125664245
2021-01-15,irrigation_stop,10,0.354770015328287
2021-01-16,irrigation_stop,10,0.357224757233538
2021-01-17,irrigation_stop,10,0.351808783301837
2021-01-18,irrigation_stop,10,0.348452013772858
2021-01-19,irrigation_stop,10,0.344097426497433
2021-01-20,irrigation_stop,10,0.339989122258186
2021-01-21,irrigation_stop,10,0.34305457484297
2021-01-22,irrigation_stop,10,0.356365945976135
2021-01-23,irrigation_stop,10,0.359998013644358
2021-01-24,irrigation_stop,10,0.353525886642472
2021-01-25,irrigation_stop,10,0.348099284192532
2021-01-26,irrigation_stop,10,0.344079380773377
2021-01-27,irrigation_stop,10,0.34064150964506
2021-01-28,irrigation_stop,10,0.354526222677718
2021-01-29,irrigation_stop,10,0.380701696790098
2021-01-30,irrigation_stop,10,0.378199407120937
2021-01-31,irrigation_stop,10,0.372868679580739
2021-02-01,irrigation_stop,10,0.376553075682124
2021-02-02,irrigation_stop,10,0.376229827022439
2021-02-03,irrigation_stop,10,0.377804561456562
2021-02-04,irrigation_stop,10,0.371174186688525
2021-02-05,irrigation_stop,10,0.360651343838119
2021-02-06,irrigation_stop,10,0.353850754730838
2021-02-07,irrigation_stop,10,0.348873440358691
2021-02-08,irrigation_stop,10,0.345279785919579
2021-02-09,irrigation_stop,10,0.342299775372577
2021-02-10,irrigation_stop,10,0.339904447035837
2021-02-11,irrigation_stop,10,0.337772093605788
2021-02-12,irrigation_stop,10,0.335656390710374
2021-02-13,irrigation_stop,10,0.333928295953865
2021-02-14,irrigation_stop,10,0.332471705508488
2021-02-15,irrigation_stop,10,0.331056751284683
2021-02-16,irrigation_stop,10,0.331576487843334
2021-02-17,irrigation_stop,10,0.331175725592184
2021-02-18,irrigation_stop,10,0.32977502134295
2021-02-19,irrigation_stop,10,0.327841674346957
2021-02-20,irrigation_stop,10,0.325546786653541
2021-02-21,irrigation_stop,10,0.323185549611631
2021-02-22,irrigation_stop,10,0.320603265648129
2021-02-23,irrigation_stop,10,0.317776656749001
2021-02-24,irrigation_stop,10,0.314985880098845
2021-02-25,irrigation_stop,10,0.312078025969657
2021-02-26,irrigation_stop,10,0.309189924668714
2021-02-27,irrigation_stop,10,0.306469561778685
2021-02-28,irrigation_stop,10,0.30422443982029
2021-03-01,irrigation_stop,10,0.302134688862583
2021-03-02,irrigation_stop,10,0.299789515552613
2021-03-03,irrigation_stop,10,0.29724657112825
2021-03-04,irrigation_stop,10,0.29464431077431
2021-03-05,irrigation_stop,10,0.291558867397928
2021-03-06,irrigation_stop,10,0.288649805894135
2021-03-07,irrigation_stop,10,0.285999425782691
2021-03-08,irrigation_stop,10,0.283470341389461
2021-03-09,irrigation_stop,10,0.281346329659847
2021-03-10,irrigation_stop,10,0.278964539156171
2021-03-11,irrigation_stop,10,0.275338810236875
2021-03-12,irrigation_stop,10,0.280424821389002
2021-03-13,irrigation_stop,10,0.279929932803972
2021-03-14,irrigation_stop,10,0.278421096164551
2021-03-15,irrigation_stop,10,0.293045619833537
2021-03-16,irrigation_stop,10,0.325891041302948
2021-03-17,irrigation_stop,10,0.324218345827578
2021-03-18,irrigation_stop,10,0.3203015266296
2021-03-19,irrigation_stop,10,0.316362589699573
2021-03-20,irrigation_stop,10,0.31297629574888
2021-03-21,irrigation_stop,10,0.310120361539055
2021-03-22,irrigation_stop,10,0.307075517118366
2021-03-23,irrigation_stop,10,0.303701620938485
2021-03-24,irrigation_stop,10,0.299845945378645
2021-03-25,irrigation_stop,10,0.295160689830416
2021-03-26,irrigation_stop,10,0.290096185900641
2021-03-27,irrigation_stop,10,0.286198390736012
2021-03-28,irrigation_stop,10,0.288720211832147
2021-03-29,irrigation_stop,10,0.284845959713585
2021-03-30,irrigation_stop,10,0.275894809834926
2021-03-31,irrigation_stop,10,0.270098217913979
2021-04-01,irrigation_stop,10,0.261636740992686
2021-04-02,irrigation_stop,10,0.253556801656174
2021-04-03,irrigation_stop,10,0.246022410112697
2021-04-04,irrigation_stop,10,0.239888292279629
2021-04-05,irrigation_stop,10,0.233807723407497
2021-04-06,irrigation_stop,10,0.227507416983957
2021-04-07,irrigation_stop,10,0.2240591535465
2021-04-08,irrigation_stop,10,0.22173950926085
2021-04-09,irrigation_stop,10,0.217929578413043
2021-04-10,irrigation_stop,10,0.212250742632228
2021-04-11,irrigation_stop,10,0.205610470883924
2021-04-12,irrigation_stop,10,0.200421271240502
2021-04-13,irrigation_stop,10,0.19741851982128
2021-04-14,irrigation_stop,10,0.194501419053144
2021-04-15,irrigation_stop,10,0.192148986775824
2021-04-16,irrigation_stop,10,0.189720192751596
2021-04-17,irrigation_stop,10,0.186956696814679
2021-04-18,irrigation_stop,10,0.183800700293379
2021-04-19,irrigation_stop,10,0.180500971209251
2021-04-20,irrigation_stop,10,0.177084978980133
2021-04-21,irrigation_stop,10,0.173816784641199
2021-04-22,irrigation_stop,10,0.170940888858011
2021-04-23,irrigation_stop,10,0.1678409622836
2021-04-24,irrigation_stop,10,0.164816234320925
2021-04-25,irrigation_stop,10,0.16213263967314
2021-04-26,irrigation_stop,10,0.160479986291183
2021-04-27,irrigation_stop,10,0.159464144911415
2021-04-28,irrigation_stop,10,0.15770878005446
2021-04-29,irrigation_stop,10,0.159955440989712
2021-04-30,irrigation_stop,10,0.170372929322092
2021-05-01,irrigation_stop,10,0.176891945788735
2021-05-02,irrigation_stop,10,0.228383718791761
2021-05-03,irrigation_stop,10,0.244791088438871
2021-05-04,irrigation_stop,10,0.237910260545447
2021-05-05,irrigation_stop,10,0.228767715474611
2021-05-06,irrigation_stop,10,0.230490218832138
2021-05-07,irrigation_stop,10,0.341399081548055
2021-05-08,irrigation_stop,10,0.335966913323653
2021-05-09,irrigation_stop,10,0.321856512505423
2021-05-10,irrigation_stop,10,0.309489705771731
2021-05-11,irrigation_stop,10,0.312493570950014
2021-05-12,irrigation_stop,10,0.344616995359722
2021-05-13,irrigation_stop,10,0.332781320538437
2021-05-14,irrigation_stop,10,0.321872853292997
2021-05-15,irrigation_stop,10,0.314081561272604
2021-05-16,irrigation_stop,10,0.33408920421935
2021-05-17,irrigation_stop,10,0.362348248163859
2021-05-18,irrigation_stop,10,0.347528911724425
2021-05-19,irrigation_stop,10,0.335477297812444
2021-05-20,irrigation_stop,10,0.325371754796881
2021-05-21,irrigation_stop,10,0.31721784510511
2021-05-22,irrigation_stop,10,0.330969100249441
2021-05-23,irrigation_stop,10,0.327998880914474
2021-05-24,irrigation_stop,10,0.319952896229873
2021-05-25,irrigation_stop,10,0.312060774045339
2021-05-26,irrigation_stop,10,0.301992315660443
2021-05-27,irrigation_stop,10,0.29142033008107
2021-05-28,irrigation_stop,10,0.280223894119263
2021-05-29,irrigation_stop,10,0.267869914013221
2021-05-30,irrigation_stop,10,0.254482868443365
2021-05-31,irrigation_stop,10,0.238335401133487
2021-06-01,irrigation_stop,10,0.222478640396293
2021-06-02,irrigation_stop,10,0.209798717498779
2021-06-03,irrigation_stop,10,0.201576972150776
2021-06-04,irrigation_stop,10,0.191432690369455
2021-06-05,irrigation_stop,10,0.195301803120396
2021-06-06,irrigation_stop,10,0.201801827748617
2021-06-07,irrigation_stop,10,0.196246338413918
2021-06-08,irrigation_stop,10,0.192530172334182
2021-06-09,irrigation_stop,10,0.188142343049799
2021-06-10,irrigation_stop,10,0.181362101738913
2021-06-11,irrigation_stop,10,0.174265468094766
2021-06-12,irrigation_stop,10,0.168488231294411
2021-06-13,irrigation_stop,10,0.163416750862688
2021-06-14,irrigation_stop,10,0.158735814964918
2021-06-15,irrigation_stop,10,0.154498937441659
2021-06-16,irrigation_stop,10,0.150673694108662
2021-06-17,irrigation_stop,10,0.147339613206925
2021-06-18,irrigation_stop,10,0.144474362200577
2021-06-19,irrigation_stop,10,0.142236004399255
2021-06-20,irrigation_stop,10,0.140548853053669
2021-06-21,irrigation_stop,10,0.139226999450148
2021-06-22,irrigation_stop,10,0.145204095003898
2021-06-23,irrigation_stop,10,0.188504361177212
2021-06-24,irrigation_stop,10,0.188557752998926
2021-06-25,irrigation_stop,10,0.213799254099528
2021-06-26,irrigation_stop,10,0.205706709152996
2021-06-27,irrigation_stop,10,0.18753644283707
2021-06-28,irrigation_stop,10,0.170479985610684
2021-06-29,irrigation_stop,10,0.161629947026571
2021-06-30,irrigation_stop,10,0.156880244085447
2021-07-01,irrigation_stop,10,0.153320811589559
2021-07-02,irrigation_stop,10,0.150002937258445
2021-07-03,irrigation_stop,10,0.146743417940425
2021-07-04,irrigation_stop,10,0.14632676771747
2021-07-05,irrigation_stop,10,0.145181644300153
2021-07-06,irrigation_stop,10,0.149239837244937
2021-07-07,irrigation_stop,10,0.197261283941436
2021-07-08,irrigation_stop,10,0.242610199245867
2021-07-09,irrigation_stop,10,0.341882096729376
2021-07-10,irrigation_stop,10,0.321808763164422
2021-07-11,irrigation_stop,10,0.310288199780369
2021-07-12,irrigation_stop,10,0.297117700086102
2021-07-13,irrigation_stop,10,0.331123315242299
2021-07-14,irrigation_stop,10,0.354066863812898
2021-07-15,irrigation_stop,10,0.367385981739431
2021-07-16,irrigation_stop,10,0.368323523705466
2021-07-17,irrigation_stop,10,0.346184315095868
2021-07-18,irrigation_stop,10,0.329066673412658
2021-07-19,irrigation_stop,10,0.313819300333659
2021-07-20,irrigation_stop,10,0.299184605195123
2021-07-21,irrigation_stop,10,0.283651215904637
2021-07-22,irrigation_stop,10,0.265899449492232
2021-07-23,irrigation_stop,10,0.24581275801225
2021-07-24,irrigation_stop,10,0.227234459781485
2021-07-25,irrigation_stop,10,0.212450414450274
2021-07-26,irrigation_stop,10,0.201184359935292
2021-07-27,irrigation_stop,10,0.192525817302235
2021-07-28,irrigation_stop,10,0.193537189670384
2021-07-29,irrigation_stop,10,0.188910914830816
2021-07-30,irrigation_stop,10,0.181120045979818
2021-07-31,irrigation_stop,10,0.17686179847048
2021-08-01,irrigation_stop,10,0.194200608001502
2021-08-02,irrigation_stop,10,0.206039030249639
2021-08-03,irrigation_stop,10,0.200381563492595
2021-08-04,irrigation_stop,10,0.198249913949315
2021-08-05,irrigation_stop,10,0.200216005776702
2021-08-06,irrigation_stop,10,0.199086504919567
2021-08-07,irrigation_stop,10,0.198350056159421
2021-08-08,irrigation_stop,10,0.266758170044213
2021-08-09,irrigation_stop,10,0.268657133908106
2021-08-10,irrigation_stop,10,0.25465288216582
2021-08-11,irrigation_stop,10,0.23662685833734
2021-08-12,irrigation_stop,10,0.218231309130371
2021-08-13,irrigation_stop,10,0.220713365454423
2021-08-14,irrigation_stop,10,0.214707199048669
2021-08-15,irrigation_stop,10,0.202447214554224
2021-08-16,irrigation_stop,10,0.208354838407943
2021-08-17,irrigation_stop,10,0.203587009031931
2021-08-18,irrigation_stop,10,0.193290339416409
2021-08-19,irrigation_stop,10,0.184432419513134
2021-08-20,irrigation_stop,10,0.177329111012889
2021-08-21,irrigation_stop,10,0.170886955093919
2021-08-22,irrigation_stop,10,0.166145432637048
2021-08-23,irrigation_stop,10,0.162675447492468
2021-08-24,irrigation_stop,10,0.158472211904693
2021-08-25,irrigation_stop,10,0.154941216184382
2021-08-26,irrigation_stop,10,0.152080298657463
2021-08-27,irrigation_stop,10,0.149217926828485
2021-08-28,irrigation_stop,10,0.146551223721421
2021-08-29,irrigation_stop,10,0.144460372924805
2021-08-30,irrigation_stop,10,0.142566871643066
2021-08-31,irrigation_stop,10,0.140900029926079
2021-09-01,irrigation_stop,10,0.139357486605956
2021-09-02,irrigation_stop,10,0.137935048790388
2021-09-03,irrigation_stop,10,0.13660752452605
2021-09-04,irrigation_stop,10,0.135441096623739
2021-09-05,irrigation_stop,10,0.134455955006011
2021-09-06,irrigation_stop,10,0.133429766214022
2021-09-07,irrigation_stop,10,0.132435058714505
2021-09-08,irrigation_stop,10,0.131275764434608
2021-09-09,irrigation_stop,10,0.130099531370713
2021-09-10,irrigation_stop,10,0.139387465324274
2021-09-11,irrigation_stop,10,0.172274998788201
2021-09-12,irrigation_stop,10,0.160720560710355
2021-09-13,irrigation_stop,10,0.149832781741494
2021-09-14,irrigation_stop,10,0.143012061370047
2021-09-15,irrigation_stop,10,0.14347621834069
2021-09-16,irrigation_stop,10,0.162645082808377
2021-09-17,irrigation_stop,10,0.160742315183428
2021-09-18,irrigation_stop,10,0.153783675254659
2021-09-19,irrigation_stop,10,0.234631922594777
2021-09-20,irrigation_stop,10,0.30086159739578
2021-09-21,irrigation_stop,10,0.293823230728457
2021-09-22,irrigation_stop,10,0.281887989546123
2021-09-23,irrigation_stop,10,0.269920285375495
2021-09-24,irrigation_stop,10,0.256951783046032
2021-09-25,irrigation_stop,10,0.242867239567271
2021-09-26,irrigation_stop,10,0.232780934885929
2021-09-27,irrigation_stop,10,0.224126013289107
2021-09-28,irrigation_stop,10,0.212103957318245
2021-09-29,irrigation_stop,10,0.200696239471436
2021-09-30,irrigation_stop,10,0.190774695078532
2021-10-01,irrigation_stop,10,0.18249257405599
2021-10-02,irrigation_stop,10,0.175368886301881
2021-10-03,irrigation_stop,10,0.168634686931487
2021-10-04,irrigation_stop,10,0.16639074163234
2021-10-05,irrigation_stop,10,0.226704824347245
2021-10-06,irrigation_stop,10,0.24050895824767
2021-10-07,irrigation_stop,10,0.232770972837482
2021-10-08,irrigation_stop,10,0.222143618102036
2021-10-09,irrigation_stop,10,0.212563459566223
2021-10-10,irrigation_stop,10,0.203460494960231
2021-10-11,irrigation_stop,10,0.194828599963272
2021-10-12,irrigation_stop,10,0.187056255002394
2021-10-13,irrigation_stop,10,0.180074148512379
2021-10-14,irrigation_stop,10,0.173796410811575
2021-10-15,irrigation_stop,10,0.169398170160064
2021-10-16,irrigation_stop,10,0.165533799288566
2021-10-17,irrigation_stop,10,0.162350735683258
2021-10-18,irrigation_stop,10,0.15957736987287
2021-10-19,irrigation_stop,10,0.156929465844404
2021-10-20,irrigation_stop,10,0.154468127749711
2021-10-21,irrigation_stop,10,0.172755848734002
2021-10-22,irrigation_stop,10,0.18165417748312301
2021-10-23,irrigation_stop,10,0.174460363889995
2021-10-24,irrigation_stop,10,0.168356426213383
2021-10-25,irrigation_stop,10,0.163073372347043
2021-10-26,irrigation_stop,10,0.159220142029879
2021-10-27,irrigation_stop,10,0.156623099121222
2021-10-28,irrigation_stop,10,0.154543771911086
2021-10-29,irrigation_stop,10,0.152398699985498
2021-10-30,irrigation_stop,10,0.149943838788752
2021-10-31,irrigation_stop,10,0.148500696818034
2021-11-01,irrigation_stop,10,0.175594218571981
2021-11-02,irrigation_stop,10,0.21598401570863
2021-11-03,irrigation_stop,10,0.213847437383062
2021-11-04,irrigation_stop,10,0.225104017182569
2021-11-05,irrigation_stop,10,0.232649243110238
2021-11-06,irrigation_stop,10,0.232311345080643
2021-11-07,irrigation_stop,10,0.231190024888885
2021-11-08,irrigation_stop,10,0.22977328407615
2021-11-09,irrigation_stop,10,0.228201598945974
2021-11-10,irrigation_stop,10,0.224105787277222
2021-11-11,irrigation_stop,10,0.219333332274415
2021-11-12,irrigation_stop,10,0.216549153650105
2021-11-13,irrigation_stop,10,0.214233653313205
2021-11-14,irrigation_stop,10,0.212994950586717
2021-11-15,irrigation_stop,10,0.211531836535425
2021-11-16,irrigation_stop,10,0.208962421744739
2021-11-17,irrigation_stop,10,0.207445653781556
2021-11-18,irrigation_stop,10,0.205379859437334
2021-11-19,irrigation_stop,10,0.203760050541754
2021-11-20,irrigation_stop,10,0.202512531974681
2021-11-21,irrigation_stop,10,0.200964121895079
2021-11-22,irrigation_stop,10,0.198872555682534
2021-11-23,irrigation_stop,10,0.196995494609795
2021-11-24,irrigation_stop,10,0.196102795442325
2021-11-25,irrigation_stop,10,0.194542019492702
2021-11-26,irrigation_stop,10,0.192890354062515
2021-11-27,irrigation_stop,10,0.191891157254215
2021-11-28,irrigation_stop,10,0.190770633230462
2021-11-29,irrigation_stop,10,0.189387821754265
2021-11-30,irrigation_stop,10,0.188068930984389
2021-12-01,irrigation_stop,10,0.187261004698904
2021-12-02,irrigation_stop,10,0.186723467956369
2021-12-03,irrigation_stop,10,0.186019454029079
2021-12-04,irrigation_stop,10,0.19466603494882
2021-12-05,irrigation_stop,10,0.288075824704087
2021-12-06,irrigation_stop,10,0.30307575342948
2021-12-07,irrigation_stop,10,0.307867075235478
2021-12-08,irrigation_stop,10,0.312237105453224
2021-12-09,irrigation_stop,10,0.330731179125944
2021-12-10,irrigation_stop,10,0.336372312668234
2021-12-11,irrigation_stop,10,0.332824139104983
2021-12-12,irrigation_stop,10,0.33253463241001
2021-12-13,irrigation_stop,10,0.329396343522647
2021-12-14,irrigation_stop,10,0.325860755918442
2021-12-15,irrigation_stop,10,0.323757702563534
2021-12-16,irrigation_stop,10,0.322301080425236
2021-12-17,irrigation_stop,10,0.320331075761
2021-12-18,irrigation_stop,10,0.318304246421954
2021-12-19,irrigation_stop,10,0.316075115865828
2021-12-20,irrigation_stop,10,0.313745866655696
2021-12-21,irrigation_stop,10,0.31127520892637
2021-12-22,irrigation_stop,10,0.308884026654605
2021-12-23,irrigation_stop,10,0.306590837860962
2021-12-24,irrigation_stop,10,0.304828005840904
2021-12-25,irrigation_stop,10,0.303992675113429
2021-12-26,irrigation_stop,10,0.309914938577478
2021-12-27,irrigation_stop,10,0.330040575167568
2021-12-28,irrigation_stop,10,0.355926633663163
2021-12-29,irrigation_stop,10,0.369555546935477
2021-12-30,irrigation_stop,10,0.36472109819682
2021-12-31,irrigation_stop,10,0.354533813477975
2022-01-01,irrigation_stop,10,0.347501741615495
2022-01-02,irrigation_stop,10,0.342358773051922
2022-01-03,irrigation_stop,10,0.338318697076316
2022-01-04,irrigation_stop,10,0.334703522272796
2022-01-05,irrigation_stop,10,0.337398384113117
2022-01-06,irrigation_stop,10,0.338086902289605
2022-01-07,irrigation_stop,10,0.334442451320894
2022-01-08,irrigation_stop,10,0.331844716375608
2022-01-09,irrigation_stop,10,0.330606765480084
2022-01-10,irrigation_stop,10,0.333554762006918
2022-01-11,irrigation_stop,10,0.334317559565288
2022-01-12,irrigation_stop,10,0.332029124950135
2022-01-13,irrigation_stop,10,0.329198919405195
2022-01-14,irrigation_stop,10,0.326668896443435
2022-01-15,irrigation_stop,10,0.324717647140149
2022-01-16,irrigation_stop,10,0.323168056220339
2022-01-17,irrigation_stop,10,0.321560082519264
2022-01-18,irrigation_stop,10,0.319906388332969
2022-01-19,irrigation_stop,10,0.318333102907686
2022-01-20,irrigation_stop,10,0.317257750287969
2022-01-21,irrigation_stop,10,0.316768713718376
2022-01-22,irrigation_stop,10,0.31568061527453
2022-01-23,irrigation_stop,10,0.314265610746296
2022-01-24,irrigation_stop,10,0.312807957950747
2022-01-25,irrigation_stop,10,0.311362045020388
2022-01-26,irrigation_stop,10,0.310022728671175
2022-01-27,irrigation_stop,10,0.308802036205523
2022-01-28,irrigation_stop,10,0.307743125056188
2022-01-29,irrigation_stop,10,0.306977509281092
2022-01-30,irrigation_stop,10,0.306556903024626
2022-01-31,irrigation_stop,10,0.306574680051416
2022-02-01,irrigation_stop,10,0.308765671211377
2022-02-02,irrigation_stop,10,0.334720271498589
2022-02-03,irrigation_stop,10,0.358117792956106
2022-02-04,irrigation_stop,10,0.354885964217405
2022-02-05,irrigation_stop,10,0.349869652296367
2022-02-06,irrigation_stop,10,0.34567083985292
2022-02-07,irrigation_stop,10,0.361455427972894
2022-02-08,irrigation_stop,10,0.355992847743787
2022-02-09,irrigation_stop,10,0.349576287185937
2022-02-10,irrigation_stop,10,0.344848184920194
2022-02-11,irrigation_stop,10,0.341252082388274
2022-02-12,irrigation_stop,10,0.338052445162452
2022-02-13,irrigation_stop,10,0.335329097219963
2022-02-14,irrigation_stop,10,0.332770949748524
2022-02-15,irrigation_stop,10,0.330774693907353
2022-02-16,irrigation_stop,10,0.330163399378459
2022-02-17,irrigation_stop,10,0.341463280966332
2022-02-18,irrigation_stop,10,0.343054257275765
2022-02-19,irrigation_stop,10,0.338955936599196
2022-02-20,irrigation_stop,10,0.334994229864567
2022-02-21,irrigation_stop,10,0.332056785660388
2022-02-22,irrigation_stop,10,0.330281727104856
2022-02-23,irrigation_stop,10,0.328102246939847
2022-02-24,irrigation_stop,10,0.325394932428996
2022-02-25,irrigation_stop,10,0.322603704887524
2022-02-26,irrigation_stop,10,0.32001674548865
2022-02-27,irrigation_stop,10,0.318012946731522
2022-02-28,irrigation_stop,10,0.316415758467557
2022-03-01,irrigation_stop,10,0.314794706210755
2022-03-02,irrigation_stop,10,0.313096002444886
2022-03-03,irrigation_stop,10,0.311049906947661
2022-03-04,irrigation_stop,10,0.308885987599691
2022-03-05,irrigation_stop,10,0.306981929310581
2022-03-06,irrigation_stop,10,0.305371491448921
2022-03-07,irrigation_stop,10,0.304012898475893
2022-03-08,irrigation_stop,10,0.302652862950375
2022-03-09,irrigation_stop,10,0.30103269622948
2022-03-10,irrigation_stop,10,0.298978502039324
2022-03-11,irrigation_stop,10,0.296329873538186
2022-03-12,irrigation_stop,10,0.293263013906646
2022-03-13,irrigation_stop,10,0.289935263416223
2022-03-14,irrigation_stop,10,0.286355106486185
2022-03-15,irrigation_stop,10,0.283063029908297
2022-03-16,irrigation_stop,10,0.281415848698176
2022-03-17,irrigation_stop,10,0.278087400832965
2022-03-18,irrigation_stop,10,0.274151634417082
2022-03-19,irrigation_stop,10,0.270039776132462
2022-03-20,irrigation_stop,10,0.264701678169902
2022-03-21,irrigation_stop,10,0.258949789749949
2022-03-22,irrigation_stop,10,0.253197340255088
2022-03-23,irrigation_stop,10,0.247346521069996
2022-03-24,irrigation_stop,10,0.241671428320879
2022-03-25,irrigation_stop,10,0.235796910146554
2022-03-26,irrigation_stop,10,0.229725996485928
2022-03-27,irrigation_stop,10,0.223083369951722
2022-03-28,irrigation_stop,10,0.217201589354387
2022-03-29,irrigation_stop,10,0.211636380480047
2022-03-30,irrigation_stop,10,0.207123010641784
2022-03-31,irrigation_stop,10,0.204434790136032
2022-04-01,irrigation_stop,10,0.202619947602207
2022-04-02,irrigation_stop,10,0.201897062167787
2022-04-03,irrigation_stop,10,0.201012628789534
2022-04-04,irrigation_stop,10,0.199675372786912
2022-04-05,irrigation_stop,10,0.197332839350547
2022-04-06,irrigation_stop,10,0.194482811461104
2022-04-07,irrigation_stop,10,0.204011774739475
2022-04-08,irrigation_stop,10,0.265788268583753
2022-04-09,irrigation_stop,10,0.308570358401673
2022-04-10,irrigation_stop,10,0.314167377289822
2022-04-11,irrigation_stop,10,0.308097838813264
2022-04-12,irrigation_stop,10,0.299978152007077
2022-04-13,irrigation_stop,10,0.291165626760115
2022-04-14,irrigation_stop,10,0.28177937533079
2022-04-15,irrigation_stop,10,0.27124971384316
2022-04-16,irrigation_stop,10,0.260150033460263
2022-04-17,irrigation_stop,10,0.248502567470241
2022-04-18,irrigation_stop,10,0.237922709081635
2022-04-19,irrigation_stop,10,0.227309632224949
2022-04-20,irrigation_stop,10,0.216831742066877
2022-04-21,irrigation_stop,10,0.207900044290643
2022-04-22,irrigation_stop,10,0.200157281225795
2022-04-23,irrigation_stop,10,0.193494368230952
2022-04-24,irrigation_stop,10,0.191829381472823
2022-04-25,irrigation_stop,10,0.189424794369251
2022-04-26,irrigation_stop,10,0.186643649244006
2022-04-27,irrigation_stop,10,0.183050619754429
2022-04-28,irrigation_stop,10,0.179014835602198
2022-04-29,irrigation_stop,10,0.175380406524791
2022-04-30,irrigation_stop,10,0.172599467486811
2022-05-01,irrigation_stop,10,0.170955559070896
2022-05-02,irrigation_stop,10,0.168463410722448
2022-05-03,irrigation_stop,10,0.166468585980801
2022-05-04,irrigation_stop,10,0.165497281819469
2022-05-05,irrigation_stop,10,0.165848957750638
2022-05-06,irrigation_stop,10,0.166183738666238
2022-05-07,irrigation_stop,10,0.164586813689257
2022-05-08,irrigation_stop,10,0.162493330414532
2022-05-09,irrigation_stop,10,0.160702105070415
2022-05-10,irrigation_stop,10,0.15880171147591
2022-05-11,irrigation_stop,10,0.156877508832697
2022-05-12,irrigation_stop,10,0.154826161903248
2022-05-13,irrigation_stop,10,0.15273699760437
2022-05-14,irrigation_stop,10,0.150535704903569
2022-05-15,irrigation_stop,10,0.152066864214445
2022-05-16,irrigation_stop,10,0.169768249612106
2022-05-17,irrigation_stop,10,0.164619504359731
2022-05-18,irrigation_stop,10,0.156389311071028
2022-05-19,irrigation_stop,10,0.151162992778577
2022-05-20,irrigation_stop,10,0.148301888188572
2022-05-21,irrigation_stop,10,0.145923069497906
2022-05-22,irrigation_stop,10,0.143911832355525
2022-05-23,irrigation_stop,10,0.142344328897041
2022-05-24,irrigation_stop,10,0.141221429423282
2022-05-25,irrigation_stop,10,0.140756202991795
2022-05-26,irrigation_stop,10,0.140022379891914
2022-05-27,irrigation_stop,10,0.139085297144667
2022-05-28,irrigation_stop,10,0.137951897908679
2022-05-29,irrigation_stop,10,0.136460728511832
2022-05-30,irrigation_stop,10,0.135076055359422
2022-05-31,irrigation_stop,10,0.140397376202522
2022-06-01,irrigation_stop,10,0.191490686338062
2022-06-02,irrigation_stop,10,0.197780962570606
2022-06-03,irrigation_stop,10,0.195884975299501
2022-06-04,irrigation_stop,10,0.186369131991738
2022-06-05,irrigation_stop,10,0.173194866472325
2022-06-06,irrigation_stop,10,0.163736173060902
2022-06-07,irrigation_stop,10,0.15775116494637
2022-06-08,irrigation_stop,10,0.154027253347086
2022-06-09,irrigation_stop,10,0.15103348263523
2022-06-10,irrigation_stop,10,0.147615859931242
2022-06-11,irrigation_stop,10,0.144339400825771
2022-06-12,irrigation_stop,10,0.1417185485842
2022-06-13,irrigation_stop,10,0.140193106166103
2022-06-14,irrigation_stop,10,0.139765760447384
2022-06-15,irrigation_stop,10,0.135667968495829
2022-06-16,irrigation_stop,10,0.133496370938519
2022-06-17,irrigation_stop,10,0.132002734474091
2022-06-18,irrigation_stop,10,0.130237588840188
2022-06-19,irrigation_stop,10,0.12822048875012
2022-06-20,irrigation_stop,10,0.126229381561279
2022-06-21,irrigation_stop,10,0.124332866836012
2022-06-22,irrigation_stop,10,0.123603147939564
2022-06-23,irrigation_stop,10,0.145185311635335
2022-06-24,irrigation_stop,10,0.140888325711514
2022-06-25,irrigation_stop,10,0.134816318311189
2022-06-26,irrigation_stop,10,0.130014377723974
2022-06-27,irrigation_stop,10,0.135609191258748
2022-06-28,irrigation_stop,10,0.168924338279174
2022-06-29,irrigation_stop,10,0.190777336087143
2022-06-30,irrigation_stop,10,0.184681924294518
2022-07-01,irrigation_stop,10,0.179804892765205
2022-07-02,irrigation_stop,10,0.173330433326855
2022-07-03,irrigation_stop,10,0.161516505915944
2022-07-04,irrigation_stop,10,0.158052136985205
2022-07-05,irrigation_stop,10,0.221711442814963
2022-07-06,irrigation_stop,10,0.243598162271467
2022-07-07,irrigation_stop,10,0.236247139212688
2022-07-08,irrigation_stop,10,0.218835647761473
2022-07-09,irrigation_stop,10,0.199478529166863
2022-07-10,irrigation_stop,10,0.182932847223428
2022-07-11,irrigation_stop,10,0.170194732097157
2022-07-12,irrigation_stop,10,0.160431884674494
2022-07-13,irrigation_stop,10,0.15258380113853
2022-07-14,irrigation_stop,10,0.146290014047844
2022-07-15,irrigation_stop,10,0.14094503786102
2022-07-16,irrigation_stop,10,0.137257157964226
2022-07-17,irrigation_stop,10,0.132871139701234
2022-07-18,irrigation_stop,10,0.12978006305602
2022-07-19,irrigation_stop,10,0.128151261681005
2022-07-20,irrigation_stop,10,0.124658997049079
2022-07-21,irrigation_stop,10,0.125624542306491
2022-07-22,irrigation_stop,10,0.123846740131572
2022-07-23,irrigation_stop,10,0.122542303814377
2022-07-24,irrigation_stop,10,0.121602779522277
2022-07-25,irrigation_stop,10,0.120451204877329
2022-07-26,irrigation_stop,10,0.120806278027986
2022-07-27,irrigation_stop,10,0.119847334144476
2022-07-28,irrigation_stop,10,0.118771839718536
2022-07-29,irrigation_stop,10,0.118145378920159
2022-07-30,irrigation_stop,10,0.117942035675049
2022-07-31,irrigation_stop,10,0.117486788929626
2022-08-01,irrigation_stop,10,0.116943497383314
2022-08-02,irrigation_stop,10,0.116199719855126
2022-08-03,irrigation_stop,10,0.11549356842041
2022-08-04,irrigation_stop,10,0.114869688775175
2022-08-05,irrigation_stop,10,0.11491880113091
2022-08-06,irrigation_stop,10,0.119765007318523
2022-08-07,irrigation_stop,10,0.121544454194259
2022-08-08,irrigation_stop,10,0.12017175667746
2022-08-09,irrigation_stop,10,0.119047310121598
2022-08-10,irrigation_stop,10,0.118342574671695
2022-08-11,irrigation_stop,10,0.117685313893744
2022-08-12,irrigation_stop,10,0.116818947612556
2022-08-13,irrigation_stop,10,0.115788130430798
2022-08-14,irrigation_stop,10,0.114820063814204
2022-08-15,irrigation_stop,10,0.114191581050745
2022-08-16,irrigation_stop,10,0.113709171976022
2022-08-17,irrigation_stop,10,0.11336197629888
2022-08-18,irrigation_stop,10,0.113800248526555
2022-08-19,irrigation_stop,10,0.115691849959524
2022-08-20,irrigation_stop,10,0.11845901047556
2022-08-21,irrigation_stop,10,0.118692962159502
2022-08-22,irrigation_stop,10,0.118110921558581
2022-08-23,irrigation_stop,10,0.117562722657856
2022-08-24,irrigation_stop,10,0.117153409656725
2022-08-25,irrigation_stop,10,0.116674093692861
2022-08-26,irrigation_stop,10,0.145465209358617
2022-08-27,irrigation_stop,10,0.198846852963609
2022-08-28,irrigation_stop,10,0.189537457367358
2022-08-29,irrigation_stop,10,0.175450543434389
2022-08-30,irrigation_stop,10,0.160598310655163
2022-08-31,irrigation_stop,10,0.150127627924869
2022-09-01,irrigation_stop,10,0.142652243564003
2022-09-02,irrigation_stop,10,0.137566885094894
2022-09-03,irrigation_stop,10,0.135050294574938
2022-09-04,irrigation_stop,10,0.132959503342219
2022-09-05,irrigation_stop,10,0.130874481201172
2022-09-06,irrigation_stop,10,0.129267616395027
2022-09-07,irrigation_stop,10,0.131268116800409
2022-09-08,irrigation_stop,10,0.189211856356299
2022-09-09,irrigation_stop,10,0.192177027778913
2022-09-10,irrigation_stop,10,0.179109304827512
2022-09-11,irrigation_stop,10,0.16487886428833
2022-09-12,irrigation_stop,10,0.152585185402318
2022-09-13,irrigation_stop,10,0.143918170928955
2022-09-14,irrigation_stop,10,0.139026308561626
2022-09-15,irrigation_stop,10,0.136432358360504
2022-09-16,irrigation_stop,10,0.134380873027601
2022-09-17,irrigation_stop,10,0.131694660186768
2022-09-18,irrigation_stop,10,0.129603141901246
2022-09-19,irrigation_stop,10,0.128103009081901
2022-09-20,irrigation_stop,10,0.126657053136879
2022-09-21,irrigation_stop,10,0.125529702839098
2022-09-22,irrigation_stop,10,0.124503440856934
2022-09-23,irrigation_stop,10,0.123574848175049
2022-09-24,irrigation_stop,10,0.123254234249888
2022-09-25,irrigation_stop,10,0.123459535417204
2022-09-26,irrigation_stop,10,0.123610347547029
2022-09-27,irrigation_stop,10,0.123643861434552
2022-09-28,irrigation_stop,10,0.167583523108471
2022-09-29,irrigation_stop,10,0.215623702199836
2022-09-30,irrigation_stop,10,0.219380601933762
2022-10-01,irrigation_stop,10,0.223132161082526
2022-10-02,irrigation_stop,10,0.26720791425203
2022-10-03,irrigation_stop,10,0.291508070074994
2022-10-04,irrigation_stop,10,0.288329748070758
2022-10-05,irrigation_stop,10,0.280910282536557
2022-10-06,irrigation_stop,10,0.272929510242595
2022-10-07,irrigation_stop,10,0.264904914046386
2022-10-08,irrigation_stop,10,0.258224689920293
2022-10-09,irrigation_stop,10,0.254703253093519
2022-10-10,irrigation_stop,10,0.249732853098119
2022-10-11,irrigation_stop,10,0.240993614568422
2022-10-12,irrigation_stop,10,0.232181422928055
2022-10-13,irrigation_stop,10,0.224734964936738
2022-10-14,irrigation_stop,10,0.218263627106772
2022-10-15,irrigation_stop,10,0.214057165105292
2022-10-16,irrigation_stop,10,0.209059361276356
2022-10-17,irrigation_stop,10,0.200823297400224
2022-10-18,irrigation_stop,10,0.193217482115093
2022-10-19,irrigation_stop,10,0.186666233865838
2022-10-20,irrigation_stop,10,0.181482882464946
2022-10-21,irrigation_stop,10,0.178714837351435
2022-10-22,irrigation_stop,10,0.221277397010521
2022-10-23,irrigation_stop,10,0.251332236350851
2022-10-24,irrigation_stop,10,0.282124437052352
2022-10-25,irrigation_stop,10,0.329674407958977
2022-10-26,irrigation_stop,10,0.328346206786785
2022-10-27,irrigation_stop,10,0.324745852152507
2022-10-28,irrigation_stop,10,0.318038997315524
2022-10-29,irrigation_stop,10,0.311512869450084
2022-10-30,irrigation_stop,10,0.305192778867453
2022-10-31,irrigation_stop,10,0.299167381587781
2022-11-01,irrigation_stop,10,0.294416774173342
2022-11-02,irrigation_stop,10,0.29228959641736
2022-11-03,irrigation_stop,10,0.289611896213732
2022-11-04,irrigation_stop,10,0.289389446874919
2022-11-05,irrigation_stop,10,0.292054217416398
2022-11-06,irrigation_stop,10,0.292078526814779
2022-11-07,irrigation_stop,10,0.290781002665349
2022-11-08,irrigation_stop,10,0.288637710705138
2022-11-09,irrigation_stop,10,0.285594473803564
2022-11-10,irrigation_stop,10,0.28422073552572
2022-11-11,irrigation_stop,10,0.283983866818675
2022-11-12,irrigation_stop,10,0.282222514570805
2022-11-13,irrigation_stop,10,0.280005609331491
2022-11-14,irrigation_stop,10,0.288230709286297
2022-11-15,irrigation_stop,10,0.310751558031863
2022-11-16,irrigation_stop,10,0.313590701421102
2022-11-17,irrigation_stop,10,0.31514631756565
2022-11-18,irrigation_stop,10,0.331367419966569
2022-11-19,irrigation_stop,10,0.334802886480272
2022-11-20,irrigation_stop,10,0.330147867390334
2022-11-21,irrigation_stop,10,0.325666813228441
2022-11-22,irrigation_stop,10,0.324279653268681
2022-11-23,irrigation_stop,10,0.324118237244455
2022-11-24,irrigation_stop,10,0.326391344270129
2022-11-25,irrigation_stop,10,0.325659597698723
2022-11-26,irrigation_stop,10,0.323133322714691
2022-11-27,irrigation_stop,10,0.320639480766675
2022-11-28,irrigation_stop,10,0.317615654113445
2022-11-29,irrigation_stop,10,0.316041721096585
2022-11-30,irrigation_stop,10,0.316060108055815
2022-12-01,irrigation_stop,10,0.314802297294563
2022-12-02,irrigation_stop,10,0.313362854006754
2022-12-03,irrigation_stop,10,0.311595387830802
2022-12-04,irrigation_stop,10,0.309334165642246
2022-12-05,irrigation_stop,10,0.307650662207788
2022-12-06,irrigation_stop,10,0.306883500849993
2022-12-07,irrigation_stop,10,0.305757481176164
2022-12-08,irrigation_stop,10,0.304563266687226
2022-12-09,irrigation_stop,10,0.303744159615434
2022-12-10,irrigation_stop,10,0.312766719315102
2022-12-11,irrigation_stop,10,0.322220777003967
2022-12-12,irrigation_stop,10,0.321389553758743
2022-12-13,irrigation_stop,10,0.318933514669432
2022-12-14,irrigation_stop,10,0.318540529356201
2022-12-15,irrigation_stop,10,0.318785300565876
2022-12-16,irrigation_stop,10,0.319092510018871
2022-12-17,irrigation_stop,10,0.320215496247715
2022-12-18,irrigation_stop,10,0.319534405570459
2022-12-19,irrigation_stop,10,0.318338734038333
2022-12-20,irrigation_stop,10,0.316952884838145
2022-12-21,irrigation_stop,10,0.315888468424479
2022-12-23,irrigation_stop,10,0.368953928292966
2022-12-24,irrigation_stop,10,0.364691285394196
2022-12-25,irrigation_stop,10,0.352979428154426
2022-12-26,irrigation_stop,10,0.345473777825105
2022-12-27,irrigation_stop,10,0.342859940360887
2022-12-28,irrigation_stop,10,0.339265106576304
2022-12-29,irrigation_stop,10,0.33628681011445
2022-12-30,irrigation_stop,10,0.333806800218969
2022-12-31,irrigation_stop,10,0.341612548828125
2023-01-01,irrigation_stop,10,0.315811157226563
2023-01-02,irrigation_stop,10,0.334212941136853
2023-01-03,irrigation_stop,10,0.333405890831581
2023-01-04,irrigation_stop,10,0.329828127551034
2023-01-05,irrigation_stop,10,0.327797704846118
2023-01-06,irrigation_stop,10,0.325953500744442
2023-01-07,irrigation_stop,10,0.324276332652315
2023-01-08,irrigation_stop,10,0.323037541707357
2023-01-11,irrigation_stop,10,0.35285152148175
2023-01-12,irrigation_stop,10,0.349632554895738
2023-01-13,irrigation_stop,10,0.344144438800692
2023-01-14,irrigation_stop,10,0.340033517999852
2023-01-15,irrigation_stop,10,0.336387790869665
2023-01-16,irrigation_stop,10,0.33424896723131
2023-01-17,irrigation_stop,10,0.333761265009022
2023-01-18,irrigation_stop,10,0.334522390801236
2023-01-19,irrigation_stop,10,0.33494884008347803
2023-01-20,irrigation_stop,10,0.331671725197086
2023-01-21,irrigation_stop,10,0.328772557576497
2023-01-31,irrigation_stop,10,0.301760635375977
2023-02-01,irrigation_stop,10,0.305912933349609
2023-02-02,irrigation_stop,10,0.310000432332357
2023-02-03,irrigation_stop,10,0.312922795613607
2023-02-04,irrigation_stop,10,0.320585632324219
2023-02-05,irrigation_stop,10,0.320393371582031
2023-02-07,irrigation_stop,10,0.333138725085136
2023-02-08,irrigation_stop,10,0.3313672333043
2023-02-09,irrigation_stop,10,0.327217221727558
2023-02-10,irrigation_stop,10,0.32281206947076
2023-02-11,irrigation_stop,10,0.319471359787426
2023-02-12,irrigation_stop,10,0.317903042032847
2023-02-13,irrigation_stop,10,0.317727487129078
2023-02-14,irrigation_stop,10,0.319047614855644
2023-02-15,irrigation_stop,10,0.320398813883464
2023-02-16,irrigation_stop,10,0.322445933024089
2023-02-17,irrigation_stop,10,0.323174387613932
2023-02-18,irrigation_stop,10,0.323038673400879
2023-02-19,irrigation_stop,10,0.320883021154516
2023-02-20,irrigation_stop,10,0.319506499846911
2023-02-21,irrigation_stop,10,0.317654614387274
2023-02-22,irrigation_stop,10,0.31588249735387
2023-02-23,irrigation_stop,10,0.316132119985727
2023-02-24,irrigation_stop,10,0.315591693493609
2023-02-25,irrigation_stop,10,0.313915958113096
2023-02-26,irrigation_stop,10,0.312200768151793
2023-02-27,irrigation_stop,10,0.31075775882654
2023-02-28,irrigation_stop,10,0.309463378406865
2023-03-01,irrigation_stop,10,0.308443935461212
2023-03-02,irrigation_stop,10,0.307509970581322
2023-03-03,irrigation_stop,10,0.30654388377541
2023-03-04,irrigation_stop,10,0.305573575549296
2023-03-05,irrigation_stop,10,0.304462561311819
2023-03-06,irrigation_stop,10,0.303243740316023
2023-03-07,irrigation_stop,10,0.301951276377628
2023-03-08,irrigation_stop,10,0.300734783306456
2023-03-09,irrigation_stop,10,0.341710058848063
2023-03-10,irrigation_stop,10,0.355929428401746
2023-03-11,irrigation_stop,10,0.371815838897437
2023-03-12,irrigation_stop,10,0.359776138847491
2023-03-13,irrigation_stop,10,0.350357187170731
2023-03-14,irrigation_stop,10,0.374101364236129
2023-03-15,irrigation_stop,10,0.360966801559716
2023-03-16,irrigation_stop,10,0.351642395655314
2023-03-17,irrigation_stop,10,0.345155703798592
2023-03-18,irrigation_stop,10,0.33963429786151
2023-03-19,irrigation_stop,10,0.335174192629362
2023-03-20,irrigation_stop,10,0.348119189446433
2023-03-21,irrigation_stop,10,0.343798198365329
2023-03-22,irrigation_stop,10,0.337538120202851
2023-03-23,irrigation_stop,10,0.332226801253202
2023-03-24,irrigation_stop,10,0.332871486070041
2023-03-25,irrigation_stop,10,0.351415828738296
2023-03-26,irrigation_stop,10,0.356123146355051
2023-03-27,irrigation_stop,10,0.362118159216036
2023-03-28,irrigation_stop,10,0.351974464324584
2023-03-29,irrigation_stop,10,0.345731977663542
2023-03-30,irrigation_stop,10,0.342303994599324
2023-03-31,irrigation_stop,10,0.355289843320742
2023-04-01,irrigation_stop,10,0.370089648278608
2023-04-02,irrigation_stop,10,0.357636130148904
2023-04-03,irrigation_stop,10,0.348998890090407
2023-04-04,irrigation_stop,10,0.34264561887373
2023-04-05,irrigation_stop,10,0.337632020597712
2023-04-06,irrigation_stop,10,0.333309514984438
2023-04-07,irrigation_stop,10,0.332035697635851
2023-04-08,irrigation_stop,10,0.332919264320756
2023-04-09,irrigation_stop,10,0.329158116725453
2023-04-10,irrigation_stop,10,0.325095422217186
2023-04-11,irrigation_stop,10,0.321848424443027
2023-04-12,irrigation_stop,10,0.322092079085706
2023-04-13,irrigation_stop,10,0.320670802204321
2023-04-14,irrigation_stop,10,0.317717207915394
2023-04-15,irrigation_stop,10,0.315192539991495
2023-04-16,irrigation_stop,10,0.313435895730418
2023-04-17,irrigation_stop,10,0.310033150936695
2023-04-18,irrigation_stop,10,0.306283736789614
2023-04-19,irrigation_stop,10,0.302908487195812
2023-04-20,irrigation_stop,10,0.301550737811673
2023-04-21,irrigation_stop,10,0.309157350891871
2023-04-22,irrigation_stop,10,0.307058038189633
2023-04-23,irrigation_stop,10,0.303772577308435
2023-04-24,irrigation_stop,10,0.300399875979052
2023-04-25,irrigation_stop,10,0.298860093501576
2023-04-26,irrigation_stop,10,0.299763424003873
2023-04-27,irrigation_stop,10,0.296343450343355
2023-04-28,irrigation_stop,10,0.291896087903503
2023-04-29,irrigation_stop,10,0.338353573007787
2023-04-30,irrigation_stop,10,0.345129740466219
2023-05-01,irrigation_stop,10,0.370033741348014
2023-05-02,irrigation_stop,10,0.360591171142903
2023-05-03,irrigation_stop,10,0.347225903617371
2023-05-04,irrigation_stop,10,0.337768816273352
2023-05-05,irrigation_stop,10,0.329838622358614
2023-05-06,irrigation_stop,10,0.322977038967994
2023-05-07,irrigation_stop,10,0.31733158328009
2023-05-08,irrigation_stop,10,0.315821972791991
2023-05-09,irrigation_stop,10,0.311136083968648
2023-05-10,irrigation_stop,10,0.312608624857368
2023-05-11,irrigation_stop,10,0.309922083631773
2023-05-12,irrigation_stop,10,0.305844323516738
2023-05-13,irrigation_stop,10,0.301656349065551
2023-05-14,irrigation_stop,10,0.298125446265471
2023-05-15,irrigation_stop,10,0.293494392624984
2023-05-16,irrigation_stop,10,0.287859439903825
2023-05-17,irrigation_stop,10,0.282414375467503
2023-05-18,irrigation_stop,10,0.27634393783768
2023-05-19,irrigation_stop,10,0.270667903643128
2023-05-20,irrigation_stop,10,0.26466404999591
2023-05-21,irrigation_stop,10,0.256937147370467
2023-05-22,irrigation_stop,10,0.248529064151042
2023-05-23,irrigation_stop,10,0.240854791753014
2023-05-24,irrigation_stop,10,0.235241854444463
2023-05-25,irrigation_stop,10,0.229920035517956
2023-05-26,irrigation_stop,10,0.224655246396437
2023-05-27,irrigation_stop,10,0.219432851777855
2023-05-28,irrigation_stop,10,0.214785939185046
2023-05-29,irrigation_stop,10,0.209661592997558
2023-05-30,irrigation_stop,10,0.204794581054796
2023-05-31,irrigation_stop,10,0.20028706611471
2023-06-01,irrigation_stop,10,0.195946567278382
2023-06-02,irrigation_stop,10,0.191503641115013
2023-06-03,irrigation_stop,10,0.188223992340954
2023-06-04,irrigation_stop,10,0.185502026605268
2023-06-05,irrigation_stop,10,0.182686130991074
2023-06-06,irrigation_stop,10,0.17863411429926
2023-06-07,irrigation_stop,10,0.174668975586587
2023-06-08,irrigation_stop,10,0.170759657184689
2023-06-09,irrigation_stop,10,0.167722751400995
2023-06-10,irrigation_stop,10,0.194112986030308
2023-06-11,irrigation_stop,10,0.20567653365169
2023-06-12,irrigation_stop,10,0.198350946277591
2023-06-13,irrigation_stop,10,0.190319663035859
2023-06-14,irrigation_stop,10,0.183397465563835
2023-06-15,irrigation_stop,10,0.176249618112282
2023-06-16,irrigation_stop,10,0.170304780310773
2023-06-17,irrigation_stop,10,0.164877519201725
2023-06-18,irrigation_stop,10,0.159842443991776
2023-06-19,irrigation_stop,10,0.155825017125983
2023-06-20,irrigation_stop,10,0.151981253971044
2023-06-21,irrigation_stop,10,0.148836765418946
2023-06-22,irrigation_stop,10,0.14660219574829
2023-06-23,irrigation_stop,10,0.14514226378056
2023-06-24,irrigation_stop,10,0.143813460500617
2023-06-25,irrigation_stop,10,0.142489120583785
2023-06-26,irrigation_stop,10,0.140738271817915
2023-06-27,irrigation_stop,10,0.138666043340292
2023-06-28,irrigation_stop,10,0.136610344334653
2023-06-29,irrigation_stop,10,0.135984704507826
2023-06-30,irrigation_stop,10,0.148736281813237
2023-07-01,irrigation_stop,10,0.154586579674169
2023-07-02,irrigation_stop,10,0.151711652510661
2023-07-03,irrigation_stop,10,0.147526478516428
2023-07-04,irrigation_stop,10,0.143822493804129
2023-07-05,irrigation_stop,10,0.140313290211192
2023-07-06,irrigation_stop,10,0.137540241992138
2023-07-07,irrigation_stop,10,0.134953657786051
2023-07-08,irrigation_stop,10,0.132704145852289
2023-07-09,irrigation_stop,10,0.130628681182861
2023-07-10,irrigation_stop,10,0.128770049413045
2023-07-11,irrigation_stop,10,0.127164436290928
2023-07-12,irrigation_stop,10,0.169738251033582
2023-07-13,irrigation_stop,10,0.246850077311198
2023-07-14,irrigation_stop,10,0.248458341272866
2023-07-27,irrigation_stop,10,0.239375902258832
2023-07-28,irrigation_stop,10,0.233089700252452
2023-07-29,irrigation_stop,10,0.223889940011942
2023-07-30,irrigation_stop,10,0.241137351989746
2023-07-31,irrigation_stop,10,0.237452309926351
2023-08-01,irrigation_stop,10,0.225874392860814
2023-08-02,irrigation_stop,10,0.212954503778826
2023-08-03,irrigation_stop,10,0.200384790385646
2023-08-04,irrigation_stop,10,0.190122365951538
2023-08-05,irrigation_stop,10,0.181969420115153
2023-08-06,irrigation_stop,10,0.173906177219592
2023-08-07,irrigation_stop,10,0.166738698858964
2023-08-08,irrigation_stop,10,0.159726587931315
2023-08-09,irrigation_stop,10,0.153361264111703
2023-08-10,irrigation_stop,10,0.148079792658488
2023-08-11,irrigation_stop,10,0.143719466359992
2023-08-12,irrigation_stop,10,0.140107437936883
2023-08-13,irrigation_stop,10,0.137207714716593
2023-08-14,irrigation_stop,10,0.134833110027591
2023-08-15,irrigation_stop,10,0.132652126367789
2023-08-16,irrigation_stop,10,0.132464131807026
2023-08-17,irrigation_stop,10,0.147389968236287
2023-08-18,irrigation_stop,10,0.144834960219841
2023-08-19,irrigation_stop,10,0.140292421620744
2023-08-20,irrigation_stop,10,0.136100323994954
2023-08-21,irrigation_stop,10,0.132545856676604
2023-08-22,irrigation_stop,10,0.129893684387207
2023-08-23,irrigation_stop,10,0.127847687403361
2023-08-24,irrigation_stop,10,0.125906165440877
2023-08-25,irrigation_stop,10,0.124275843302409
2023-08-26,irrigation_stop,10,0.124704283301
2023-08-27,irrigation_stop,10,0.172425587972005
2023-08-28,irrigation_stop,10,0.26542132233452
2023-08-29,irrigation_stop,10,0.299050615042971
2023-08-30,irrigation_stop,10,0.296195999781291
2023-08-31,irrigation_stop,10,0.28987987836202
2023-09-01,irrigation_stop,10,0.282427326838175
2023-09-02,irrigation_stop,10,0.272854448683718
2023-09-03,irrigation_stop,10,0.262121710191693
2023-09-04,irrigation_stop,10,0.249948279062907
2023-09-05,irrigation_stop,10,0.237484486897786
2023-09-06,irrigation_stop,10,0.225427023569743
2023-09-07,irrigation_stop,10,0.214146536627382
2023-09-08,irrigation_stop,10,0.204152615865072
2023-09-09,irrigation_stop,10,0.195170323053996
2023-09-10,irrigation_stop,10,0.187061595852671
2023-09-11,irrigation_stop,10,0.179894011562642
2023-09-12,irrigation_stop,10,0.173943980534871
2023-09-13,irrigation_stop,10,0.170294030507406
2023-09-14,irrigation_stop,10,0.168799194814377
2023-09-15,irrigation_stop,10,0.166161425908407
2023-09-16,irrigation_stop,10,0.16315712928772
2023-09-17,irrigation_stop,10,0.159999736150106
2023-09-18,irrigation_stop,10,0.174948491331892
2023-09-19,irrigation_stop,10,0.23364134887832
2023-09-20,irrigation_stop,10,0.238282900443937
2023-09-21,irrigation_stop,10,0.227528023030964
2023-09-22,irrigation_stop,10,0.222188176104897
2023-09-23,irrigation_stop,10,0.223718039194743
2023-09-24,irrigation_stop,10,0.219093100229899
2023-09-25,irrigation_stop,10,0.211578142907291
2023-09-26,irrigation_stop,10,0.202479880133976
2023-09-27,irrigation_stop,10,0.193423732121785
2023-09-28,irrigation_stop,10,0.184799124449658
2023-09-29,irrigation_stop,10,0.17698933283488
2023-09-30,irrigation_stop,10,0.170222822825114
2023-10-01,irrigation_stop,10,0.164433749516805
2023-10-02,irrigation_stop,10,0.159199206034342
2023-10-03,irrigation_stop,10,0.154683971405029
2023-10-04,irrigation_stop,10,0.151386984273007
2023-10-05,irrigation_stop,10,0.148740987610399
2023-10-06,irrigation_stop,10,0.146285885322801
2023-10-07,irrigation_stop,10,0.143772528841674
2023-10-08,irrigation_stop,10,0.141591785597508
2023-10-09,irrigation_stop,10,0.139592283447539
2023-10-10,irrigation_stop,10,0.137760347406915
2023-10-11,irrigation_stop,10,0.136107170557789
2023-10-12,irrigation_stop,10,0.134620640018886
2023-10-13,irrigation_stop,10,0.133222583804214
2023-10-14,irrigation_stop,10,0.132172621844108
2023-10-15,irrigation_stop,10,0.131446490997964
2023-10-16,irrigation_stop,10,0.130511596077367
2023-10-17,irrigation_stop,10,0.129769859146654
2023-10-18,irrigation_stop,10,0.129070692927413
2023-10-19,irrigation_stop,10,0.128388546455614
2023-10-20,irrigation_stop,10,0.12779640753085
2023-10-21,irrigation_stop,10,0.128673430660315
2023-10-22,irrigation_stop,10,0.129358230724669
2023-10-23,irrigation_stop,10,0.129485224004377
2023-10-24,irrigation_stop,10,0.134223868989429
2023-10-25,irrigation_stop,10,0.149483413581137
2023-10-26,irrigation_stop,10,0.16028087766547
2023-10-27,irrigation_stop,10,0.288698576833585
2023-10-28,irrigation_stop,10,0.310511130784687
2023-10-29,irrigation_stop,10,0.305718550730125
2023-10-30,irrigation_stop,10,0.301529604921416
2023-10-31,irrigation_stop,10,0.330207109098872
2023-11-01,irrigation_stop,10,0.3260402333109
2023-11-02,irrigation_stop,10,0.332328917021714
2023-11-03,irrigation_stop,10,0.346054597653841
2023-11-04,irrigation_stop,10,0.343501296294363
2023-11-05,irrigation_stop,10,0.365277605900439
2023-11-06,irrigation_stop,10,0.351757645523339
2023-11-07,irrigation_stop,10,0.340836537344414
2023-11-08,irrigation_stop,10,0.334386089021655
2023-11-09,irrigation_stop,10,0.329633959720009
2023-11-10,irrigation_stop,10,0.340987388038422
2023-11-11,irrigation_stop,10,0.351273825628716
2023-11-12,irrigation_stop,10,0.353252228142032
2023-11-13,irrigation_stop,10,0.36610640810247
2023-11-14,irrigation_stop,10,0.376421503769724
2023-11-15,irrigation_stop,10,0.3648230517004
2023-11-16,irrigation_stop,10,0.352019196752738
2023-11-17,irrigation_stop,10,0.345331983463323
2023-11-18,irrigation_stop,10,0.342890526219418
2023-11-19,irrigation_stop,10,0.343434149089612
2023-11-20,irrigation_stop,10,0.344985842253033
2023-11-21,irrigation_stop,10,0.341625080911737
2023-11-22,irrigation_stop,10,0.339043342479266
2023-11-23,irrigation_stop,10,0.335816183993691
2023-11-24,irrigation_stop,10,0.333002542972031
2023-11-25,irrigation_stop,10,0.33012043420892
2023-11-26,irrigation_stop,10,0.327511118637888
2023-11-27,irrigation_stop,10,0.325366476761667
2023-11-28,irrigation_stop,10,0.349825953031841
2023-11-29,irrigation_stop,10,0.358089045597957
2023-11-30,irrigation_stop,10,0.356656939255564
2023-12-01,irrigation_stop,10,0.380795735007838
2023-12-02,irrigation_stop,10,0.377386409678358
2023-12-03,irrigation_stop,10,0.368621873353657
2023-12-04,irrigation_stop,10,0.358414127952174
2023-12-05,irrigation_stop,10,0.353830467095968
2023-12-06,irrigation_stop,10,0.351436538696289
2023-12-07,irrigation_stop,10,0.348184661147576
2023-12-08,irrigation_stop,10,0.346652717590332
2023-12-09,irrigation_stop,10,0.362702096834428
2023-12-10,irrigation_stop,10,0.379869365692139
2023-12-11,irrigation_stop,10,0.383866459495143
2023-12-12,irrigation_stop,10,0.385132655982074
2023-12-13,irrigation_stop,10,0.394624710202618
2023-12-14,irrigation_stop,10,0.384521541595459
2023-12-15,irrigation_stop,10,0.370333766937256
2023-12-16,irrigation_stop,10,0.361388301849365
2023-12-17,irrigation_stop,10,0.355706062316895
2023-12-18,irrigation_stop,10,0.351645088195801
2023-12-19,irrigation_stop,10,0.348409445977429
2023-12-20,irrigation_stop,10,0.345580596923828
2023-12-21,irrigation_stop,10,0.344843940333316
2023-12-22,irrigation_stop,10,0.348344612121582
2023-12-23,irrigation_stop,10,0.345475254058838
2023-12-24,irrigation_stop,10,0.342264910553765
2023-12-25,irrigation_stop,10,0.339770184250989
2023-12-26,irrigation_stop,10,0.337592261165948
2023-12-27,irrigation_stop,10,0.335535507202148
2023-12-28,irrigation_stop,10,0.333510391218264
2023-12-29,irrigation_stop,10,0.331737516089223
2023-12-30,irrigation_stop,10,0.330234563846738
2023-12-31,irrigation_stop,10,0.328944239497852
2024-01-01,irrigation_stop,10,0.330451673424762
2024-01-02,irrigation_stop,10,0.330598411560059
2024-01-03,irrigation_stop,10,0.347591183311061
2024-01-04,irrigation_stop,10,0.363336369257091
2024-01-05,irrigation_stop,10,0.358114795684814
2024-01-06,irrigation_stop,10,0.36486169993169
2024-01-07,irrigation_stop,10,0.358783168792725
2024-01-08,irrigation_stop,10,0.352791030456611
2024-01-09,irrigation_stop,10,0.348232460021973
2024-01-10,irrigation_stop,10,0.344519442260332
2024-01-11,irrigation_stop,10,0.341622829437256
2024-01-12,irrigation_stop,10,0.339201563238163
2024-01-13,irrigation_stop,10,0.336618141507515
2024-01-14,irrigation_stop,10,0.333380994499864
2024-01-15,irrigation_stop,10,0.333007278442383
2024-01-16,irrigation_stop,10,0.33328592300415
2024-01-17,irrigation_stop,10,0.35521380717757
2024-01-18,irrigation_stop,10,0.384141159057617
2024-01-19,irrigation_stop,10,0.377140104874321
2024-01-20,irrigation_stop,10,0.365504684448242
2024-01-21,irrigation_stop,10,0.35771505355835
2024-01-22,irrigation_stop,10,0.35488283307288
2024-01-23,irrigation_stop,10,0.367760677337647
2024-01-24,irrigation_stop,10,0.362148449050886
2024-01-25,irrigation_stop,10,0.356233960330019
2024-01-26,irrigation_stop,10,0.351471468695868
2024-01-27,irrigation_stop,10,0.349334973171871
2024-01-28,irrigation_stop,10,0.346464020082959
2024-01-29,irrigation_stop,10,0.343491282754071
2024-01-30,irrigation_stop,10,0.340995178222656
2024-01-31,irrigation_stop,10,0.3387094288449
2024-02-01,irrigation_stop,10,0.336686935424805
2024-02-02,irrigation_stop,10,0.334936149229795
2024-02-03,irrigation_stop,10,0.333352947235107
2024-02-04,irrigation_stop,10,0.331749869864572
2024-02-05,irrigation_stop,10,0.330287292326807
2024-02-06,irrigation_stop,10,0.328671966097248
2024-02-07,irrigation_stop,10,0.327188789345389
2024-02-08,irrigation_stop,10,0.333356776083669
2024-02-09,irrigation_stop,10,0.337106704711914
2024-02-10,irrigation_stop,10,0.333842277526855
2024-02-11,irrigation_stop,10,0.330666165171385
2024-02-12,irrigation_stop,10,0.328126258850098
2024-02-13,irrigation_stop,10,0.32625638961792
2024-02-14,irrigation_stop,10,0.324425640106201
2024-02-15,irrigation_stop,10,0.322254295349121
2024-02-16,irrigation_stop,10,0.320305919647217
2024-02-17,irrigation_stop,10,0.318379199533153
2024-02-18,irrigation_stop,10,0.316481666564941
2024-02-19,irrigation_stop,10,0.314603252410889
2024-02-20,irrigation_stop,10,0.313859443664551
2024-02-21,irrigation_stop,10,0.31302096369659
2024-02-22,irrigation_stop,10,0.319563179016113
2024-02-23,irrigation_stop,10,0.371928062438965
2024-02-24,irrigation_stop,10,0.359110813140869
2024-02-25,irrigation_stop,10,0.352775946586363
2024-02-26,irrigation_stop,10,0.343619750976562
2024-02-27,irrigation_stop,10,0.338854141235352
2024-02-28,irrigation_stop,10,0.335310709612634
2024-02-29,irrigation_stop,10,0.331994438171387
2024-03-01,irrigation_stop,10,0.330506165313638
2024-03-02,irrigation_stop,10,0.332664947509766
2024-03-03,irrigation_stop,10,0.32954137802124
2024-03-04,irrigation_stop,10,0.326380794712967
2024-03-05,irrigation_stop,10,0.324247084939066
2024-03-06,irrigation_stop,10,0.322065105438232
2024-03-07,irrigation_stop,10,0.319406457505862
2024-03-08,irrigation_stop,10,0.316679231342516
2024-03-09,irrigation_stop,10,0.313367236847573
2024-03-10,irrigation_stop,10,0.315305671691895
2024-03-11,irrigation_stop,10,0.344051666635682
2024-03-12,irrigation_stop,10,0.342008776759781
2024-03-13,irrigation_stop,10,0.337179336547852
2024-03-14,irrigation_stop,10,0.332378830178187
2024-03-15,irrigation_stop,10,0.32726749420166
2024-03-16,irrigation_stop,10,0.333948253396644
2024-03-17,irrigation_stop,10,0.339252147674561
2024-03-18,irrigation_stop,10,0.358384494781494
2024-03-19,irrigation_stop,10,0.364001045227051
2024-03-20,irrigation_stop,10,0.35194709777832
2024-03-21,irrigation_stop,10,0.34503719329834
2024-03-22,irrigation_stop,10,0.341920299530029
2024-03-23,irrigation_stop,10,0.336213092803955
2024-03-24,irrigation_stop,10,0.331823030854126
2024-03-25,irrigation_stop,10,0.327705688476563
2024-03-26,irrigation_stop,10,0.323019733428955
2024-03-27,irrigation_stop,10,0.321063079833984
2024-03-28,irrigation_stop,10,0.333093120100784
2024-03-29,irrigation_stop,10,0.338231830596924
2024-03-30,irrigation_stop,10,0.333549215113863
2024-03-31,irrigation_stop,10,0.349732632114799
2024-04-01,irrigation_stop,10,0.345757368918629
2024-04-02,irrigation_stop,10,0.33999101638794
2024-04-03,irrigation_stop,10,0.333680453344262
2024-04-04,irrigation_stop,10,0.328941497802734
2024-04-05,irrigation_stop,10,0.323105065998278
2024-04-06,irrigation_stop,10,0.317082481384277
2024-04-07,irrigation_stop,10,0.312968615649039
2024-04-08,irrigation_stop,10,0.305972747802734
2024-04-09,irrigation_stop,10,0.304605952413459
2024-04-10,irrigation_stop,10,0.312753410339355
2024-04-11,irrigation_stop,10,0.309894412187019
2024-04-12,irrigation_stop,10,0.305291992870984
2024-04-13,irrigation_stop,10,0.29954423346952
2024-04-14,irrigation_stop,10,0.292720726414731
2024-04-15,irrigation_stop,10,0.285955600738525
2024-04-16,irrigation_stop,10,0.279671320618112
2024-04-17,irrigation_stop,10,0.274928722000806
2024-04-18,irrigation_stop,10,0.272063961029053
2024-04-19,irrigation_stop,10,0.268865299511063
2024-04-20,irrigation_stop,10,0.266398143768311
2024-04-21,irrigation_stop,10,0.263638534545898
2024-04-22,irrigation_stop,10,0.262453226497432
2024-04-23,irrigation_stop,10,0.259985980987549
2024-04-24,irrigation_stop,10,0.255633811950684
2024-04-25,irrigation_stop,10,0.25077241897583
2024-04-26,irrigation_stop,10,0.244604071767707
2024-04-27,irrigation_stop,10,0.238346163725132
2024-04-28,irrigation_stop,10,0.232231140136719
2024-04-29,irrigation_stop,10,0.226808412148197
2024-04-30,irrigation_stop,10,0.219250320144089
2024-05-01,irrigation_stop,10,0.212961940765381
2024-05-02,irrigation_stop,10,0.209115257263184
2024-05-03,irrigation_stop,10,0.206634490428495
2024-05-04,irrigation_stop,10,0.204484507117533
2024-05-05,irrigation_stop,10,0.200649617945894
2024-05-06,irrigation_stop,10,0.21555265160504
2024-05-07,irrigation_stop,10,0.291027448955335
2024-05-08,irrigation_stop,10,0.33549122679861
2024-05-09,irrigation_stop,10,0.32469491970152
2024-05-10,irrigation_stop,10,0.313606044927343
2024-05-11,irrigation_stop,10,0.303279361724854
2024-05-12,irrigation_stop,10,0.29313970448322
2024-05-13,irrigation_stop,10,0.285027942657471
2024-05-14,irrigation_stop,10,0.276688365427938
2024-05-15,irrigation_stop,10,0.266592540740967
2024-05-16,irrigation_stop,10,0.26307710647583
2024-05-17,irrigation_stop,10,0.27143327292242603
2024-05-18,irrigation_stop,10,0.266350079748959
2024-05-19,irrigation_stop,10,0.258015563865628
2024-05-20,irrigation_stop,10,0.247546503147009
2024-05-21,irrigation_stop,10,0.239493389129639
2024-05-22,irrigation_stop,10,0.231888075012333
2024-05-23,irrigation_stop,10,0.226582412719727
2024-05-24,irrigation_stop,10,0.223175392150879
2024-05-25,irrigation_stop,10,0.217607222293148
2024-05-26,irrigation_stop,10,0.210316109139335
2024-05-27,irrigation_stop,10,0.206192861866711
2024-05-28,irrigation_stop,10,0.203856658935547
2024-05-29,irrigation_stop,10,0.199805564880371
2024-05-30,irrigation_stop,10,0.198989124298096
2024-05-31,irrigation_stop,10,0.203853855133057
2024-06-01,irrigation_stop,10,0.206561204455334
2024-06-02,irrigation_stop,10,0.205521717071533
2024-06-03,irrigation_stop,10,0.204466706313318
2024-06-04,irrigation_stop,10,0.199017295837402
2024-06-05,irrigation_stop,10,0.195577688637702
2024-06-11,irrigation_stop,10,0.176206481933594
2024-06-12,irrigation_stop,10,0.175221128186318
2024-06-13,irrigation_stop,10,0.172153388173957
2024-06-14,irrigation_stop,10,0.170171788466604
2024-06-15,irrigation_stop,10,0.193499501077752
2024-06-16,irrigation_stop,10,0.213444509606612
2024-06-17,irrigation_stop,10,0.203299171648527
2024-06-18,irrigation_stop,10,0.189539903741134
2024-06-19,irrigation_stop,10,0.185042579203627
2024-06-20,irrigation_stop,10,0.17924246844626
2024-06-21,irrigation_stop,10,0.181048852351674
2024-06-22,irrigation_stop,10,0.204375242636959
2024-06-23,irrigation_stop,10,0.225780160970855
2024-06-24,irrigation_stop,10,0.223069337284626
2024-06-25,irrigation_stop,10,0.213846218027967
2024-06-26,irrigation_stop,10,0.203486148507683
2024-06-27,irrigation_stop,10,0.193545907561542
2024-06-28,irrigation_stop,10,0.184557412967347
2024-06-29,irrigation_stop,10,0.177657859093131
2024-06-30,irrigation_stop,10,0.173780992240237
2024-07-01,irrigation_stop,10,0.170259577935202
2024-07-02,irrigation_stop,10,0.164145359574703
2024-07-03,irrigation_stop,10,0.160638819242779
2024-07-04,irrigation_stop,10,0.157570638321994
2024-07-05,irrigation_stop,10,0.154133225012316
2024-07-06,irrigation_stop,10,0.158274159682424
2024-07-07,irrigation_stop,10,0.214602832794189
2024-07-08,irrigation_stop,10,0.196329736609208
2024-07-09,irrigation_stop,10,0.18421589178788
2024-07-10,irrigation_stop,10,0.17145510362324
2024-07-11,irrigation_stop,10,0.163104997534501
2024-07-12,irrigation_stop,10,0.173191910456436
2024-07-13,irrigation_stop,10,0.206572986974428
2024-07-14,irrigation_stop,10,0.201526965646434
2024-07-15,irrigation_stop,10,0.19269397354126
2024-07-16,irrigation_stop,10,0.222716512981214
2024-07-17,irrigation_stop,10,0.239767611479038
2024-07-18,irrigation_stop,10,0.232945501227128
2024-07-19,irrigation_stop,10,0.217232996045985
2024-07-20,irrigation_stop,10,0.200707722457766
2024-07-21,irrigation_stop,10,0.190536375146163
2024-07-22,irrigation_stop,10,0.185636754889237
2024-07-23,irrigation_stop,10,0.17856157859469
2024-07-24,irrigation_stop,10,0.172465988962274
2024-07-25,irrigation_stop,10,0.16716600257472
2024-07-26,irrigation_stop,10,0.162940474058452
2024-07-27,irrigation_stop,10,0.15968438332541
2024-07-28,irrigation_stop,10,0.155841531751404
2024-07-29,irrigation_stop,10,0.152729176964498
2024-07-30,irrigation_stop,10,0.149514476374576
2024-07-31,irrigation_stop,10,0.146505433359178
2024-08-01,irrigation_stop,10,0.144669991317014
2024-08-02,irrigation_stop,10,0.143547128299316
2024-08-03,irrigation_stop,10,0.142258173243062
2024-08-04,irrigation_stop,10,0.141624581204928
2024-08-05,irrigation_stop,10,0.138895751953125
2024-08-06,irrigation_stop,10,0.138208646334135
2024-08-07,irrigation_stop,10,0.136076462204392
2024-08-08,irrigation_stop,10,0.13518599044445
2024-08-09,irrigation_stop,10,0.134490930230768
2024-08-10,irrigation_stop,10,0.132604064651682
2024-08-11,irrigation_stop,10,0.131389141283537
2024-08-12,irrigation_stop,10,0.130036437031403
2024-08-13,irrigation_stop,10,0.128943063516654
2024-08-14,irrigation_stop,10,0.128370969650593
2024-08-15,irrigation_stop,10,0.127815926649002
2024-08-16,irrigation_stop,10,0.127247798518131
2024-08-17,irrigation_stop,10,0.137802522547105
2024-08-18,irrigation_stop,10,0.18878386539653
2024-08-19,irrigation_stop,10,0.205746040438217
2024-08-20,irrigation_stop,10,0.19939344697036
2024-08-21,irrigation_stop,10,0.189482775035657
2024-08-22,irrigation_stop,10,0.178088705590431
2024-08-23,irrigation_stop,10,0.16753134427675
2024-08-24,irrigation_stop,10,0.159130861152059
2024-08-25,irrigation_stop,10,0.154650626085373
2024-08-26,irrigation_stop,10,0.15245711401996
2024-08-27,irrigation_stop,10,0.149549188714278
2024-08-28,irrigation_stop,10,0.146634192796731
2024-08-29,irrigation_stop,10,0.144008204610724
2024-08-30,irrigation_stop,10,0.141720588483309
2024-08-31,irrigation_stop,10,0.139587293926038
2024-09-01,irrigation_stop,10,0.137646795573987
2024-09-02,irrigation_stop,10,0.136208210670668
2024-09-03,irrigation_stop,10,0.135065364837647
2024-09-04,irrigation_stop,10,0.133870492283735
2024-09-05,irrigation_stop,10,0.151504080010373
2024-09-06,irrigation_stop,10,0.163563213348389
2024-09-07,irrigation_stop,10,0.156739158630371
2024-09-08,irrigation_stop,10,0.15099663734436
2024-09-09,irrigation_stop,10,0.221574898919493
2024-09-10,irrigation_stop,10,0.225039887428284
2024-09-11,irrigation_stop,10,0.22485662616247
2024-09-12,irrigation_stop,10,0.225555862478019
2024-09-13,irrigation_stop,10,0.223137807846069
2024-09-14,irrigation_stop,10,0.218947625160217
2024-09-15,irrigation_stop,10,0.21208598613739
2024-09-16,irrigation_stop,10,0.205175948143005
2024-09-17,irrigation_stop,10,0.198485541343689
2024-09-18,irrigation_stop,10,0.190213054302425
2024-09-19,irrigation_stop,10,0.183624754475319
2024-09-20,irrigation_stop,10,0.17820336934567
2024-09-21,irrigation_stop,10,0.172847443189174
2024-09-22,irrigation_stop,10,0.168366598575673
2024-09-23,irrigation_stop,10,0.166680955886841
2024-09-24,irrigation_stop,10,0.17786576120477
2024-09-25,irrigation_stop,10,0.176217397054036
2024-09-26,irrigation_stop,10,0.191465854644775
2024-09-27,irrigation_stop,10,0.262746706875888
2024-09-28,irrigation_stop,10,0.271588738759359
2024-09-29,irrigation_stop,10,0.271681705419568
2024-09-30,irrigation_stop,10,0.259097909927368
2024-10-01,irrigation_stop,10,0.257698830052426
2024-10-02,irrigation_stop,10,0.319496291140293
2024-10-03,irrigation_stop,10,0.330761015957173
2024-10-04,irrigation_stop,10,0.325488962876169
2024-10-05,irrigation_stop,10,0.319471458133898
2024-10-06,irrigation_stop,10,0.314225322321842
2024-10-07,irrigation_stop,10,0.309295654296875
2024-10-08,irrigation_stop,10,0.304697351455688
2024-10-09,irrigation_stop,10,0.305979757563983
2024-10-10,irrigation_stop,10,0.33685284819784
2024-10-11,irrigation_stop,10,0.335994550805343
2024-10-12,irrigation_stop,10,0.329597731640464
2024-10-13,irrigation_stop,10,0.330970269061149
2024-10-14,irrigation_stop,10,0.334903727581627
2024-10-15,irrigation_stop,10,0.334465789794922
2024-10-16,irrigation_stop,10,0.331508543520732
2024-10-17,irrigation_stop,10,0.325627633028252
2024-10-18,irrigation_stop,10,0.32119783100329
2024-10-19,irrigation_stop,10,0.321874138126181
2024-10-20,irrigation_stop,10,0.320219282852976
2024-10-21,irrigation_stop,10,0.316943367284035
2024-10-22,irrigation_stop,10,0.31371431350708
2024-10-23,irrigation_stop,10,0.310676815806151
2024-10-24,irrigation_stop,10,0.307491448585023
2024-10-25,irrigation_stop,10,0.30326247215271
2024-10-26,irrigation_stop,10,0.299339179789766
2024-10-27,irrigation_stop,10,0.29548773514597
2024-10-28,irrigation_stop,10,0.2933868613996
2024-10-29,irrigation_stop,10,0.2910973072052
2024-10-30,irrigation_stop,10,0.288908360599804
2024-10-31,irrigation_stop,10,0.28666583891011
2024-11-01,irrigation_stop,10,0.284544086456299
2024-11-02,irrigation_stop,10,0.282477951049805
2024-11-03,irrigation_stop,10,0.280832052230835
2024-11-04,irrigation_stop,10,0.279086017608643
2024-11-05,irrigation_stop,10,0.277203464508057
2024-11-06,irrigation_stop,10,0.275392007827759
2024-11-07,irrigation_stop,10,0.273699052208348
2024-11-08,irrigation_stop,10,0.272286128997803
2024-11-09,irrigation_stop,10,0.270743036270142
2024-11-10,irrigation_stop,10,0.269178247451782
2024-11-11,irrigation_stop,10,0.268200254440308
2024-11-12,irrigation_stop,10,0.266990280151367
2024-11-13,irrigation_stop,10,0.269528722763062
2024-11-14,irrigation_stop,10,0.271938323974609
2024-11-15,irrigation_stop,10,0.27337456301639
2024-11-16,irrigation_stop,10,0.274096918106079
2024-11-17,irrigation_stop,10,0.274267148971558
2024-11-18,irrigation_stop,10,0.273760461807251
2024-11-19,irrigation_stop,10,0.27282886505127
2024-11-20,irrigation_stop,10,0.347423696517944
2024-11-21,irrigation_stop,10,0.350492525100708
2024-11-22,irrigation_stop,10,0.349649058392173
2024-11-23,irrigation_stop,10,0.351056623458862
2024-11-24,irrigation_stop,10,0.34999910230222
2024-11-25,irrigation_stop,10,0.355715274810791
2024-11-26,irrigation_stop,10,0.367993083753084
2024-11-27,irrigation_stop,10,0.364630365371704
2024-11-28,irrigation_stop,10,0.359693269729614
2024-11-29,irrigation_stop,10,0.360884284973145
2024-11-30,irrigation_stop,10,0.356865835189819
2024-12-01,irrigation_stop,10,0.352403450012207
2024-12-02,irrigation_stop,10,0.349106645584106
2024-12-03,irrigation_stop,10,0.348385000228882
2024-12-04,irrigation_stop,10,0.347692176417301
2024-12-05,irrigation_stop,10,0.339297124567247
2024-12-06,irrigation_stop,10,0.35503007888794
2024-12-07,irrigation_stop,10,0.358739109039307
2024-12-08,irrigation_stop,10,0.355043830871582
2024-12-09,irrigation_stop,10,0.349767608642578
2024-12-10,irrigation_stop,10,0.345552425384522
2024-12-11,irrigation_stop,10,0.34198849166067
2024-12-12,irrigation_stop,10,0.339098072052002
2024-12-13,irrigation_stop,10,0.336346473693848
2024-12-14,irrigation_stop,10,0.334405841827393
2024-12-15,irrigation_stop,10,0.33314079284668
2024-12-16,irrigation_stop,10,0.33159215927124
2024-12-17,irrigation_stop,10,0.330032978057861
2024-12-18,irrigation_stop,10,0.32825403213501
2024-12-19,irrigation_stop,10,0.329271018379613
2024-12-20,irrigation_stop,10,0.350403938293457
2024-12-21,irrigation_stop,10,0.347679710388184
2024-12-22,irrigation_stop,10,0.354512310028076
2024-12-23,irrigation_stop,10,0.368502082824707
2024-12-24,irrigation_stop,10,0.368906898498535
2024-12-25,irrigation_stop,10,0.361465339660645
2024-12-26,irrigation_stop,10,0.355213661193848
2024-12-27,irrigation_stop,10,0.350342655181885
2024-12-28,irrigation_stop,10,0.346596908569336
2024-12-29,irrigation_stop,10,0.34357400894165
2024-12-30,irrigation_stop,10,0.340932426452637
2024-12-31,irrigation_stop,10,0.338577499389648
2025-01-01,irrigation_stop,10,0.336434860229492
2025-01-02,irrigation_stop,10,0.33444522857666
2025-01-03,irrigation_stop,10,0.363721688119989
2025-01-04,irrigation_stop,10,0.360235004425049
2025-01-05,irrigation_stop,10,0.360074945951763
2025-01-06,irrigation_stop,10,0.372661190032959
2025-01-07,irrigation_stop,10,0.369609851837158
2025-01-08,irrigation_stop,10,0.367076282501221
2025-01-09,irrigation_stop,10,0.367570285797119
2025-01-10,irrigation_stop,10,0.363179264068604
2025-01-11,irrigation_stop,10,0.361997661590576
2025-01-12,irrigation_stop,10,0.362439460754395
2025-01-13,irrigation_stop,10,0.356724243164063
2025-01-14,irrigation_stop,10,0.350937728881836
2025-01-15,irrigation_stop,10,0.346723346710205
2025-01-16,irrigation_stop,10,0.3423171043396
2025-01-17,irrigation_stop,10,0.33876802444458
2025-01-18,irrigation_stop,10,0.335503730773926
2025-01-19,irrigation_stop,10,0.333985271453857
2025-01-20,irrigation_stop,10,0.335287437438965
2025-01-21,irrigation_stop,10,0.336964378356934
2025-01-22,irrigation_stop,10,0.336729125976563
2025-01-23,irrigation_stop,10,0.341158599853516
2025-01-24,irrigation_stop,10,0.350073223114014
2025-01-25,irrigation_stop,10,0.348087106403552
2025-01-26,irrigation_stop,10,0.34693042755127
2025-01-27,irrigation_stop,10,0.346278743743896
2025-01-28,irrigation_stop,10,0.373691654205322
2025-01-29,irrigation_stop,10,0.37107931137085
2025-01-30,irrigation_stop,10,0.363932685852051
2025-01-31,irrigation_stop,10,0.358447647094727
2025-02-01,irrigation_stop,10,0.354054622650146
2025-02-02,irrigation_stop,10,0.350518627166748
2025-02-03,irrigation_stop,10,0.347478637695313
2025-02-04,irrigation_stop,10,0.345038394927978
2025-02-05,irrigation_stop,10,0.34289446864984
2025-02-06,irrigation_stop,10,0.341175422668457
2025-02-07,irrigation_stop,10,0.339458026885986
2025-02-08,irrigation_stop,10,0.338437843322754
2025-02-09,irrigation_stop,10,0.336950759887695
2025-02-10,irrigation_stop,10,0.335396226381001
2025-02-11,irrigation_stop,10,0.33364820098877
2025-02-12,irrigation_stop,10,0.33194917678833
2025-02-13,irrigation_stop,10,0.331519527435303
2025-02-14,irrigation_stop,10,0.3400022315979
2025-02-15,irrigation_stop,10,0.339187393188477
2025-02-16,irrigation_stop,10,0.33718053817749
2025-02-17,irrigation_stop,10,0.335174217224121
2025-02-18,irrigation_stop,10,0.333951759338379
2025-04-02,irrigation_stop,10,0.21024169921875
2025-04-03,irrigation_stop,10,0.208257059733073
2025-04-04,irrigation_stop,10,0.20495735168457
2025-04-05,irrigation_stop,10,0.20194673538208
2025-04-06,irrigation_stop,10,0.199142532348633
2025-04-07,irrigation_stop,10,0.19709698702838
2025-04-08,irrigation_stop,10,0.192995762825012
2025-04-09,irrigation_stop,10,0.190944167219378
2025-04-10,irrigation_stop,10,0.189072617619462
2025-04-11,irrigation_stop,10,0.187173762409689
2025-04-12,irrigation_stop,10,0.184319263447109
2025-04-13,irrigation_stop,10,0.182533240318298
2025-04-14,irrigation_stop,10,0.180637001991272
2025-04-15,irrigation_stop,10,0.178251125938014
2025-04-16,irrigation_stop,10,0.21456835269928
2025-04-17,irrigation_stop,10,0.344652071866122
2025-04-18,irrigation_stop,10,0.378453771079459
2025-04-19,irrigation_stop,10,0.374429821968079
2025-04-20,irrigation_stop,10,0.372902917861938
2025-04-21,irrigation_stop,10,0.359898948669434
2025-04-22,irrigation_stop,10,0.348318576812744
2025-04-23,irrigation_stop,10,0.340102462341377
2025-04-24,irrigation_stop,10,0.337732553482056
2025-04-25,irrigation_stop,10,0.332174570184005
2025-04-26,irrigation_stop,10,0.326094422890384
2025-04-27,irrigation_stop,10,0.320650354366153
2025-04-28,irrigation_stop,10,0.315318987996955
2025-04-29,irrigation_stop,10,0.309300327301025
2025-04-30,irrigation_stop,10,0.302626808653487
2025-05-01,irrigation_stop,10,0.295393856952065
2025-05-02,irrigation_stop,10,0.287771635557476
2025-05-03,irrigation_stop,10,0.288136518762467
2025-05-04,irrigation_stop,10,0.304632496833801
2025-05-05,irrigation_stop,10,0.320266127121809
2025-05-06,irrigation_stop,10,0.320567162831624
2025-05-07,irrigation_stop,10,0.314322628317095
2025-05-08,irrigation_stop,10,0.309569025039673
2025-05-09,irrigation_stop,10,0.303685656522984
2025-05-10,irrigation_stop,10,0.297441077232361
2025-05-11,irrigation_stop,10,0.289361953735352
2025-05-12,irrigation_stop,10,0.282509326934814
2025-05-13,irrigation_stop,10,0.277862524986267
2025-05-14,irrigation_stop,10,0.269104814529419
2025-05-15,irrigation_stop,10,0.259302687644959
2025-05-16,irrigation_stop,10,0.250289297103882
2025-05-17,irrigation_stop,10,0.240773558616638
2025-05-18,irrigation_stop,10,0.232105214972245
2025-05-19,irrigation_stop,10,0.222948712800678
2025-05-20,irrigation_stop,10,0.217218947410584
2025-05-21,irrigation_stop,10,0.214165222663495
2025-05-22,irrigation_stop,10,0.209993815422058
2025-05-23,irrigation_stop,10,0.206136691444799
2025-05-24,irrigation_stop,10,0.201586079597473
2025-05-25,irrigation_stop,10,0.198125886917114
2025-05-26,irrigation_stop,10,0.19552686214447
2025-05-27,irrigation_stop,10,0.192384615702699
2025-05-28,irrigation_stop,10,0.190320358618109
2025-05-29,irrigation_stop,10,0.189708638191223
2025-05-30,irrigation_stop,10,0.188105321459113
2025-05-31,irrigation_stop,10,0.185785984992981
2025-06-01,irrigation_stop,10,0.18348970413208
2025-06-02,irrigation_stop,10,0.182563376859214
2025-06-03,irrigation_stop,10,0.181647205352783
2025-06-04,irrigation_stop,10,0.18057975769043
2025-06-05,irrigation_stop,10,0.180222105979919
2025-06-06,irrigation_stop,10,0.178431058965802
2025-06-07,irrigation_stop,10,0.177877457246001
2025-06-08,irrigation_stop,10,0.17844820022583
2025-06-09,irrigation_stop,10,0.178127098083496
2025-06-10,irrigation_stop,10,0.177303814888
2025-06-11,irrigation_stop,10,0.176046318343923
2025-06-12,irrigation_stop,10,0.173313395182292
2025-06-13,irrigation_stop,10,0.171488577441165
2025-06-14,irrigation_stop,10,0.169336583488866
2025-06-15,irrigation_stop,10,0.166990514052542
2025-06-16,irrigation_stop,10,0.165172362327576
2025-06-17,irrigation_stop,10,0.162753248214722
2025-06-18,irrigation_stop,10,0.160621390044894
2025-06-19,irrigation_stop,10,0.158397328080467
2025-06-20,irrigation_stop,10,0.15624678501716
2025-06-21,irrigation_stop,10,0.154255944432916
2025-06-22,irrigation_stop,10,0.161402021965548
2025-06-23,irrigation_stop,10,0.159377670288086
2025-06-24,irrigation_stop,10,0.157415595828886
2025-06-25,irrigation_stop,10,0.154984601338704
2025-06-26,irrigation_stop,10,0.152628626294793
2025-06-27,irrigation_stop,10,0.151155010022615
2025-06-28,irrigation_stop,10,0.149251169373447
2025-06-29,irrigation_stop,10,0.147167005037007
2025-06-30,irrigation_stop,10,0.145913283889358
2025-07-04,irrigation_stop,10,0.142905715017608
2025-07-05,irrigation_stop,10,0.141910158944251
2025-07-06,irrigation_stop,10,0.140577434405946
2025-07-07,irrigation_stop,10,0.139527338829593
2025-07-08,irrigation_stop,10,0.138946595428683
2025-07-09,irrigation_stop,10,0.13834111233975
2025-07-10,irrigation_stop,10,0.137488302717657
2025-07-11,irrigation_stop,10,0.136520673129001
2025-07-12,irrigation_stop,10,0.135459562602796
2025-07-13,irrigation_stop,10,0.134461883037926
2025-07-14,irrigation_stop,10,0.129997491836548
2025-07-15,irrigation_stop,10,0.13181256745991
2025-07-16,irrigation_stop,10,0.131795027883429
2025-07-17,irrigation_stop,10,0.135827587445577
2025-07-18,irrigation_stop,10,0.135163611554085
2025-07-19,irrigation_stop,10,0.134623049183896
2025-07-20,irrigation_stop,10,0.134387245178223
2025-07-21,irrigation_stop,10,0.136235785484314
2025-07-22,irrigation_stop,10,0.139359596397682
2025-07-23,irrigation_stop,10,0.14037398277445
2025-07-24,irrigation_stop,10,0.140834273608508
2025-07-25,irrigation_stop,10,0.141184702832648
2025-07-26,irrigation_stop,10,0.143979787826538
2025-07-27,irrigation_stop,10,0.146631867941657
2025-07-28,irrigation_stop,10,0.157108334572085
2025-07-29,irrigation_stop,10,0.197908822360792
2025-07-30,irrigation_stop,10,0.201164507865906
2025-07-31,irrigation_stop,10,0.194950275218233
2025-08-01,irrigation_stop,10,0.187199888330825
2014-04-11,control,80,0.275833142506444
2014-04-12,control,80,0.275111365140278
2014-04-13,control,80,0.276041888009876
2014-04-14,control,80,0.275526883552606
2014-04-15,control,80,0.27517806730721
2014-04-16,control,80,0.274020466078722
2014-04-17,control,80,0.273906959613591
2014-04-18,control,80,0.272841306534347
2014-04-19,control,80,0.27719824967752
2014-04-20,control,80,0.285075692327561
2014-04-21,control,80,0.28410547922266
2014-04-22,control,80,0.283719930791956
2014-04-23,control,80,0.283321295425824
2014-04-24,control,80,0.282406879406563
2014-04-25,control,80,0.281256580489098
2014-04-26,control,80,0.280333461047292
2014-04-27,control,80,0.277010591189516
2014-04-28,control,80,0.27904693400366
2014-04-29,control,80,0.285965368280748
2014-04-30,control,80,0.290737017789755
2014-05-01,control,80,0.294992048242265
2014-05-02,control,80,0.295996678777576
2014-05-03,control,80,0.298218742874368
2014-05-04,control,80,0.298026964933039
2014-05-05,control,80,0.298016289068452
2014-05-06,control,80,0.299616107896392
2014-05-07,control,80,0.296063665609584
2014-05-08,control,80,0.294202852409195
2014-05-13,control,80,0.289600325247576
2014-05-14,control,80,0.288554234495238
2014-05-15,control,80,0.287822274392958
2014-05-16,control,80,0.286569768193892
2014-05-17,control,80,0.286510130352626
2014-05-18,control,80,0.285962163340844
2014-05-19,control,80,0.28534729095314
2014-05-20,control,80,0.284226678242408
2014-05-21,control,80,0.2835110507576
2014-05-22,control,80,0.282288345589207
2014-05-23,control,80,0.278959115450936
2014-05-24,control,80,0.278460561221983
2014-05-25,control,80,0.27761787648195
2014-05-26,control,80,0.276334276859703
2014-05-27,control,80,0.274960299569127
2014-05-28,control,80,0.27056145340924
2014-05-29,control,80,0.268060468925015
2014-05-30,control,80,0.267245260426507
2014-05-31,control,80,0.266419193936355
2014-06-01,control,80,0.265152133717798
2014-06-02,control,80,0.264645700611143
2014-06-03,control,80,0.26354943349907
2014-06-04,control,80,0.261559635529684
2014-06-05,control,80,0.261262984195241
2014-06-06,control,80,0.261168119792334
2014-06-07,control,80,0.260935002478062
2014-06-08,control,80,0.260406215157895
2014-06-09,control,80,0.259131181060223
2014-06-10,control,80,0.257603462781779
2014-06-11,control,80,0.256475496439564
2014-06-12,control,80,0.255067135617832
2014-06-13,control,80,0.252951911446802
2014-06-14,control,80,0.250588466573365
2014-06-15,control,80,0.249375820934912
2014-06-16,control,80,0.248598320814356
2014-06-17,control,80,0.246885847674058
2014-06-18,control,80,0.245477578473195
2014-06-19,control,80,0.244766022567357
2014-06-20,control,80,0.243809403249024
2014-06-21,control,80,0.243099646514014
2014-06-22,control,80,0.241731588051847
2014-06-23,control,80,0.239182301597985
2014-06-24,control,80,0.236896575285928
2014-06-25,control,80,0.236728738033953
2014-06-26,control,80,0.235886976644218
2014-06-27,control,80,0.235124394673152
2014-06-28,control,80,0.233910171451754
2014-06-29,control,80,0.23163343622975
2014-06-30,control,80,0.230845617034883
2014-07-01,control,80,0.230135911383018
2014-07-02,control,80,0.228471733125
2014-07-03,control,80,0.228850030850037
2014-07-04,control,80,0.22817655435727
2014-07-05,control,80,0.22698899033114
2014-07-06,control,80,0.226749637553705
2014-07-07,control,80,0.224324383326801
2014-07-08,control,80,0.220231260583677
2014-07-09,control,80,0.220682635369448
2014-07-10,control,80,0.217279728308977
2014-07-11,control,80,0.217046996342665
2014-07-12,control,80,0.218165774337719
2014-07-13,control,80,0.218298552637853
2014-07-14,control,80,0.218302775967742
2014-07-15,control,80,0.218800528055744
2014-07-16,control,80,0.218799738741928
2014-07-17,control,80,0.219123459995941
2014-07-18,control,80,0.205556921476608
2014-07-19,control,80,0.218592136688031
2014-07-20,control,80,0.216812411865865
2014-07-21,control,80,0.211897208568356
2014-07-22,control,80,0.212569409718824
2014-07-23,control,80,0.215010783818081
2014-07-24,control,80,0.213808916452983
2014-07-25,control,80,0.215074464053751
2014-07-26,control,80,0.214332768370357
2014-07-27,control,80,0.216618702949622
2014-07-28,control,80,0.216549869791667
2014-07-29,control,80,0.331710650570642
2014-07-30,control,80,0.355980822533814
2014-07-31,control,80,0.350396727535088
2014-08-01,control,80,0.345065451471491
2014-08-02,control,80,0.339189788373227
2014-08-03,control,80,0.334373826348684
2014-08-04,control,80,0.331875674791667
2014-08-05,control,80,0.328910063388158
2014-08-06,control,80,0.325466229239256
2014-08-07,control,80,0.323098308212399
2014-08-08,control,80,0.320275409482933
2014-08-09,control,80,0.317737159902452
2014-08-10,control,80,0.318229550923796
2014-08-11,control,80,0.317014631622828
2014-08-12,control,80,0.318406614324197
2014-08-13,control,80,0.320767702132139
2014-08-14,control,80,0.322491594913914
2014-08-15,control,80,0.323163393918673
2014-08-16,control,80,0.323210384659194
2014-08-17,control,80,0.322072316634267
2014-08-18,control,80,0.3212033539979
2014-08-19,control,80,0.319077626499627
2014-08-20,control,80,0.317227243592105
2014-08-21,control,80,0.315762760697695
2014-08-22,control,80,0.314148581789474
2014-08-23,control,80,0.312452737851514
2014-08-24,control,80,0.310794977086257
2014-08-25,control,80,0.307973085925722
2014-08-26,control,80,0.306452495203947
2014-08-27,control,80,0.315412345434783
2014-08-28,control,80,0.321601544440323
2014-08-29,control,80,0.322817942936828
2014-08-30,control,80,0.322637380355292
2014-08-31,control,80,0.32103953555192
2014-09-01,control,80,0.319441186939444
2014-09-02,control,80,0.317349136059025
2014-09-03,control,80,0.315991911333171
2014-09-04,control,80,0.31437923293911
2014-09-05,control,80,0.312969454438729
2014-09-06,control,80,0.312038535331636
2014-09-07,control,80,0.31054842627586
2014-09-08,control,80,0.308962758620381
2014-09-09,control,80,0.306455432926421
2014-09-10,control,80,0.305141596526171
2014-09-11,control,80,0.30332258947591
2014-09-12,control,80,0.30101394571614
2014-09-13,control,80,0.299448648069766
2014-09-14,control,80,0.297851764290721
2014-09-15,control,80,0.296094302991936
2014-09-16,control,80,0.294295282564017
2014-09-17,control,80,0.292382788685948
2014-09-18,control,80,0.290666084460764
2014-09-19,control,80,0.288617284260434
2014-09-20,control,80,0.286894792035531
2014-09-21,control,80,0.283852810555869
2014-09-22,control,80,0.281700835533339
2014-09-23,control,80,0.27996066809567
2014-09-24,control,80,0.278635293926429
2014-09-25,control,80,0.277628893333484
2014-09-26,control,80,0.275799637814603
2014-09-27,control,80,0.274672816648585
2014-09-28,control,80,0.273199766724732
2014-09-29,control,80,0.271441344413657
2014-09-30,control,80,0.269475943583617
2014-10-01,control,80,0.268154874096347
2014-10-02,control,80,0.266767397258785
2014-10-03,control,80,0.264589658698178
2014-10-04,control,80,0.262983701779408
2014-10-05,control,80,0.260811902240507
2014-10-06,control,80,0.257827087180468
2014-10-07,control,80,0.257441634597798
2014-10-08,control,80,0.256985363467214
2014-10-09,control,80,0.25612632433947
2014-10-10,control,80,0.254943049919591
2014-10-16,control,80,0.247527895096489
2014-10-17,control,80,0.246927491965306
2014-10-18,control,80,0.246480591481346
2014-10-19,control,80,0.246387284386252
2014-10-20,control,80,0.2463156291173
2014-10-21,control,80,0.245670994069444
2014-10-22,control,80,0.243607965117016
2014-10-23,control,80,0.243240169132696
2014-10-24,control,80,0.232077448911061
2014-10-25,control,80,0.217042757995194
2014-10-26,control,80,0.216726479388298
2014-10-27,control,80,0.216365304270047
2014-10-28,control,80,0.215986623478261
2014-10-29,control,80,0.215561486171053
2014-10-30,control,80,0.215074806458333
2014-10-31,control,80,0.214451755199468
2014-11-01,control,80,0.213761434136319
2014-11-02,control,80,0.212973722924832
2014-11-03,control,80,0.212000383714539
2014-11-04,control,80,0.210788103190774
2014-11-05,control,80,0.207709081591312
2014-11-06,control,80,0.20621885545614
2014-11-07,control,80,0.206126968958333
2014-11-08,control,80,0.207378672745614
2014-11-09,control,80,0.209244018407895
2014-11-10,control,80,0.211264523506579
2014-11-11,control,80,0.212886065622902
2014-11-12,control,80,0.214372174673246
2014-11-13,control,80,0.215183916428052
2014-11-14,control,80,0.21642804385195
2014-11-15,control,80,0.217069393465519
2014-11-16,control,80,0.215173911937057
2014-11-17,control,80,0.218619384960526
2014-11-18,control,80,0.22482489831579
2014-11-19,control,80,0.229817251173246
2014-11-20,control,80,0.233175162637411
2014-11-21,control,80,0.235677572472269
2014-11-22,control,80,0.23753314714539
2014-11-23,control,80,0.239208457548759
2014-11-24,control,80,0.240614300901316
2014-11-25,control,80,0.241850796744074
2014-11-26,control,80,0.242953104694149
2014-11-27,control,80,0.243957055925439
2014-11-28,control,80,0.24490303772107
2014-11-29,control,80,0.245837128451754
2014-11-30,control,80,0.246653250438596
2014-12-01,control,80,0.24726192797807
2014-12-02,control,80,0.248148269513158
2014-12-03,control,80,0.248956377666667
2014-12-04,control,80,0.249624489166667
2014-12-05,control,80,0.250181817748227
2014-12-06,control,80,0.250963585958333
2014-12-07,control,80,0.251566047083333
2014-12-08,control,80,0.25200147625
2014-12-09,control,80,0.252463015416667
2014-12-10,control,80,0.252937082787281
2014-12-11,control,80,0.25349601351054
2014-12-12,control,80,0.253837801401316
2014-12-13,control,80,0.254091339819508
2014-12-14,control,80,0.254168800438597
2014-12-15,control,80,0.25423116638196
2014-12-16,control,80,0.253788512236842
2014-12-17,control,80,0.253309531524356
2014-12-18,control,80,0.252421044923414
2014-12-19,control,80,0.253453496266447
2014-12-20,control,80,0.255437348666667
2014-12-21,control,80,0.258010332598171
2014-12-22,control,80,0.261365693967105
2014-12-23,control,80,0.26544747814315
2014-12-24,control,80,0.269482995939516
2014-12-25,control,80,0.272750660610844
2014-12-26,control,80,0.274895505940315
2014-12-27,control,80,0.276174698747302
2014-12-28,control,80,0.277115046739139
2014-12-29,control,80,0.274472762272213
2014-12-30,control,80,0.274904027415052
2014-12-31,control,80,0.275500567359988
2015-01-01,control,80,0.280115272120586
2015-01-02,control,80,0.276523893518255
2015-01-03,control,80,0.276877744375737
2015-01-04,control,80,0.299032949516129
2015-01-05,control,80,0.318594704529916
2015-01-06,control,80,0.32422978539733
2015-01-07,control,80,0.32459855017226
2015-01-08,control,80,0.323220515281472
2015-01-09,control,80,0.321822971875
2015-01-10,control,80,0.320535787716557
2015-01-11,control,80,0.329694426436404
2015-01-12,control,80,0.319382487557566
2015-01-13,control,80,0.318988311968551
2015-01-14,control,80,0.328928327708333
2015-01-15,control,80,0.317872866080044
2015-01-16,control,80,0.3174949484375
2015-01-17,control,80,0.31713693125
2015-01-18,control,80,0.316795236151316
2015-01-19,control,80,0.316695258497807
2015-01-20,control,80,0.316512096340508
2015-01-21,control,80,0.316156325843531
2015-01-22,control,80,0.315724211681917
2015-01-23,control,80,0.31519464453125
2015-01-24,control,80,0.314595966391748
2015-01-25,control,80,0.313867721614583
2015-01-26,control,80,0.313141920129457
2015-01-27,control,80,0.312451297686934
2015-01-28,control,80,0.311903890975877
2015-01-29,control,80,0.311235978645833
2015-01-30,control,80,0.311054029912702
2015-01-31,control,80,0.312859346930147
2015-02-01,control,80,0.314893288731061
2015-02-02,control,80,0.316117764999067
2015-02-03,control,80,0.316704358037281
2015-02-04,control,80,0.316958122690972
2015-02-05,control,80,0.316812944270833
2015-02-06,control,80,0.316594546957237
2015-02-07,control,80,0.316250315625
2015-02-08,control,80,0.31583167734375
2015-02-09,control,80,0.31546102734375
2015-02-10,control,80,0.3150788109375
2015-02-11,control,80,0.314689953911208
2015-02-12,control,80,0.314309620504386
2015-02-13,control,80,0.313936135677083
2015-02-14,control,80,0.3134465859375
2015-02-15,control,80,0.312984650718202
2015-02-16,control,80,0.315904337881031
2015-02-17,control,80,0.320450784114583
2015-02-18,control,80,0.324600732291667
2015-02-19,control,80,0.327439868489583
2015-02-20,control,80,0.328312159635417
2015-02-21,control,80,0.328007054233156
2015-02-22,control,80,0.327593828634868
2015-02-23,control,80,0.328475496614583
2015-02-24,control,80,0.330032725556469
2015-02-25,control,80,0.331488258333333
2015-02-26,control,80,0.332064006241776
2015-02-27,control,80,0.331787803645833
2015-02-28,control,80,0.331124606951754
2015-03-01,control,80,0.330257078645833
2015-03-02,control,80,0.332305883854167
2015-03-03,control,80,0.347570734635417
2015-03-04,control,80,0.351272717774123
2015-03-05,control,80,0.349624520052083
2015-03-06,control,80,0.346954730989583
2015-03-07,control,80,0.344209675520833
2015-03-08,control,80,0.341541249462719
2015-03-09,control,80,0.338993286373414
2015-03-10,control,80,0.33659797700932
2015-03-11,control,80,0.334402210677083
2015-03-12,control,80,0.33228717890625
2015-03-13,control,80,0.330357730989583
2015-03-14,control,80,0.328612494270833
2015-03-15,control,80,0.326964289583333
2015-03-16,control,80,0.325396821875
2015-03-17,control,80,0.323768443229167
2015-03-18,control,80,0.32215349552305
2015-03-19,control,80,0.320610165364583
2015-03-20,control,80,0.327561929369298
2015-03-21,control,80,0.325975861322368
2015-03-22,control,80,0.324345096743421
2015-03-23,control,80,0.323012810798246
2015-03-24,control,80,0.321509735736842
2015-03-25,control,80,0.319978236493794
2015-03-26,control,80,0.318693464375
2015-03-27,control,80,0.317486365570175
2015-03-28,control,80,0.31610074312500003
2015-03-29,control,80,0.314688719507979
2015-03-30,control,80,0.312716804442204
2015-03-31,control,80,0.319338894800439
2015-04-01,control,80,0.333655414928891
2015-04-02,control,80,0.337642133333333
2015-04-03,control,80,0.337745702247807
2015-04-04,control,80,0.336874530833333
2015-04-05,control,80,0.33578598125
2015-04-06,control,80,0.334413439210526
2015-04-07,control,80,0.332872037245614
2015-04-08,control,80,0.331244374423759
2015-04-09,control,80,0.329540762835526
2015-04-10,control,80,0.327768169424708
2015-04-11,control,80,0.326013163062694
2015-04-12,control,80,0.324306940485845
2015-04-13,control,80,0.322486050700015
2015-04-14,control,80,0.32060842831944403
2015-04-15,control,80,0.318635149471829
2015-04-16,control,80,0.316664179411617
2015-04-17,control,80,0.315012173401316
2015-04-18,control,80,0.31366918375
2015-04-19,control,80,0.312138954769504
2015-04-20,control,80,0.310496131875
2015-04-21,control,80,0.308725944135965
2015-04-22,control,80,0.306786537291667
2015-04-23,control,80,0.304786464625
2015-04-24,control,80,0.302868993247807
2015-04-25,control,80,0.300910818958333
2015-04-26,control,80,0.29911344710307
2015-04-27,control,80,0.297881518319056
2015-04-28,control,80,0.296600398333333
2015-04-29,control,80,0.29512899058114
2015-04-30,control,80,0.293757791666667
2015-05-01,control,80,0.305420776041667
2015-05-02,control,80,0.342909654625
2015-05-03,control,80,0.386212088333333
2015-05-04,control,80,0.396204639840426
2015-05-05,control,80,0.391367035010965
2015-05-06,control,80,0.38240192125
2015-05-07,control,80,0.372990065032895
2015-05-08,control,80,0.36509267125
2015-05-09,control,80,0.357963268958333
2015-05-10,control,80,0.352254311041667
2015-05-11,control,80,0.347806599907895
2015-05-12,control,80,0.343742286035088
2015-05-13,control,80,0.339920856596491
2015-05-14,control,80,0.336253273541667
2015-05-15,control,80,0.334157730054825
2015-05-16,control,80,0.3388604075
2015-05-17,control,80,0.341031758070175
2015-05-18,control,80,0.339735843541667
2015-05-19,control,80,0.337852038710526
2015-05-20,control,80,0.336139665
2015-05-21,control,80,0.334151266506579
2015-05-22,control,80,0.33203957145614
2015-05-23,control,80,0.329969426041667
2015-05-24,control,80,0.327680315208333
2015-05-25,control,80,0.325338496907895
2015-05-26,control,80,0.323164605
2015-05-27,control,80,0.321109623508632
2015-05-28,control,80,0.318659963833333
2015-05-29,control,80,0.316010316311404
2015-05-30,control,80,0.313478325096491
2015-05-31,control,80,0.311054153561404
2015-06-01,control,80,0.308494289375
2015-06-02,control,80,0.305882543859649
2015-06-03,control,80,0.303263591875
2015-06-04,control,80,0.300431386227837
2015-06-05,control,80,0.297577223541667
2015-06-06,control,80,0.294758521813597
2015-06-07,control,80,0.291982648157895
2015-06-08,control,80,0.289371565416667
2015-06-09,control,80,0.287396557342525
2015-06-10,control,80,0.285586462708333
2015-06-11,control,80,0.283420423820922
2015-06-12,control,80,0.280935735625
2015-06-13,control,80,0.278486929800439
2015-06-14,control,80,0.276130934535088
2015-06-15,control,80,0.273856977212719
2015-06-16,control,80,0.271511957087719
2015-06-17,control,80,0.268957490208333
2015-06-18,control,80,0.266135113679825
2015-06-19,control,80,0.26294894637626
2015-06-20,control,80,0.261667060208333
2015-06-21,control,80,0.259875035416667
2015-06-22,control,80,0.257188570052352
2015-06-23,control,80,0.25437715410307
2015-06-24,control,80,0.252791616414707
2015-06-25,control,80,0.250234298280702
2015-06-26,control,80,0.246716068377193
2015-06-27,control,80,0.243226333125
2015-06-28,control,80,0.239361496701754
2015-06-29,control,80,0.235070334504386
2015-06-30,control,80,0.230250730625
2015-07-01,control,80,0.225225277162281
2015-07-02,control,80,0.219676149754386
2015-07-03,control,80,0.213952357916667
2015-07-04,control,80,0.207628439791667
2015-07-05,control,80,0.201246269662281
2015-07-06,control,80,0.195758058541667
2015-07-07,control,80,0.191037943958333
2015-07-08,control,80,0.187050691335526
2015-07-09,control,80,0.182943896954787
2015-07-10,control,80,0.178607902484649
2015-07-11,control,80,0.174422810489035
2015-07-12,control,80,0.170282663574561
2015-07-13,control,80,0.166559555
2015-07-14,control,80,0.163106509971491
2015-07-15,control,80,0.160096412355263
2015-07-16,control,80,0.157193490833333
2015-07-17,control,80,0.154665361518817
2015-07-18,control,80,0.153005328218085
2015-07-19,control,80,0.151608208333333
2015-07-20,control,80,0.150440586335526
2015-07-21,control,80,0.148793976458333
2015-07-22,control,80,0.147203197951754
2015-07-23,control,80,0.14646682114693
2015-07-24,control,80,0.145219403125
2015-07-25,control,80,0.14308543125
2015-07-26,control,80,0.144676099276316
2015-07-27,control,80,0.14376395875
2015-07-28,control,80,0.145340843133865
2015-07-29,control,80,0.146279395625
2015-07-30,control,80,0.14670114125
2015-07-31,control,80,0.146109817708333
2015-08-01,control,80,0.14524809945614
2015-08-02,control,80,0.144982138125
2015-08-03,control,80,0.145947322916667
2015-08-04,control,80,0.146135307916667
2015-08-05,control,80,0.145684445208333
2015-08-06,control,80,0.14457375445614
2015-08-07,control,80,0.143192117083333
2015-08-08,control,80,0.141894514758064
2015-08-09,control,80,0.141237051100877
2015-08-10,control,80,0.139480034752193
2015-08-11,control,80,0.141800770833333
2015-08-12,control,80,0.143233252567982
2015-08-13,control,80,0.144487205759409
2015-08-14,control,80,0.143678790625
2015-08-15,control,80,0.143688002916667
2015-08-16,control,80,0.14789927875
2015-08-17,control,80,0.163909015208333
2015-08-18,control,80,0.17352032
2015-08-19,control,80,0.179310546458333
2015-08-20,control,80,0.183330530359649
2015-08-21,control,80,0.185026389780702
2015-08-22,control,80,0.185814875062057
2015-08-23,control,80,0.186549244493421
2015-08-24,control,80,0.187160396041667
2015-08-25,control,80,0.187673233541667
2015-08-26,control,80,0.187926917179825
2015-08-27,control,80,0.187525073967105
2015-08-28,control,80,0.186667057916667
2015-08-29,control,80,0.185631347566489
2015-08-30,control,80,0.184100925837766
2015-08-31,control,80,0.181941075
2015-09-01,control,80,0.180626741875
2015-09-02,control,80,0.180124004315789
2015-09-03,control,80,0.178157152083333
2015-09-04,control,80,0.175810674822695
2015-09-05,control,80,0.173006849798246
2015-09-06,control,80,0.170349988929825
2015-09-07,control,80,0.167335127291667
2015-09-08,control,80,0.164574737083333
2015-09-09,control,80,0.161764154802632
2015-09-10,control,80,0.159242947210526
2015-09-11,control,80,0.157026345416667
2015-09-12,control,80,0.155568509375
2015-09-13,control,80,0.153891136962366
2015-09-14,control,80,0.15204572833618
2015-09-15,control,80,0.15362798966886
2015-09-16,control,80,0.154238994677632
2015-09-17,control,80,0.15441601625
2015-09-18,control,80,0.15494056125
2015-09-19,control,80,0.154753005
2015-09-20,control,80,0.15395637333114
2015-09-21,control,80,0.152863613125
2015-09-22,control,80,0.151838750416667
2015-09-23,control,80,0.151259493432018
2015-09-24,control,80,0.15061027883114
2015-09-25,control,80,0.149189183333333
2015-09-26,control,80,0.147954164583333
2015-09-27,control,80,0.14680248375
2015-09-28,control,80,0.145932361875
2015-09-29,control,80,0.145092956875
2015-09-30,control,80,0.144030178958333
2015-10-01,control,80,0.142695179791667
2015-10-02,control,80,0.141517988333333
2015-10-03,control,80,0.140807246901596
2015-10-04,control,80,0.140201397708333
2015-10-05,control,80,0.13946942795614
2015-10-06,control,80,0.138459051041667
2015-10-07,control,80,0.138216655718085
2015-10-08,control,80,0.139277887708333
2015-10-09,control,80,0.139632607335526
2015-10-10,control,80,0.139781387335681
2015-10-12,control,80,0.139069439891452
2015-10-13,control,80,0.138963724791667
2015-10-14,control,80,0.138777087291667
2015-10-15,control,80,0.13881119135307
2015-10-16,control,80,0.139133937513158
2015-10-17,control,80,0.139354104583333
2015-10-18,control,80,0.139357705208333
2015-10-19,control,80,0.139361324223684
2015-10-20,control,80,0.139400138333333
2015-10-21,control,80,0.139243554335526
2015-10-22,control,80,0.138926208583333
2015-10-23,control,80,0.138768273125
2015-10-24,control,80,0.138435147039474
2015-10-25,control,80,0.138065935416667
2015-10-26,control,80,0.137616238868421
2015-10-27,control,80,0.137240966320175
2015-10-28,control,80,0.136671844076754
2015-10-29,control,80,0.13503646793883
2015-10-30,control,80,0.136695587708333
2015-10-31,control,80,0.137357382291667
2015-11-01,control,80,0.137817207916667
2015-11-02,control,80,0.138195026269737
2015-11-03,control,80,0.138512572350877
2015-11-04,control,80,0.138960010416667
2015-11-05,control,80,0.13941579552193
2015-11-06,control,80,0.139762745655702
2015-11-07,control,80,0.139962947083333
2015-11-08,control,80,0.140128312627193
2015-11-09,control,80,0.140231573541667
2015-11-10,control,80,0.140246410625
2015-11-11,control,80,0.140305009375
2015-11-12,control,80,0.140387970596491
2015-11-13,control,80,0.140347868333333
2015-11-14,control,80,0.14033920875
2015-11-15,control,80,0.140386633872807
2015-11-16,control,80,0.140330372708333
2015-11-17,control,80,0.140313327247807
2015-11-18,control,80,0.140298230366228
2015-11-19,control,80,0.14028824
2015-11-20,control,80,0.139928564326754
2015-11-21,control,80,0.189230153186404
2015-11-22,control,80,0.198317825833333
2015-11-23,control,80,0.210622261118421
2015-11-24,control,80,0.22495141125
2015-11-25,control,80,0.235364711875
2015-11-26,control,80,0.2413838325
2015-11-27,control,80,0.247115067885965
2015-11-28,control,80,0.253532154583333
2015-11-29,control,80,0.25852570375
2015-11-30,control,80,0.267881489491228
2015-12-01,control,80,0.280294773839912
2015-12-02,control,80,0.286412888541667
2015-12-03,control,80,0.288683856341779
2015-12-04,control,80,0.289615885833333
2015-12-05,control,80,0.289945639791667
2015-12-06,control,80,0.289993311710526
2015-12-07,control,80,0.289974481741228
2015-12-08,control,80,0.289883317364035
2015-12-09,control,80,0.289861451666667
2015-12-10,control,80,0.289648347836879
2015-12-11,control,80,0.289438801614035
2015-12-12,control,80,0.289420708901316
2015-12-13,control,80,0.289403170769737
2015-12-14,control,80,0.289435923125
2015-12-15,control,80,0.289454381403509
2015-12-16,control,80,0.28928186625
2015-12-17,control,80,0.2889377375
2015-12-18,control,80,0.288588461539474
2015-12-19,control,80,0.288301584791667
2015-12-20,control,80,0.288080180625
2015-12-21,control,80,0.287952113092105
2015-12-22,control,80,0.287796253333333
2015-12-23,control,80,0.287708865625
2015-12-24,control,80,0.28765763875
2015-12-25,control,80,0.287636013769737
2015-12-26,control,80,0.287476729076754
2015-12-27,control,80,0.28726763375
2015-12-28,control,80,0.287012493958333
2015-12-29,control,80,0.286823119657895
2015-12-30,control,80,0.286707084403509
2015-12-31,control,80,0.286575104791667
2016-01-01,control,80,0.286313992004386
2016-01-02,control,80,0.285974410967105
2016-01-03,control,80,0.285663306666667
2016-01-04,control,80,0.285228081666667
2016-01-05,control,80,0.285256784583333
2016-01-06,control,80,0.287740348769737
2016-01-07,control,80,0.291257856875
2016-01-08,control,80,0.298041421986842
2016-01-09,control,80,0.337788989510965
2016-01-10,control,80,0.365144090195175
2016-01-11,control,80,0.401382889850877
2016-01-12,control,80,0.416676923958333
2016-01-13,control,80,0.408445714375
2016-01-14,control,80,0.393742191486842
2016-01-15,control,80,0.383292779166667
2016-01-16,control,80,0.377272418958333
2016-01-17,control,80,0.371941440241228
2016-01-18,control,80,0.367245849375
2016-01-19,control,80,0.363118215006579
2016-01-20,control,80,0.359721540010965
2016-01-21,control,80,0.356947056192982
2016-01-22,control,80,0.354617928125
2016-01-23,control,80,0.352445336682018
2016-01-24,control,80,0.350362407916667
2016-01-25,control,80,0.348465574166667
2016-01-26,control,80,0.34673655375
2016-01-27,control,80,0.345212774791667
2016-01-28,control,80,0.343863834575635
2016-01-29,control,80,0.342710565
2016-01-30,control,80,0.341666481458333
2016-01-31,control,80,0.344054791041667
2016-02-01,control,80,0.364925855416667
2016-02-02,control,80,0.369472581903509
2016-02-03,control,80,0.368074195833333
2016-02-04,control,80,0.366547538247807
2016-02-05,control,80,0.366701446343085
2016-02-06,control,80,0.36719711029386
2016-02-07,control,80,0.365645009335526
2016-02-08,control,80,0.364288928640351
2016-02-09,control,80,0.363148782410088
2016-02-10,control,80,0.36831779875
2016-02-11,control,80,0.370373181655702
2016-02-12,control,80,0.368730265537281
2016-02-13,control,80,0.366697187916667
2016-02-14,control,80,0.371369736041667
2016-02-15,control,80,0.381068790208333
2016-02-16,control,80,0.38081661741886
2016-02-17,control,80,0.377957527916667
2016-02-18,control,80,0.374671743958333
2016-02-19,control,80,0.371752680666667
2016-02-20,control,80,0.369177102708333
2016-02-21,control,80,0.367949237083333
2016-02-22,control,80,0.368446338414474
2016-02-23,control,80,0.367877593541667
2016-02-24,control,80,0.366861847795726
2016-02-25,control,80,0.366693495543124
2016-02-26,control,80,0.367697960199637
2016-02-27,control,80,0.366596035736842
2016-02-28,control,80,0.365230134312757
2016-02-29,control,80,0.365470352028509
2016-03-01,control,80,0.364725727650709
2016-03-02,control,80,0.36315447379386
2016-03-03,control,80,0.361381994583333
2016-03-04,control,80,0.359820429655702
2016-03-05,control,80,0.358385825416667
2016-03-06,control,80,0.357719963541667
2016-03-07,control,80,0.357400751399123
2016-03-08,control,80,0.356523565833333
2016-03-09,control,80,0.355291385
2016-03-10,control,80,0.353866799868608
2016-03-11,control,80,0.352399450208333
2016-03-12,control,80,0.350810777535088
2016-03-13,control,80,0.349167853541667
2016-03-14,control,80,0.347494105416667
2016-03-15,control,80,0.345924909583333
2016-03-16,control,80,0.344396347291667
2016-03-17,control,80,0.342805627916667
2016-03-18,control,80,0.341130032513158
2016-03-19,control,80,0.339540278125
2016-03-20,control,80,0.337966005833333
2016-03-21,control,80,0.336456641041667
2016-03-22,control,80,0.334939901458333
2016-03-23,control,80,0.333525183958333
2016-03-24,control,80,0.332217321135965
2016-03-25,control,80,0.330972160291667
2016-03-26,control,80,0.329657268333333
2016-03-27,control,80,0.328211191002193
2016-03-28,control,80,0.327048549519737
2016-03-29,control,80,0.325773351875
2016-03-30,control,80,0.324368098958333
2016-03-31,control,80,0.322880734
2016-04-01,control,80,0.321397950326754
2016-04-02,control,80,0.319918413932018
2016-04-03,control,80,0.318226137298246
2016-04-04,control,80,0.316437829445175
2016-04-05,control,80,0.314839717916667
2016-04-06,control,80,0.313717776875
2016-04-07,control,80,0.31280805319079
2016-04-08,control,80,0.311700654555944
2016-04-09,control,80,0.310921306625
2016-04-10,control,80,0.310526561489035
2016-04-11,control,80,0.309698187291667
2016-04-12,control,80,0.308990728269737
2016-04-13,control,80,0.308309235625
2016-04-14,control,80,0.30776197772807
2016-04-15,control,80,0.307199481875
2016-04-16,control,80,0.306601159791667
2016-04-17,control,80,0.306092507708333
2016-04-18,control,80,0.305741737708333
2016-04-19,control,80,0.305064694269737
2016-04-20,control,80,0.304010070416667
2016-04-21,control,80,0.302935596666667
2016-04-22,control,80,0.301923194664474
2016-04-23,control,80,0.300567295723684
2016-04-24,control,80,0.300219353125
2016-04-25,control,80,0.29968957416666703
2016-04-26,control,80,0.299101843585993
2016-04-27,control,80,0.298498515416667
2016-04-28,control,80,0.297924189246454
2016-04-29,control,80,0.297337190625
2016-04-30,control,80,0.296538229583333
2016-05-01,control,80,0.295891738949561
2016-05-02,control,80,0.295513932953947
2016-05-03,control,80,0.294939923528509
2016-05-04,control,80,0.294202274166667
2016-05-05,control,80,0.29310319266886
2016-05-06,control,80,0.291835047938596
2016-05-07,control,80,0.290365304375
2016-05-08,control,80,0.288827229375
2016-05-09,control,80,0.287140532708333
2016-05-10,control,80,0.284838207916667
2016-05-11,control,80,0.282259795833333
2016-05-12,control,80,0.280751072078947
2016-05-13,control,80,0.279818073333333
2016-05-14,control,80,0.279708739166667
2016-05-15,control,80,0.279406012730263
2016-05-16,control,80,0.279155457708333
2016-05-17,control,80,0.278749055208333
2016-05-18,control,80,0.27800962625
2016-05-19,control,80,0.277530739763158
2016-05-20,control,80,0.277072657291667
2016-05-21,control,80,0.275777409375
2016-05-22,control,80,0.273834921041667
2016-05-23,control,80,0.272390630966723
2016-05-24,control,80,0.272056415967105
2016-05-25,control,80,0.271397192916667
2016-05-26,control,80,0.270891976666667
2016-05-27,control,80,0.270067917708333
2016-05-28,control,80,0.268784597638158
2016-05-29,control,80,0.267178330480263
2016-05-30,control,80,0.267599794984649
2016-05-31,control,80,0.268918351458333
2016-06-01,control,80,0.270163113333333
2016-06-02,control,80,0.271702683156028
2016-06-03,control,80,0.272860878630226
2016-06-04,control,80,0.273067448594298
2016-06-05,control,80,0.272921132291667
2016-06-06,control,80,0.272033524751773
2016-06-07,control,80,0.270943774717105
2016-06-08,control,80,0.270340281875
2016-06-09,control,80,0.269898354375
2016-06-10,control,80,0.268068444303658
2016-06-11,control,80,0.266759509574786
2016-06-12,control,80,0.266242760631579
2016-06-13,control,80,0.265573021895483
2016-06-14,control,80,0.264588801030702
2016-06-15,control,80,0.26236406345614
2016-06-16,control,80,0.260677150464912
2016-06-17,control,80,0.258808952523753
2016-06-18,control,80,0.257413220236795
2016-06-19,control,80,0.256427825269002
2016-06-20,control,80,0.254343347091708
2016-06-21,control,80,0.252589965651579
2016-06-22,control,80,0.250181678089431
2016-06-23,control,80,0.241883288806297
2016-06-24,control,80,0.235789548805105
2016-06-25,control,80,0.230497122901222
2016-06-26,control,80,0.22972742803405
2016-06-27,control,80,0.2268323590412
2016-06-28,control,80,0.221647842358093
2016-06-29,control,80,0.214656378541667
2016-06-30,control,80,0.208125131837719
2016-07-01,control,80,0.205433676739035
2016-07-02,control,80,0.202102842837719
2016-07-03,control,80,0.199068009597411
2016-07-04,control,80,0.191033154344258
2016-07-05,control,80,0.183771748646763
2016-07-06,control,80,0.177335933774553
2016-07-07,control,80,0.17125887276947
2016-07-08,control,80,0.166223157132699
2016-07-09,control,80,0.161697916519737
2016-07-10,control,80,0.157613487327337
2016-07-11,control,80,0.153997098643617
2016-07-12,control,80,0.150138995813281
2016-07-13,control,80,0.152964930065631
2016-07-14,control,80,0.15536900770324
2016-07-15,control,80,0.15594494421592
2016-07-16,control,80,0.155234880636504
2016-07-17,control,80,0.153905840829227
2016-07-18,control,80,0.151978478812975
2016-07-19,control,80,0.149786680789957
2016-07-20,control,80,0.147602279925439
2016-07-21,control,80,0.145486681560949
2016-07-22,control,80,0.144075892888158
2016-07-23,control,80,0.14484916997807
2016-07-24,control,80,0.144426353883913
2016-07-25,control,80,0.143117532685034
2016-07-26,control,80,0.141772414525756
2016-07-27,control,80,0.140295069151198
2016-07-28,control,80,0.139035216487124
2016-07-29,control,80,0.137820307579289
2016-07-30,control,80,0.136716342370614
2016-07-31,control,80,0.135364378113746
2016-08-01,control,80,0.135947196125
2016-08-02,control,80,0.136188652088817
2016-08-03,control,80,0.135664788071086
2016-08-04,control,80,0.134472121710744
2016-08-05,control,80,0.133488427527596
2016-08-06,control,80,0.135159504791667
2016-08-07,control,80,0.13556884
2016-08-08,control,80,0.13525720875
2016-08-09,control,80,0.13470299156425
2016-08-10,control,80,0.132967581001469
2016-08-11,control,80,0.134917369219298
2016-08-12,control,80,0.135637138945329
2016-08-13,control,80,0.135712192891607
2016-08-14,control,80,0.135236083479115
2016-08-15,control,80,0.134348447019364
2016-08-16,control,80,0.133507223609401
2016-08-17,control,80,0.132854210824797
2016-08-18,control,80,0.132455318103145
2016-08-19,control,80,0.131820797954554
2016-08-20,control,80,0.131542350821889
2016-08-21,control,80,0.131129881410256
2016-08-22,control,80,0.130197664078978
2016-08-23,control,80,0.129412670447934
2016-08-24,control,80,0.128536919199578
2016-08-25,control,80,0.127756418696809
2016-08-26,control,80,0.127027563117628
2016-08-27,control,80,0.126276244625
2016-08-28,control,80,0.125524188541667
2016-08-29,control,80,0.125140297330427
2016-08-30,control,80,0.124714691787422
2016-08-31,control,80,0.124337959411232
2016-09-01,control,80,0.123791702083513
2016-09-02,control,80,0.123249137361725
2016-09-03,control,80,0.122869488000887
2016-09-04,control,80,0.122379400813172
2016-09-05,control,80,0.120017829707447
2016-09-06,control,80,0.122301044299731
2016-09-07,control,80,0.123528668361842
2016-09-08,control,80,0.12444505821138
2016-09-09,control,80,0.125051819256967
2016-09-10,control,80,0.125319127964205
2016-09-11,control,80,0.125354740830045
2016-09-12,control,80,0.125073603402448
2016-09-13,control,80,0.124715648291667
2016-09-14,control,80,0.124277583300019
2016-09-15,control,80,0.124003675052632
2016-09-16,control,80,0.123675724883772
2016-09-17,control,80,0.12373682868779699
2016-09-18,control,80,0.123929160612884
2016-09-19,control,80,0.123930158514184
2016-09-20,control,80,0.123700685502193
2016-09-21,control,80,0.123524209411232
2016-09-22,control,80,0.123608597385965
2016-09-23,control,80,0.123462674398557
2016-09-24,control,80,0.123255742291667
2016-09-25,control,80,0.12295052341564
2016-09-26,control,80,0.122814838529602
2016-09-27,control,80,0.128038145805618
2016-09-28,control,80,0.13745013826133
2016-10-07,control,80,0.132732106896552
2016-10-08,control,80,0.132222697453061
2016-10-09,control,80,0.131601703374067
2016-10-10,control,80,0.130859672234186
2016-10-11,control,80,0.130247548996568
2016-10-12,control,80,0.129466521818336
2016-10-13,control,80,0.129032772762097
2016-10-14,control,80,0.128015410973684
2016-10-15,control,80,0.12797102954344
2016-10-16,control,80,0.128844095986142
2016-10-17,control,80,0.129491139901262
2016-10-18,control,80,0.130131326093613
2016-10-19,control,80,0.130757928125
2016-10-20,control,80,0.13116828207152
2016-10-21,control,80,0.131452014726929
2016-10-22,control,80,0.131667234230938
2016-10-23,control,80,0.131790111312606
2016-10-24,control,80,0.131642532332074
2016-10-25,control,80,0.130441125784061
2016-10-26,control,80,0.129453960889385
2016-10-27,control,80,0.129946971447695
2016-10-28,control,80,0.131521874291667
2016-10-29,control,80,0.133011692135965
2016-10-30,control,80,0.134050033876132
2016-10-31,control,80,0.1349089091229
2016-11-01,control,80,0.135685094096491
2016-11-02,control,80,0.136250683428285
2016-11-03,control,80,0.1368589669813
2016-11-04,control,80,0.137370945713373
2016-11-05,control,80,0.137087198241228
2016-11-06,control,80,0.135581849180108
2016-11-07,control,80,0.136299766951101
2016-11-08,control,80,0.137461253485489
2016-11-09,control,80,0.138247635771603
2016-11-10,control,80,0.136921260573642
2016-11-11,control,80,0.139712318080704
2016-11-12,control,80,0.164828533381379
2016-11-13,control,80,0.172102802750513
2016-11-14,control,80,0.190581565845962
2016-11-15,control,80,0.224733425629103
2016-11-16,control,80,0.253618177423882
2016-11-17,control,80,0.270869602634409
2016-11-18,control,80,0.278345694214324
2016-11-19,control,80,0.282652699020583
2016-11-20,control,80,0.28615910460856
2016-11-21,control,80,0.289438383171986
2016-11-22,control,80,0.291231302938758
2016-11-23,control,80,0.291850362524683
2016-11-24,control,80,0.291786904634215
2016-11-25,control,80,0.291569792581104
2016-11-26,control,80,0.291371110438596
2016-11-27,control,80,0.291004046306849
2016-11-28,control,80,0.290802679810641
2016-11-29,control,80,0.290909596452279
2016-11-30,control,80,0.29087872418634
2016-12-01,control,80,0.290829283290147
2016-12-02,control,80,0.290682690338471
2016-12-03,control,80,0.290559563491177
2016-12-04,control,80,0.290451348970455
2016-12-05,control,80,0.290319936858647
2016-12-06,control,80,0.290100705218523
2016-12-07,control,80,0.28991330897101403
2016-12-08,control,80,0.289708535738332
2016-12-09,control,80,0.289473873333333
2016-12-10,control,80,0.289227115970465
2016-12-11,control,80,0.289021741156343
2016-12-12,control,80,0.288849956367273
2016-12-13,control,80,0.288722938037648
2016-12-14,control,80,0.288591612560796
2016-12-15,control,80,0.288474058497039
2016-12-16,control,80,0.288365093341027
2016-12-17,control,80,0.288290110543226
2016-12-18,control,80,0.288078267310749
2016-12-19,control,80,0.28779637616877
2016-12-20,control,80,0.287419778220558
2016-12-21,control,80,0.287060273976735
2016-12-22,control,80,0.286884888875887
2016-12-23,control,80,0.286782293063355
2016-12-24,control,80,0.286630689862348
2016-12-25,control,80,0.286469317967105
2016-12-26,control,80,0.286216073266864
2016-12-27,control,80,0.285972665534203
2016-12-28,control,80,0.285802065850217
2016-12-29,control,80,0.285699841390473
2016-12-30,control,80,0.285679829862763
2016-12-31,control,80,0.285605731680495
2017-01-01,control,80,0.285461914792363
2017-01-02,control,80,0.285439681549264
2017-01-03,control,80,0.285394277022343
2017-01-04,control,80,0.285287211191852
2017-01-05,control,80,0.285072260914474
2017-01-06,control,80,0.28498477588193
2017-01-07,control,80,0.28495800364646
2017-01-08,control,80,0.284835543290514
2017-01-09,control,80,0.284663502178744
2017-01-10,control,80,0.284417232438518
2017-01-11,control,80,0.284267920827989
2017-01-12,control,80,0.28412580054372
2017-01-13,control,80,0.283426827269852
2017-01-14,control,80,0.285055668884266
2017-01-15,control,80,0.287347551542731
2017-01-16,control,80,0.289301734738313
2017-01-17,control,80,0.290879744351616
2017-01-18,control,80,0.291937880722257
2017-01-19,control,80,0.292734496968675
2017-01-20,control,80,0.293349059994787
2017-01-21,control,80,0.293635439763627
2017-01-22,control,80,0.293681323579654
2017-01-23,control,80,0.293564572145567
2017-01-24,control,80,0.293580142357653
2017-01-25,control,80,0.29357669881575
2017-01-26,control,80,0.293659942322505
2017-01-27,control,80,0.293392365231803
2017-01-28,control,80,0.293361525539334
2017-01-29,control,80,0.293193621618051
2017-01-30,control,80,0.292931348680326
2017-01-31,control,80,0.292203885520623
2017-02-01,control,80,0.292348803958333
2017-02-02,control,80,0.294252157087719
2017-02-03,control,80,0.296904048125
2017-02-04,control,80,0.299337864879153
2017-02-05,control,80,0.301499729115108
2017-02-06,control,80,0.303937890092459
2017-02-07,control,80,0.307173106230089
2017-02-08,control,80,0.311980633541667
2017-02-09,control,80,0.318057135208333
2017-02-10,control,80,0.3229912255
2017-02-11,control,80,0.324993454839808
2017-02-12,control,80,0.325652772692702
2017-02-13,control,80,0.325626824375
2017-02-14,control,80,0.325336342154255
2017-02-15,control,80,0.32481309697983
2017-02-16,control,80,0.324198127115649
2017-02-17,control,80,0.323468853070745
2017-02-18,control,80,0.322646551672983
2017-02-19,control,80,0.321965404451163
2017-02-20,control,80,0.32125248952426
2017-02-21,control,80,0.320523986149835
2017-02-22,control,80,0.319591097452489
2017-02-23,control,80,0.318569409960108
2017-02-24,control,80,0.317600942352335
2017-02-25,control,80,0.316734435477498
2017-02-26,control,80,0.315842813014509
2017-02-27,control,80,0.314823143773796
2017-02-28,control,80,0.313720935855263
2017-03-01,control,80,0.313036530489035
2017-03-02,control,80,0.315616830664403
2017-03-03,control,80,0.326122877495555
2017-03-04,control,80,0.330123620532069
2017-03-05,control,80,0.331745288342098
2017-03-06,control,80,0.337328468722471
2017-03-07,control,80,0.41082330270614
2017-03-08,control,80,0.39220628141844
2017-03-09,control,80,0.382625191710993
2017-03-10,control,80,0.381844210168466
2017-03-11,control,80,0.377441009194725
2017-03-12,control,80,0.371793008030136
2017-03-13,control,80,0.366249253494624
2017-03-14,control,80,0.361103735337842
2017-03-15,control,80,0.356643355925157
2017-03-16,control,80,0.352941597399123
2017-03-17,control,80,0.349640938884975
2017-03-18,control,80,0.346766030642544
2017-03-19,control,80,0.344347056378826
2017-03-20,control,80,0.342490372035371
2017-03-21,control,80,0.340834072400486
2017-03-22,control,80,0.339336015290228
2017-03-23,control,80,0.337527962331934
2017-03-24,control,80,0.335494214227307
2017-03-25,control,80,0.333357046598239
2017-03-26,control,80,0.331558998657612
2017-03-27,control,80,0.330179596709148
2017-03-28,control,80,0.328536641301984
2017-03-29,control,80,0.326914828661745
2017-03-30,control,80,0.325191429938124
2017-03-31,control,80,0.323430994316574
2017-04-01,control,80,0.321691454963575
2017-04-02,control,80,0.32036474188315
2017-04-03,control,80,0.318918645152665
2017-04-04,control,80,0.317487106864035
2017-04-05,control,80,0.3158892027912
2017-04-06,control,80,0.314077858651456
2017-04-07,control,80,0.312513484385071
2017-04-08,control,80,0.310784860132643
2017-04-09,control,80,0.308868225026782
2017-04-10,control,80,0.306933092874299
2017-04-11,control,80,0.305133089756392
2017-04-12,control,80,0.30329321477826
2017-04-13,control,80,0.301365593661348
2017-04-14,control,80,0.299407181933324
2017-04-15,control,80,0.297693940605263
2017-04-16,control,80,0.296031542734649
2017-04-17,control,80,0.29425943988417
2017-04-18,control,80,0.292494234452641
2017-04-19,control,80,0.290906387645157
2017-04-20,control,80,0.289798774526316
2017-04-21,control,80,0.288533632381579
2017-04-22,control,80,0.286531302749907
2017-04-23,control,80,0.284084993426418
2017-04-24,control,80,0.281602365747524
2017-04-25,control,80,0.279309776863964
2017-04-26,control,80,0.277843195823131
2017-04-27,control,80,0.277760254441233
2017-04-28,control,80,0.277674712572651
2017-04-29,control,80,0.276939373154352
2017-04-30,control,80,0.276018916886036
2017-05-01,control,80,0.275409643528509
2017-05-02,control,80,0.274724673333759
2017-05-03,control,80,0.274138434761436
2017-05-04,control,80,0.273807437152444
2017-05-05,control,80,0.273175175761787
2017-05-06,control,80,0.272190548049352
2017-05-07,control,80,0.272212941096397
2017-05-08,control,80,0.271089252651326
2017-05-09,control,80,0.269763875778511
2017-05-10,control,80,0.268365436332821
2017-05-11,control,80,0.266517464959148
2017-05-12,control,80,0.2645989603781
2017-05-13,control,80,0.263146010970443
2017-05-14,control,80,0.261754348592542
2017-05-15,control,80,0.258626886673206
2017-05-16,control,80,0.254425707446505
2017-05-17,control,80,0.24975917354992
2017-05-18,control,80,0.245136993690148
2017-05-19,control,80,0.241529889265775
2017-05-20,control,80,0.241230553237204
2017-05-21,control,80,0.240350445152552
2017-05-22,control,80,0.237705784160191
2017-05-23,control,80,0.233935025478488
2017-05-24,control,80,0.229609162321422
2017-05-25,control,80,0.222826767530672
2017-05-26,control,80,0.215564543044504
2017-05-27,control,80,0.207479578507149
2017-05-28,control,80,0.199188949194551
2017-05-29,control,80,0.191624303719422
2017-05-30,control,80,0.186521242844439
2017-05-31,control,80,0.185481598502704
2017-06-01,control,80,0.181842490392286
2017-06-02,control,80,0.17697017468904
2017-06-03,control,80,0.171024296612571
2017-06-04,control,80,0.167165325633274
2017-06-05,control,80,0.170633129279585
2017-06-06,control,80,0.174357427319994
2017-06-07,control,80,0.17414155208494
2017-06-08,control,80,0.171125108075958
2017-06-09,control,80,0.168325979874386
2017-06-10,control,80,0.165280253560916
2017-06-11,control,80,0.161595392077753
2017-06-12,control,80,0.157800024683214
2017-06-13,control,80,0.154144600482692
2017-06-14,control,80,0.151328620910628
2017-06-15,control,80,0.149908047324734
2017-06-16,control,80,0.15216787137482
2017-06-17,control,80,0.152591937044847
2017-06-18,control,80,0.151981574525238
2017-06-19,control,80,0.150631054526869
2017-06-20,control,80,0.148715929533313
2017-06-21,control,80,0.146519089146674
2017-06-22,control,80,0.144485740661611
2017-06-23,control,80,0.142040958404531
2017-06-24,control,80,0.13986053466796
2017-06-25,control,80,0.138200800243181
2017-06-26,control,80,0.13687236270356
2017-06-27,control,80,0.135232049841632
2017-06-28,control,80,0.13690288001614
2017-06-29,control,80,0.137671469754938
2017-06-30,control,80,0.137340873316728
2017-07-01,control,80,0.136368831136952
2017-07-02,control,80,0.135689714871924
2017-07-03,control,80,0.134767249659479
2017-07-04,control,80,0.13359232290168
2017-07-05,control,80,0.132422743680363
2017-07-06,control,80,0.131206496389285
2017-07-07,control,80,0.130179757971503
2017-07-08,control,80,0.129231319427493
2017-07-09,control,80,0.128369929942667
2017-07-10,control,80,0.127793769836424
2017-07-11,control,80,0.127349293357458
2017-07-12,control,80,0.128746156190572
2017-07-13,control,80,0.128995353096413
2017-07-14,control,80,0.12882031690848
2017-07-15,control,80,0.128243454782583
2017-07-16,control,80,0.127610980184467
2017-07-17,control,80,0.127007530959955
2017-07-18,control,80,0.126195410622703
2017-07-19,control,80,0.125560333854295
2017-07-20,control,80,0.124749108766265
2017-07-21,control,80,0.124254054220106
2017-07-22,control,80,0.123574848175071
2017-07-23,control,80,0.123247604370128
2017-07-24,control,80,0.123594207763681
2017-07-25,control,80,0.124131076210429
2017-07-26,control,80,0.124569113078861
2017-07-27,control,80,0.124577407836951
2017-07-28,control,80,0.124360179901144
2017-07-29,control,80,0.124087142944361
2017-07-30,control,80,0.123780593872056
2017-07-31,control,80,0.123533915469502
2017-08-01,control,80,0.122797642557229
2017-08-02,control,80,0.122276881569315
2017-08-03,control,80,0.123948567958771
2017-08-04,control,80,0.124687782942315
2017-08-05,control,80,0.125078779868128
2017-08-06,control,80,0.12510979510367
2017-08-07,control,80,0.124805806298792
2017-08-08,control,80,0.123191155041118
2017-08-09,control,80,0.122700475708894
2017-08-10,control,80,0.123934343896926
2017-08-11,control,80,0.12379118306141
2017-08-12,control,80,0.126668793873651
2017-08-13,control,80,0.130260396443039
2017-08-14,control,80,0.137985262598143
2017-08-15,control,80,0.14432224923846
2017-08-16,control,80,0.147554927146715
2017-08-17,control,80,0.149801697853829
2017-08-18,control,80,0.151310874458987
2017-08-19,control,80,0.15223915175754
2017-08-20,control,80,0.154870744167172
2017-08-21,control,80,0.15631367670592
2017-08-22,control,80,0.157101399179562
2017-08-23,control,80,0.157144881679722
2017-08-24,control,80,0.156831163737234
2017-08-25,control,80,0.156183042234479
2017-08-26,control,80,0.154990135685384
2017-08-27,control,80,0.153456902458707
2017-08-28,control,80,0.152095565473878
2017-08-29,control,80,0.150047732469609
2017-08-30,control,80,0.147901989253717
2017-08-31,control,80,0.146435409514138
2017-09-01,control,80,0.146197662353532
2017-09-02,control,80,0.146825960266946
2017-09-03,control,80,0.146484906601085
2017-09-04,control,80,0.145315751913219
2017-09-05,control,80,0.143677906700464
2017-09-06,control,80,0.141716440087601
2017-09-07,control,80,0.139868141804569
2017-09-08,control,80,0.13806082948719
2017-09-09,control,80,0.136672380330676
2017-09-10,control,80,0.136440303151743
2017-09-11,control,80,0.136918852080428
2017-09-12,control,80,0.136593673730173
2017-09-13,control,80,0.135970699041211
2017-09-14,control,80,0.135656167215883
2017-09-15,control,80,0.135256043467969
2017-09-16,control,80,0.13425729456332
2017-09-17,control,80,0.133414747037308
2017-09-18,control,80,0.132669208364281
2017-09-19,control,80,0.132447524212724
2017-09-20,control,80,0.131935308984714
2017-09-21,control,80,0.131134455013299
2017-09-22,control,80,0.13045489995447
2017-09-23,control,80,0.129822904708504
2017-09-24,control,80,0.129045743034456
2017-09-25,control,80,0.128509526503746
2017-09-26,control,80,0.128083317439785
2017-09-27,control,80,0.127410225115308
2017-09-28,control,80,0.126895621249571
2017-09-29,control,80,0.126389431420697
2017-09-30,control,80,0.125975419033483
2017-10-01,control,80,0.125471684924684
2017-10-02,control,80,0.125432422607022
2017-10-03,control,80,0.124532239599955
2017-10-04,control,80,0.125220859234762
2017-10-05,control,80,0.126078569939792
2017-10-06,control,80,0.126888099918196
2017-10-07,control,80,0.127344773722911
2017-10-08,control,80,0.127553452221599
2017-10-09,control,80,0.127812366261436
2017-10-10,control,80,0.127781696104921
2017-10-11,control,80,0.127612585257822
2017-10-12,control,80,0.127270060258378
2017-10-13,control,80,0.126927576384225
2017-10-14,control,80,0.126586772680445
2017-10-15,control,80,0.126261615277914
2017-10-16,control,80,0.125938864931697
2017-10-17,control,80,0.125459051585881
2017-10-18,control,80,0.125019052993013
2017-10-19,control,80,0.124691486261463
2017-10-20,control,80,0.124521004573362
2017-10-21,control,80,0.124307029986076
2017-10-22,control,80,0.123955002258213
2017-10-23,control,80,0.123908780737662
2017-10-24,control,80,0.12386868402466
2017-10-25,control,80,0.123760698401744
2017-10-26,control,80,0.123623861686635
2017-10-27,control,80,0.123471277141225
2017-10-28,control,80,0.123227622202981
2017-10-29,control,80,0.123131307642483
2017-10-30,control,80,0.123098414806605
2017-10-31,control,80,0.122878826099243
2017-11-01,control,80,0.122775443664196
2017-11-02,control,80,0.122706190901665
2017-11-03,control,80,0.122660884274324
2017-11-04,control,80,0.12258628331623
2017-11-05,control,80,0.121744126053966
2017-11-06,control,80,0.122658444655588
2017-11-07,control,80,0.123044901409098
2017-11-08,control,80,0.123539735292117
2017-11-09,control,80,0.123955007999502
2017-11-10,control,80,0.124586508351002
2017-11-11,control,80,0.124806445473148
2017-11-12,control,80,0.123589058822585
2017-11-13,control,80,0.12469538093786
2017-11-14,control,80,0.126722380338809
2017-11-15,control,80,0.12806893749465
2017-11-16,control,80,0.129080316057836
2017-11-17,control,80,0.129930513923009
2017-11-18,control,80,0.130710155240496
2017-11-19,control,80,0.131323381600596
2017-11-20,control,80,0.13200131116867
2017-11-21,control,80,0.132539014295417
2017-11-22,control,80,0.132935129321459
2017-11-23,control,80,0.133245957987726
2017-11-24,control,80,0.133497763544573
2017-11-25,control,80,0.1331062127541
2017-11-26,control,80,0.134088422432039
2017-11-27,control,80,0.134780857267999
2017-11-28,control,80,0.135513428504782
2017-11-29,control,80,0.135733231190457
2017-11-30,control,80,0.136213783817838
2017-12-01,control,80,0.136813696871741
2017-12-02,control,80,0.137355223945927
2017-12-03,control,80,0.137842862044461
2017-12-04,control,80,0.138262827178015
2017-12-05,control,80,0.138537720814704
2017-12-06,control,80,0.138853686860028
2017-12-07,control,80,0.139166332250846
2017-12-08,control,80,0.137682223148575
2017-12-09,control,80,0.137334527886546
2017-12-10,control,80,0.138146931609102
2017-12-11,control,80,0.137791351422036
2017-12-12,control,80,0.135747324090255
2017-12-13,control,80,0.136828991290837
2017-12-14,control,80,0.137701531826543
2017-12-15,control,80,0.141443223476918
2017-12-16,control,80,0.16161742900209
2017-12-17,control,80,0.17798814077687
2017-12-18,control,80,0.194658855455528
2017-12-19,control,80,0.218353739510324
2017-12-20,control,80,0.239841494585562
2017-12-21,control,80,0.259437879876491
2017-12-22,control,80,0.271609662626281
2017-12-23,control,80,0.278660327309056
2017-12-24,control,80,0.283680081903412
2017-12-25,control,80,0.287911319775938
2017-12-26,control,80,0.290827055284717
2017-12-27,control,80,0.292679904426722
2017-12-28,control,80,0.294740278576067
2017-12-29,control,80,0.297364279750951
2017-12-30,control,80,0.32452584593805
2017-12-31,control,80,0.38284427367017
2018-01-01,control,80,0.373559690290882
2018-01-02,control,80,0.377660242849665
2018-01-03,control,80,0.390131541197431
2018-01-04,control,80,0.417574530127693
2018-01-05,control,80,0.416796380435301
2018-01-06,control,80,0.405665314666449
2018-01-07,control,80,0.391275361632231
2018-01-08,control,80,0.388174657921671
2018-01-09,control,80,0.409389271126184
2018-01-10,control,80,0.406114643319026
2018-01-11,control,80,0.395224575859934
2018-01-12,control,80,0.385846711658851
2018-01-13,control,80,0.381287130954618
2018-01-14,control,80,0.37742545392778
2018-01-15,control,80,0.373707866127099
2018-01-16,control,80,0.370139927426127
2018-01-17,control,80,0.369454519126698
2018-01-18,control,80,0.372203365218815
2018-01-19,control,80,0.381387967048807
2018-01-20,control,80,0.384313803628936
2018-01-21,control,80,0.395956158201487
2018-01-22,control,80,0.413452761697755
2018-01-23,control,80,0.41160776055828
2018-01-24,control,80,0.402813872145977
2018-01-25,control,80,0.388338767293399
2018-01-26,control,80,0.383119014482242
2018-01-27,control,80,0.379304302412078
2018-01-28,control,80,0.375881339056515
2018-01-29,control,80,0.372510103323023
2018-01-30,control,80,0.369474543481123
2018-01-31,control,80,0.366618361653937
2018-02-01,control,80,0.364268199778595
2018-02-02,control,80,0.363285136275607
2018-02-03,control,80,0.362720061189053
2018-02-04,control,80,0.361481966600952
2018-02-05,control,80,0.36002906461134
2018-02-06,control,80,0.358481999116578
2018-02-07,control,80,0.356995535230394
2018-02-08,control,80,0.355716592272845
2018-02-09,control,80,0.354470245102265
2018-02-10,control,80,0.353246857499854
2018-02-11,control,80,0.352059618407705
2018-02-12,control,80,0.35083948476691
2018-02-13,control,80,0.349785525835516
2018-02-14,control,80,0.348880152221421
2018-02-15,control,80,0.347825341734042
2018-02-16,control,80,0.346872089946768
2018-02-17,control,80,0.348469702422302
2018-02-18,control,80,0.356352997557627
2018-02-19,control,80,0.363792749356996
2018-02-20,control,80,0.365472307521343
2018-02-21,control,80,0.365128012564669
2018-02-22,control,80,0.364096479259974
2018-02-23,control,80,0.362733972081679
2018-02-24,control,80,0.361362942451472
2018-02-25,control,80,0.359934375407725
2018-02-26,control,80,0.358458647109627
2018-02-27,control,80,0.356981263270706
2018-02-28,control,80,0.355713508233198
2018-03-01,control,80,0.354177203963211
2018-03-02,control,80,0.352548429342417
2018-03-03,control,80,0.351022067149738
2018-03-04,control,80,0.349645858643377
2018-03-05,control,80,0.348605641182138
2018-03-06,control,80,0.348017891491545
2018-03-07,control,80,0.347426394472706
2018-03-08,control,80,0.346686490320329
2018-03-09,control,80,0.345751786531808
2018-03-10,control,80,0.344739634664435
2018-03-11,control,80,0.343683638542912
2018-03-12,control,80,0.34268045277119
2018-03-13,control,80,0.341621792592637
2018-03-14,control,80,0.340615090911626
2018-03-15,control,80,0.339422166226199
2018-03-16,control,80,0.338238386856882
2018-03-17,control,80,0.337131861636513
2018-03-18,control,80,0.336289564233077
2018-03-19,control,80,0.335519012294494
2018-03-20,control,80,0.334663524627686
2018-03-21,control,80,0.333756586395419
2018-03-22,control,80,0.332974888416047
2018-03-23,control,80,0.332027282714844
2018-03-24,control,80,0.330930085232383
2018-03-25,control,80,0.329887160652562
2018-03-26,control,80,0.32885311126709
2018-03-27,control,80,0.327792205810547
2018-03-28,control,80,0.326614813955207
2018-03-29,control,80,0.325871067047119
2018-03-30,control,80,0.324950218200684
2018-03-31,control,80,0.324231262809352
2018-04-01,control,80,0.324010677337646
2018-04-02,control,80,0.323593447635048
2018-04-03,control,80,0.323126450789602
2018-04-04,control,80,0.322552833557129
2018-04-05,control,80,0.322018241882324
2018-04-06,control,80,0.321189384460449
2018-04-07,control,80,0.320159320831299
2018-04-08,control,80,0.319097480773926
2018-04-09,control,80,0.317993717193604
2018-04-10,control,80,0.316975002288818
2018-04-11,control,80,0.315808560797509
2018-04-12,control,80,0.314414945100483
2018-04-13,control,80,0.313227920532227
2018-04-14,control,80,0.311801719665527
2018-04-15,control,80,0.310414736898322
2018-04-16,control,80,0.309148914939479
2018-04-17,control,80,0.307465815493935
2018-04-18,control,80,0.305667400360107
2018-04-19,control,80,0.303693790435791
2018-04-20,control,80,0.301706710290828
2018-04-21,control,80,0.299599286795997
2018-04-22,control,80,0.297451490301835
2018-04-23,control,80,0.295427716907702
2018-04-24,control,80,0.293519390593184
2018-04-25,control,80,0.291181561118678
2018-04-26,control,80,0.288890005613628
2018-04-27,control,80,0.286268925315455
2018-04-28,control,80,0.283612675917776
2018-04-29,control,80,0.280571677358527
2018-04-30,control,80,0.278234452900134
2018-05-01,control,80,0.277357540130615
2018-05-02,control,80,0.276513622283936
2018-05-03,control,80,0.275962314605713
2018-05-04,control,80,0.275159967522872
2018-05-05,control,80,0.27355466481259
2018-05-06,control,80,0.272036615873638
2018-05-07,control,80,0.270968027791945
2018-05-08,control,80,0.270277529867072
2018-05-09,control,80,0.26925805463289
2018-05-10,control,80,0.268998863822535
2018-05-11,control,80,0.267352327647962
2018-05-12,control,80,0.263910369873047
2018-05-13,control,80,0.260652932163918
2018-05-14,control,80,0.258668715226023
2018-05-15,control,80,0.258894649706389
2018-05-16,control,80,0.258988494873047
2018-05-17,control,80,0.25802692413330103
2018-05-18,control,80,0.256557523128335
2018-05-19,control,80,0.255193614959717
2018-05-20,control,80,0.254139663495516
2018-05-21,control,80,0.25189471857171303
2018-05-22,control,80,0.247692375183105
2018-05-23,control,80,0.244992304952521
2018-05-24,control,80,0.241449188232422
2018-05-25,control,80,0.234354943927966
2018-05-26,control,80,0.226922861801951
2018-05-27,control,80,0.221506195068359
2018-05-28,control,80,0.216811706342195
2018-05-29,control,80,0.212432577414909
2018-05-30,control,80,0.20642893324507
2018-05-31,control,80,0.20067737132945
2018-06-01,control,80,0.194619902346997
2018-06-02,control,80,0.186770339696698
2018-06-03,control,80,0.180089773880808
2018-06-04,control,80,0.174805126190186
2018-06-05,control,80,0.16993088069715
2018-06-06,control,80,0.166170232202545
2018-06-07,control,80,0.163040099696109
2018-06-08,control,80,0.159644937718168
2018-06-09,control,80,0.156737542403372
2018-06-10,control,80,0.15346097946167
2018-06-11,control,80,0.150808831064325
2018-06-12,control,80,0.15119864889916
2018-06-13,control,80,0.151306384437963
2018-06-14,control,80,0.153378868103027
2018-06-15,control,80,0.153639354705811
2018-06-16,control,80,0.153087127407881
2018-06-17,control,80,0.151925830841064
2018-06-18,control,80,0.150289745330811
2018-06-19,control,80,0.148318138122559
2018-06-20,control,80,0.146318893432617
2018-06-21,control,80,0.144348754882813
2018-06-22,control,80,0.142078388816432
2018-06-23,control,80,0.139965832559686
2018-06-24,control,80,0.138430314314993
2018-06-25,control,80,0.137066384327238
2018-06-26,control,80,0.135760173797607
2018-06-27,control,80,0.134485517401444
2018-06-28,control,80,0.133119111312063
2018-06-29,control,80,0.132020435333252
2018-06-30,control,80,0.130846843719482
2018-07-01,control,80,0.12989221572876
2018-07-02,control,80,0.128942322580438
2018-07-03,control,80,0.128016407213713
2018-07-04,control,80,0.1271095210501
2018-07-05,control,80,0.12675335954365
2018-07-06,control,80,0.12640495300293
2018-07-07,control,80,0.12602784789236
2018-07-08,control,80,0.12536581039428699
2018-07-09,control,80,0.124785988255551
2018-07-10,control,80,0.124258086355109
2018-07-11,control,80,0.123696471183531
2018-07-12,control,80,0.123115871104788
2018-07-13,control,80,0.122554664611816
2018-07-14,control,80,0.12186543795937
2018-07-15,control,80,0.121347303691663
2018-07-16,control,80,0.121913928985596
2018-07-17,control,80,0.122104104092247
2018-07-18,control,80,0.122014865875244
2018-07-19,control,80,0.121736621856689
2018-07-20,control,80,0.121021841952675
2018-07-21,control,80,0.119754199981689
2018-07-22,control,80,0.121761057070245
2018-07-23,control,80,0.122620934733084
2018-07-24,control,80,0.12304592734889
2018-07-25,control,80,0.123248758215653
2018-07-26,control,80,0.12300971615699
2018-07-27,control,80,0.122542242150558
2018-07-28,control,80,0.122274944907741
2018-07-29,control,80,0.122092006281803
2018-07-30,control,80,0.121690007059198
2018-07-31,control,80,0.121357698139391
2018-08-01,control,80,0.121040313917205
2018-08-02,control,80,0.120613425606175
2018-08-03,control,80,0.12039306640625
2018-08-04,control,80,0.120184528150057
2018-08-05,control,80,0.119932708740234
2018-08-06,control,80,0.119339816244025
2018-08-07,control,80,0.118963260650635
2018-08-08,control,80,0.119369411468506
2018-08-09,control,80,0.118936824798584
2018-08-10,control,80,0.11938395897802
2018-08-11,control,80,0.12029726251002
2018-08-12,control,80,0.120546607971191
2018-08-13,control,80,0.120696243888453
2018-08-14,control,80,0.120674256174188
2018-08-15,control,80,0.120644874572754
2018-08-16,control,80,0.120380334753739
2018-08-17,control,80,0.120152740478516
2018-08-18,control,80,0.119761142730713
2018-08-19,control,80,0.119461269378662
2018-08-20,control,80,0.119448911566483
2018-08-21,control,80,0.119273067474365
2018-08-22,control,80,0.119065147600676
2018-08-23,control,80,0.118742561340332
2018-08-24,control,80,0.118607440546939
2018-08-25,control,80,0.119111728668213
2018-08-26,control,80,0.119273815155029
2018-08-27,control,80,0.119354991912842
2018-08-28,control,80,0.119271011352539
2018-08-29,control,80,0.119156863563939
2018-08-30,control,80,0.119057496522602
2018-08-31,control,80,0.119055252075195
2018-09-01,control,80,0.119024410247803
2018-09-02,control,80,0.118827600177966
2018-09-03,control,80,0.11858628062198
2018-09-04,control,80,0.11835563659668
2018-09-05,control,80,0.118197305378161
2018-09-06,control,80,0.117961502075195
2018-09-07,control,80,0.117781510604055
2018-09-08,control,80,0.117712907105517
2018-09-09,control,80,0.117509288787842
2018-09-10,control,80,0.117280130285966
2018-09-11,control,80,0.116950664520264
2018-09-12,control,80,0.116767749786377
2018-09-13,control,80,0.116644679019326
2018-09-14,control,80,0.116548964651007
2018-09-15,control,80,0.116886978149414
2018-09-16,control,80,0.117094993591309
2018-09-17,control,80,0.117194061279297
2018-09-18,control,80,0.116944208044755
2018-09-19,control,80,0.116561603546143
2018-09-20,control,80,0.117688999176025
2018-09-21,control,80,0.118149545167622
2018-09-22,control,80,0.118514199529223
2018-09-23,control,80,0.118684585169742
2018-09-24,control,80,0.118433367277447
2018-09-25,control,80,0.118548729344418
2018-09-26,control,80,0.118637815029063
2018-09-27,control,80,0.118659648895264
2018-09-28,control,80,0.118561397753264
2018-09-29,control,80,0.118511116228606
2018-09-30,control,80,0.117728236951326
2018-10-01,control,80,0.116331017142848
2018-10-02,control,80,0.11837643581888
2018-10-03,control,80,0.119346259390761
2018-10-04,control,80,0.120272985496984
2018-10-05,control,80,0.12117239841662
2018-10-06,control,80,0.121805482964767
2018-10-07,control,80,0.122272815704346
2018-10-08,control,80,0.1225213807629
2018-10-09,control,80,0.122660485317833
2018-10-10,control,80,0.12263571428425
2018-10-11,control,80,0.122362592867365
2018-10-12,control,80,0.122088852740349
2018-10-13,control,80,0.121914596557617
2018-10-14,control,80,0.121495494842529
2018-10-15,control,80,0.121079648068077
2018-10-16,control,80,0.12082124710083
2018-10-17,control,80,0.120480144500732
2018-10-18,control,80,0.120222614301283
2018-10-19,control,80,0.120028905165823
2018-10-20,control,80,0.1198012729444
2018-10-21,control,80,0.119641428243673
2018-10-22,control,80,0.119544315338135
2018-10-23,control,80,0.119477755620995
2018-10-24,control,80,0.120611696243286
2018-10-25,control,80,0.120540165901184
2018-10-26,control,80,0.120452880859375
2018-10-27,control,80,0.120305180549622
2018-10-28,control,80,0.120021629333496
2018-10-29,control,80,0.119422991150304
2018-10-30,control,80,0.119073677062988
2018-10-31,control,80,0.126913809776306
2018-11-01,control,80,0.146294744893124
2018-11-02,control,80,0.153476500511169
2018-11-03,control,80,0.156394517547206
2018-11-04,control,80,0.158090919684723
2018-11-05,control,80,0.159338865029184
2018-11-06,control,80,0.16021063563271
2018-11-07,control,80,0.161092859569349
2018-11-08,control,80,0.16182394755514
2018-11-09,control,80,0.162522760190462
2018-11-10,control,80,0.16335723400116
2018-11-11,control,80,0.164525151252747
2018-11-12,control,80,0.166375952519869
2018-11-13,control,80,0.168877553939819
2018-11-14,control,80,0.171806768448122
2018-11-15,control,80,0.175610912607071
2018-11-16,control,80,0.179924301390952
2018-11-17,control,80,0.184269563562957
2018-11-18,control,80,0.188347009106686
2018-11-19,control,80,0.192204356193543
2018-11-20,control,80,0.195793479046923
2018-11-21,control,80,0.198592785032172
2018-11-22,control,80,0.200664162635803
2018-11-23,control,80,0.202271572414197
2018-11-24,control,80,0.203316826820374
2018-11-25,control,80,0.204430270195007
2018-11-26,control,80,0.205454378379019
2018-11-27,control,80,0.206339642123172
2018-11-28,control,80,0.206971667691281
2018-11-29,control,80,0.207533211708069
2018-11-30,control,80,0.20790121504601
2018-12-01,control,80,0.208295345306396
2018-12-02,control,80,0.206028420046756
2018-12-03,control,80,0.202461691655611
2018-12-04,control,80,0.21384654045105
2018-12-05,control,80,0.24909884929657
2018-12-06,control,80,0.279030275344849
2018-12-07,control,80,0.295630788803101
2018-12-08,control,80,0.300675797462463
2018-12-09,control,80,0.302916852549503
2018-12-10,control,80,0.304250095245686
2018-12-11,control,80,0.305332906371669
2018-12-12,control,80,0.306015872955322
2018-12-13,control,80,0.30660499666733
2018-12-14,control,80,0.306985199827897
2018-12-15,control,80,0.30717452325319
2018-12-16,control,80,0.306781764281423
2018-12-17,control,80,0.306921935081482
2018-12-18,control,80,0.307012250548915
2018-12-19,control,80,0.30878573467857
2018-12-20,control,80,0.310765857392169
2018-12-21,control,80,0.314263892173767
2018-12-22,control,80,0.353985929489136
2018-12-23,control,80,0.366554808616638
2018-12-24,control,80,0.397038834973385
2018-12-25,control,80,0.391731382671155
2018-12-26,control,80,0.382139800975197
2018-12-27,control,80,0.375554459471452
2018-12-28,control,80,0.370256312431828
2018-12-29,control,80,0.365862035751343
2018-12-30,control,80,0.362675224354393
2018-12-31,control,80,0.359938169048989
2019-01-01,control,80,0.357490965441654
2019-01-02,control,80,0.355329165207712
2019-01-03,control,80,0.353351846147091
2019-01-04,control,80,0.351710346307738
2019-01-05,control,80,0.350148586724934
2019-01-06,control,80,0.348381495475769
2019-01-07,control,80,0.346890551626986
2019-01-08,control,80,0.345491495383413
2019-01-09,control,80,0.344165490050065
2019-01-10,control,80,0.343200908433417
2019-01-11,control,80,0.342339310743206
2019-01-12,control,80,0.341436576843262
2019-01-13,control,80,0.341052450631794
2019-01-14,control,80,0.370560047650524
2019-01-15,control,80,0.377391730107759
2019-01-16,control,80,0.374900091396601
2019-01-17,control,80,0.37166473865509
2019-01-18,control,80,0.368715249111778
2019-01-19,control,80,0.366104686444444
2019-01-20,control,80,0.363750121948567
2019-01-21,control,80,0.361593079566956
2019-01-22,control,80,0.359668911737983
2019-01-23,control,80,0.357823966176886
2019-01-24,control,80,0.356126916490713
2019-01-25,control,80,0.354626192374626
2019-01-26,control,80,0.353125596046448
2019-01-27,control,80,0.351398754119873
2019-01-28,control,80,0.349509569218284
2019-01-29,control,80,0.348385667800903
2019-01-30,control,80,0.347488558166905
2019-01-31,control,80,0.346919193016855
2019-02-01,control,80,0.346070694923401
2019-02-02,control,80,0.345141768455505
2019-02-03,control,80,0.344680976867676
2019-02-04,control,80,0.344655371457085
2019-02-05,control,80,0.344721830518622
2019-02-06,control,80,0.344585406876789
2019-02-07,control,80,0.344023609914278
2019-02-08,control,80,0.343159464283993
2019-02-09,control,80,0.342341134540178
2019-02-10,control,80,0.341527501909356
2019-02-11,control,80,0.341565571082266
2019-02-12,control,80,0.344278931617737
2019-02-13,control,80,0.346572218140921
2019-02-14,control,80,0.347532721569664
2019-02-15,control,80,0.347670988032692
2019-02-16,control,80,0.347437047958374
2019-02-17,control,80,0.347017384077373
2019-02-18,control,80,0.346485924720764
2019-02-19,control,80,0.345877766609192
2019-02-20,control,80,0.345239469377618
2019-02-21,control,80,0.344534778594971
2019-02-22,control,80,0.343748083616558
2019-02-23,control,80,0.342914010349073
2019-02-24,control,80,0.342102534394515
2019-02-25,control,80,0.34131735375053
2019-02-26,control,80,0.340405178070068
2019-02-27,control,80,0.339331386716742
2019-02-28,control,80,0.338280949694045
2019-03-01,control,80,0.337262415885925
2019-03-02,control,80,0.336384391784668
2019-03-03,control,80,0.335431098937988
2019-03-04,control,80,0.334396411494205
2019-03-05,control,80,0.333406186103821
2019-03-06,control,80,0.332458901405334
2019-03-07,control,80,0.331532516981426
2019-03-08,control,80,0.330710100620351
2019-03-09,control,80,0.329916629038359
2019-03-10,control,80,0.328629135583576
2019-03-11,control,80,0.328040064649379
2019-03-12,control,80,0.327749848365784
2019-03-13,control,80,0.327647882009807
2019-03-14,control,80,0.327667437833207
2019-03-15,control,80,0.327743416836387
2019-03-16,control,80,0.332437872886658
2019-03-17,control,80,0.336637568473816
2019-03-18,control,80,0.338360238075256
2019-03-19,control,80,0.338711208681906
2019-03-20,control,80,0.338461542129517
2019-03-21,control,80,0.337841534614563
2019-03-22,control,80,0.33690493106842
2019-03-23,control,80,0.335736655436064
2019-03-24,control,80,0.334489890901666
2019-03-25,control,80,0.333250037494459
2019-03-26,control,80,0.332058024406433
2019-03-27,control,80,0.330809927493968
2019-03-28,control,80,0.329582166671753
2019-03-29,control,80,0.328160905838013
2019-03-30,control,80,0.326599955558777
2019-03-31,control,80,0.32496657371521
2019-04-01,control,80,0.323293678635045
2019-04-02,control,80,0.321700811386108
2019-04-03,control,80,0.320112929846111
2019-04-04,control,80,0.318534443503932
2019-04-05,control,80,0.319299554824829
2019-04-06,control,80,0.320677098475004
2019-04-07,control,80,0.321586062782689
2019-04-08,control,80,0.321770335498609
2019-04-09,control,80,0.32103374004364
2019-04-10,control,80,0.320141925309834
2019-04-11,control,80,0.31940670891812
2019-04-12,control,80,0.31855264362536
2019-04-13,control,80,0.317357080108241
2019-04-14,control,80,0.316221121016969
2019-04-15,control,80,0.315123575612118
2019-04-16,control,80,0.313813674065375
2019-04-17,control,80,0.312458610534668
2019-04-18,control,80,0.31072551802585
2019-04-19,control,80,0.308885815199652
2019-04-20,control,80,0.306902796845687
2019-04-21,control,80,0.304845455485789
2019-04-22,control,80,0.302608321842394
2019-04-23,control,80,0.300628797551419
2019-04-24,control,80,0.299018744920429
2019-04-25,control,80,0.29739563262209
2019-04-26,control,80,0.295731267176176
2019-04-27,control,80,0.295532209496749
2019-04-28,control,80,0.295018155342521
2019-04-29,control,80,0.294188332557678
2019-04-30,control,80,0.293054667432257
2019-05-01,control,80,0.2917560338974
2019-05-02,control,80,0.29046778678894
2019-05-03,control,80,0.289632654190064
2019-05-04,control,80,0.288320557532772
2019-05-05,control,80,0.287109493172687
2019-05-06,control,80,0.285859537124634
2019-05-07,control,80,0.284326772438852
2019-05-08,control,80,0.283578610420227
2019-05-09,control,80,0.283069210805391
2019-05-10,control,80,0.28264434337616
2019-05-11,control,80,0.282268521409286
2019-05-12,control,80,0.281644952550847
2019-05-13,control,80,0.280474662278828
2019-05-14,control,80,0.279559826850891
2019-05-15,control,80,0.278313516850494
2019-05-16,control,80,0.27716914252231
2019-05-17,control,80,0.27574443139528
2019-05-18,control,80,0.2746661901474
2019-05-19,control,80,0.27338695526123
2019-05-20,control,80,0.272887946931939
2019-05-21,control,80,0.271831345558167
2019-05-22,control,80,0.268976654755442
2019-05-23,control,80,0.265436456558552
2019-05-24,control,80,0.261606995181033
2019-05-25,control,80,0.258317753267448
2019-05-26,control,80,0.256079483032227
2019-05-27,control,80,0.252595925331116
2019-05-28,control,80,0.249908526320206
2019-05-29,control,80,0.247039389610291
2019-05-30,control,80,0.241202408640008
2019-05-31,control,80,0.234387728038587
2019-06-01,control,80,0.226378617035715
2019-06-02,control,80,0.217150310466164
2019-06-03,control,80,0.207139402188753
2019-06-04,control,80,0.197951775350069
2019-06-05,control,80,0.188919585629513
2019-06-06,control,80,0.183687806129456
2019-06-07,control,80,0.179512204621968
2019-06-08,control,80,0.173960454567619
2019-06-09,control,80,0.170415841905694
2019-06-10,control,80,0.169580054032175
2019-06-11,control,80,0.169626402854919
2019-06-12,control,80,0.172488993845488
2019-06-13,control,80,0.173490643501282
2019-06-14,control,80,0.173359347895572
2019-06-15,control,80,0.172584915161133
2019-06-16,control,80,0.172309041023254
2019-06-17,control,80,0.171559947917336
2019-06-18,control,80,0.169456505775452
2019-06-19,control,80,0.167225822649504
2019-06-20,control,80,0.165535688400269
2019-06-21,control,80,0.164341068267822
2019-06-22,control,80,0.162393045676382
2019-06-23,control,80,0.164195370674133
2019-06-24,control,80,0.164225105737385
2019-06-25,control,80,0.163273119926453
2019-06-26,control,80,0.161580657958984
2019-06-27,control,80,0.15932092666626
2019-06-28,control,80,0.156453537940979
2019-06-29,control,80,0.15342743396759
2019-06-30,control,80,0.150363445281982
2019-07-01,control,80,0.147217011451721
2019-07-02,control,80,0.144414213870434
2019-07-03,control,80,0.14616193143945
2019-07-04,control,80,0.148400070290816
2019-07-05,control,80,0.149521470069885
2019-07-06,control,80,0.150177025794983
2019-07-07,control,80,0.150446114134281
2019-07-08,control,80,0.150399113288785
2019-07-09,control,80,0.149993944168091
2019-07-10,control,80,0.14563894333378
2019-07-11,control,80,0.144715964946341
2019-07-12,control,80,0.143984125639263
2019-07-13,control,80,0.142245235443115
2019-07-14,control,80,0.140380039215088
2019-07-15,control,80,0.138440698924818
2019-07-16,control,80,0.1401238031305
2019-07-17,control,80,0.140568191929867
2019-07-18,control,80,0.140247271923309
2019-07-19,control,80,0.13946868254009
2019-07-20,control,80,0.138460584138569
2019-07-21,control,80,0.137157889717504
2019-07-22,control,80,0.135874251315468
2019-07-23,control,80,0.134434550034372
2019-07-24,control,80,0.132860649911981
2019-07-25,control,80,0.13144892694061
2019-07-26,control,80,0.133834986034193
2019-07-27,control,80,0.152663488086901
2019-07-28,control,80,0.15289050192582
2019-07-29,control,80,0.1536669921875
2019-07-30,control,80,0.153464317321777
2019-07-31,control,80,0.152731577622263
2019-08-01,control,80,0.151260782944529
2019-08-02,control,80,0.150021300103336
2019-08-03,control,80,0.148256587982178
2019-08-04,control,80,0.14519229888916
2019-08-05,control,80,0.142040394833213
2019-08-06,control,80,0.139056680561847
2019-08-07,control,80,0.136295927331803
2019-08-08,control,80,0.13766196983739
2019-08-09,control,80,0.138050805945145
2019-08-10,control,80,0.137374965200034
2019-08-11,control,80,0.136974315844084
2019-08-12,control,80,0.13591399785092
2019-08-13,control,80,0.138109098334061
2019-08-14,control,80,0.139278411865234
2019-08-15,control,80,0.139950656890869
2019-08-16,control,80,0.140207250494706
2019-08-17,control,80,0.139804059480366
2019-08-18,control,80,0.138896722336981
2019-08-19,control,80,0.13658034268977
2019-08-20,control,80,0.13693958523399
2019-08-21,control,80,0.137883820111239
2019-08-22,control,80,0.139817854563395
2019-08-23,control,80,0.141076350614249
2019-08-24,control,80,0.141927946625436
2019-08-25,control,80,0.142444021889333
2019-08-26,control,80,0.142402651186666
2019-08-27,control,80,0.142192750078567
2019-08-28,control,80,0.141713721058537
2019-08-29,control,80,0.140955352783203
2019-08-30,control,80,0.140057735443115
2019-08-31,control,80,0.139152627242239
2019-09-01,control,80,0.138397618745503
2019-09-02,control,80,0.137839320534154
2019-09-03,control,80,0.136917187138608
2019-09-04,control,80,0.13556600871839
2019-09-05,control,80,0.134574321345279
2019-09-06,control,80,0.134100797753585
2019-09-07,control,80,0.13327439137509
2019-09-08,control,80,0.132180982890882
2019-09-09,control,80,0.131295744011759
2019-09-10,control,80,0.130269150215995
2019-09-11,control,80,0.129313034459164
2019-09-12,control,80,0.128515650972407
2019-09-13,control,80,0.127632435525088
2019-09-14,control,80,0.126807983015567
2019-09-15,control,80,0.126193344809792
2019-09-16,control,80,0.125570278754601
2019-09-17,control,80,0.124903764825118
2019-09-18,control,80,0.124368535086215
2019-09-19,control,80,0.123949078225609
2019-09-20,control,80,0.123442590211567
2019-09-21,control,80,0.123024782674176
2019-09-22,control,80,0.12243918885576
2019-09-23,control,80,0.122040287017822
2019-09-24,control,80,0.121750234704269
2019-09-25,control,80,0.121469875853819
2019-09-26,control,80,0.121337814331055
2019-09-27,control,80,0.121096997913561
2019-09-28,control,80,0.120774189597682
2019-09-29,control,80,0.120423666771422
2019-09-30,control,80,0.12009329596683
2019-10-01,control,80,0.119731019070274
2019-10-02,control,80,0.119465461671152
2019-10-03,control,80,0.119771999559904
2019-10-04,control,80,0.119919624328613
2019-10-05,control,80,0.120124761481034
2019-10-06,control,80,0.119973333659925
2019-10-07,control,80,0.11927848815918
2019-10-08,control,80,0.120446452282845
2019-10-09,control,80,0.119954700670744
2019-10-10,control,80,0.120561688071803
2019-10-11,control,80,0.122003157242485
2019-10-12,control,80,0.122910650554456
2019-10-13,control,80,0.123721439963893
2019-10-14,control,80,0.124277750290788
2019-10-15,control,80,0.12418075481214
2019-10-16,control,80,0.123677929727655
2019-10-17,control,80,0.125463646460487
2019-10-18,control,80,0.126359603557181
2019-10-19,control,80,0.127181796621769
2019-10-20,control,80,0.127738856513183
2019-10-21,control,80,0.128301995929919
2019-10-22,control,80,0.129120880588305
2019-10-23,control,80,0.129610194164588
2019-10-24,control,80,0.129703215698379
2019-10-25,control,80,0.130031583685624
2019-10-26,control,80,0.130102634429932
2019-10-27,control,80,0.130111203243858
2019-10-28,control,80,0.129752953178004
2019-10-29,control,80,0.128831011995356
2019-10-30,control,80,0.129500484466553
2019-10-31,control,80,0.130785961151123
2019-11-01,control,80,0.131743080942254
2019-11-02,control,80,0.131442050933838
2019-11-03,control,80,0.131820717460231
2019-11-04,control,80,0.131803356371428
2019-11-05,control,80,0.131217633135241
2019-11-06,control,80,0.132328186035156
2019-11-07,control,80,0.133688430786133
2019-11-08,control,80,0.135606572577294
2019-11-09,control,80,0.145730271991931
2019-11-10,control,80,0.158026542462801
2019-11-11,control,80,0.16583683013916
2019-11-12,control,80,0.177905864715576
2019-11-13,control,80,0.191109884161698
2019-11-14,control,80,0.202980849416632
2019-11-15,control,80,0.210862996219921
2019-11-16,control,80,0.221245307922363
2019-11-17,control,80,0.237410564422607
2019-11-18,control,80,0.261246089935303
2019-11-19,control,80,0.277098311374062
2019-11-20,control,80,0.286762289147628
2019-11-21,control,80,0.292482719421387
2019-11-22,control,80,0.295323522067505
2019-11-23,control,80,0.296513884694953
2019-11-24,control,80,0.297309265136719
2019-11-25,control,80,0.297606334686279
2019-11-26,control,80,0.297639113175242
2019-11-27,control,80,0.297391241575542
2019-11-28,control,80,0.297788181304932
2019-11-29,control,80,0.300111098640843
2019-11-30,control,80,0.310196452090615
2019-12-01,control,80,0.318456459848504
2019-12-02,control,80,0.321777782440186
2019-12-03,control,80,0.323022580799304
2019-12-04,control,80,0.32334472997565
2019-12-05,control,80,0.323336050133956
2019-12-06,control,80,0.323034573203639
2019-12-07,control,80,0.322599430084229
2019-12-08,control,80,0.322029857635498
2019-12-09,control,80,0.321441593170166
2019-12-10,control,80,0.32125664199026
2019-12-11,control,80,0.322390273445531
2019-12-12,control,80,0.323292233517295
2019-12-13,control,80,0.323625318226061
2019-12-14,control,80,0.32526843502647
2019-12-15,control,80,0.335478653957969
2019-12-16,control,80,0.34199658825523
2019-12-17,control,80,0.347646097082841
2019-12-18,control,80,0.351157421915155
2019-12-19,control,80,0.350545930159719
2019-12-20,control,80,0.348804989463405
2019-12-21,control,80,0.347339616467876
2019-12-22,control,80,0.351155490875244
2019-12-23,control,80,0.367646526828889
2019-12-24,control,80,0.371408824920654
2019-12-25,control,80,0.37999188694201
2019-12-26,control,80,0.37567488000748
2019-12-27,control,80,0.375112854606227
2019-12-28,control,80,0.380160147924306
2019-12-29,control,80,0.375592632293701
2019-12-30,control,80,0.371393661900571
2019-12-31,control,80,0.367549057006836
2020-01-01,control,80,0.363737487792969
2020-01-02,control,80,0.360195512658404
2020-01-03,control,80,0.357221151452316
2020-01-04,control,80,0.354832079837197
2020-01-05,control,80,0.352764227013839
2020-01-06,control,80,0.351006840153744
2020-01-07,control,80,0.349460124969482
2020-01-08,control,80,0.347964496612549
2020-01-09,control,80,0.34655159491681
2020-01-10,control,80,0.345217971801758
2020-01-11,control,80,0.344008609570955
2020-01-12,control,80,0.342705846601917
2020-01-13,control,80,0.341558549532832
2020-01-14,control,80,0.340510356082895
2020-01-15,control,80,0.339504440709164
2020-01-16,control,80,0.33858470916748
2020-01-17,control,80,0.337635032453035
2020-01-18,control,80,0.336638336181641
2020-01-19,control,80,0.33586626594945
2020-01-20,control,80,0.335372668818424
2020-01-21,control,80,0.334787650352897
2020-01-22,control,80,0.33401665203680603
2020-01-23,control,80,0.333301811218262
2020-01-24,control,80,0.33261379728926
2020-01-25,control,80,0.331962127685547
2020-01-26,control,80,0.331336018988427
2020-01-27,control,80,0.330655555725098
2020-01-28,control,80,0.329828504709754
2020-01-29,control,80,0.331144350553814
2020-01-30,control,80,0.336832664288973
2020-01-31,control,80,0.341718391851764
2020-02-01,control,80,0.344152521174005
2020-02-02,control,80,0.345912560111598
2020-02-03,control,80,0.385237454084373
2020-02-04,control,80,0.381590774083324
2020-02-05,control,80,0.377083961486816
2020-02-06,control,80,0.37387565673024997
2020-02-07,control,80,0.370754171471847
2020-02-08,control,80,0.367710113324617
2020-02-09,control,80,0.364787621163841
2020-02-10,control,80,0.361944255828857
2020-02-11,control,80,0.359337319672358
2020-02-12,control,80,0.357040868312755
2020-02-13,control,80,0.355072402954102
2020-02-14,control,80,0.35524043856169
2020-02-15,control,80,0.35846774832372
2020-02-16,control,80,0.358717824779993
2020-02-17,control,80,0.357711102873734
2020-02-18,control,80,0.356351926301655
2020-02-19,control,80,0.354756741501316
2020-02-20,control,80,0.353303867985126
2020-02-21,control,80,0.351680281187359
2020-02-22,control,80,0.350100724270469
2020-02-23,control,80,0.348495875509162
2020-02-24,control,80,0.346790771484375
2020-02-25,control,80,0.345113162994385
2020-02-26,control,80,0.34370985335002
2020-02-27,control,80,0.342398948969518
2020-02-28,control,80,0.341234221676123
2020-02-29,control,80,0.340176563463713
2020-03-01,control,80,0.344121343123552
2020-03-02,control,80,0.351108236255197
2020-03-03,control,80,0.354159001729523
2020-03-04,control,80,0.355213256706406
2020-03-05,control,80,0.355784189052614
2020-03-06,control,80,0.360371589660645
2020-03-07,control,80,0.362764857186449
2020-03-08,control,80,0.361973388671875
2020-03-09,control,80,0.360460285387541
2020-03-10,control,80,0.358984621400947
2020-03-11,control,80,0.366767410128808
2020-03-12,control,80,0.378224778283836
2020-03-13,control,80,0.37627763459824
2020-03-14,control,80,0.373570672243466
2020-03-15,control,80,0.370000404614217
2020-03-16,control,80,0.366216556549072
2020-03-17,control,80,0.362521330381695
2020-03-18,control,80,0.359105360221222
2020-03-19,control,80,0.356028468863561
2020-03-20,control,80,0.353306162010782
2020-03-21,control,80,0.350768960963438
2020-03-22,control,80,0.34842010959826
2020-03-23,control,80,0.34632044802214
2020-03-24,control,80,0.344293700471304
2020-03-25,control,80,0.342402627417382
2020-03-26,control,80,0.340529658468146
2020-03-27,control,80,0.338778843327572
2020-03-28,control,80,0.337067407909193
2020-03-29,control,80,0.335372968171772
2020-03-30,control,80,0.333938407897949
2020-03-31,control,80,0.332563507481625
2020-04-01,control,80,0.330888004302979
2020-04-02,control,80,0.329292576036955
2020-04-03,control,80,0.327709939856278
2020-04-04,control,80,0.32610258102417
2020-04-05,control,80,0.324427150927092
2020-04-06,control,80,0.322588483308491
2020-04-07,control,80,0.32084338820608
2020-04-08,control,80,0.318985993435508
2020-04-09,control,80,0.317149505615234
2020-04-10,control,80,0.315324230194092
2020-04-11,control,80,0.313463269886218
2020-04-12,control,80,0.311567566648443
2020-04-13,control,80,0.309616561086554
2020-04-14,control,80,0.307792526646664
2020-04-15,control,80,0.305970250799301
2020-04-16,control,80,0.304014735171669
2020-04-17,control,80,0.301973105085657
2020-04-18,control,80,0.299922585601636
2020-04-19,control,80,0.298066775271767
2020-04-20,control,80,0.296146765056409
2020-04-21,control,80,0.294098720956356
2020-04-22,control,80,0.291800001244796
2020-04-23,control,80,0.289039406826622
2020-04-24,control,80,0.286556029068796
2020-04-25,control,80,0.284236021349507
2020-04-26,control,80,0.282176876068115
2020-04-27,control,80,0.280635063337243
2020-04-28,control,80,0.280777037971898
2020-04-29,control,80,0.280366128419575
2020-04-30,control,80,0.280822639465332
2020-05-01,control,80,0.281894868348774
2020-05-02,control,80,0.281804843099494
2020-05-03,control,80,0.281818094755474
2020-05-04,control,80,0.28177713394165
2020-05-05,control,80,0.282220401763916
2020-05-06,control,80,0.282874575966283
2020-05-07,control,80,0.282689838409424
2020-05-08,control,80,0.282411861419678
2020-05-09,control,80,0.281973327156608
2020-05-10,control,80,0.281556955768216
2020-05-11,control,80,0.281555161475067
2020-05-12,control,80,0.281842478701943
2020-05-13,control,80,0.281856174468994
2020-05-14,control,80,0.281216106414795
2020-05-15,control,80,0.280533880194483
2020-05-16,control,80,0.279797002313988
2020-05-17,control,80,0.278604743154425
2020-05-18,control,80,0.276649219512939
2020-05-19,control,80,0.274278735913728
2020-05-20,control,80,0.271368501362048
2020-05-21,control,80,0.268037563400867
2020-05-22,control,80,0.264021616885537
2020-05-23,control,80,0.26063764652453
2020-05-24,control,80,0.259299545668274
2020-05-25,control,80,0.256532230377197
2020-05-26,control,80,0.25202899040487
2020-05-27,control,80,0.245682505736826
2020-05-28,control,80,0.238350772857666
2020-05-29,control,80,0.229622835058915
2020-05-30,control,80,0.221661666131789
2020-05-31,control,80,0.214462960502736
2020-06-01,control,80,0.205451028924239
2020-06-02,control,80,0.196844215393066
2020-06-03,control,80,0.188993034362793
2020-06-04,control,80,0.186239566802979
2020-06-05,control,80,0.1886110496521
2020-06-06,control,80,0.191324447431062
2020-06-07,control,80,0.191973498896549
2020-06-08,control,80,0.193998489379883
2020-06-09,control,80,0.196193886405543
2020-06-10,control,80,0.197633247576262
2020-06-11,control,80,0.198850536346436
2020-06-12,control,80,0.197874208751478
2020-06-13,control,80,0.19194503432826
2020-06-14,control,80,0.192626595497131
2020-06-15,control,80,0.192717661104704
2020-06-16,control,80,0.191157046368248
2020-06-17,control,80,0.189375185966492
2020-06-18,control,80,0.190069961547852
2020-06-19,control,80,0.189838480949402
2020-06-20,control,80,0.188667863544665
2020-06-21,control,80,0.185306736795526
2020-06-22,control,80,0.180860627965724
2020-06-23,control,80,0.17636604309082
2020-06-24,control,80,0.171807527542114
2020-06-25,control,80,0.167442787070023
2020-06-26,control,80,0.16309823186774
2020-06-27,control,80,0.159072042734332
2020-06-28,control,80,0.155517435073853
2020-06-29,control,80,0.152319046572635
2020-06-30,control,80,0.153718144015262
2020-07-01,control,80,0.153746775480417
2020-07-02,control,80,0.153012110388693
2020-07-03,control,80,0.152015909088083
2020-07-04,control,80,0.150321221351624
2020-07-05,control,80,0.147713460092959
2020-07-06,control,80,0.145167565345764
2020-07-07,control,80,0.142694339250263
2020-07-08,control,80,0.140481057065599
2020-07-09,control,80,0.138317108154297
2020-07-10,control,80,0.136307329319893
2020-07-11,control,80,0.134514451026917
2020-07-12,control,80,0.13608090877533
2020-07-13,control,80,0.13649500227989
2020-07-14,control,80,0.135995427934747
2020-07-15,control,80,0.135227279161152
2020-07-16,control,80,0.134356375242534
2020-07-17,control,80,0.13336690537473
2020-07-18,control,80,0.132052779197693
2020-07-19,control,80,0.130730152130127
2020-07-20,control,80,0.129478811213845
2020-07-21,control,80,0.128272986412048
2020-07-22,control,80,0.127359331532529
2020-07-23,control,80,0.127171940552561
2020-07-24,control,80,0.128235268592834
2020-07-25,control,80,0.128626506203099
2020-07-26,control,80,0.128476279660275
2020-07-27,control,80,0.127888852550137
2020-07-28,control,80,0.12716532983278
2020-07-29,control,80,0.126693297954316
2020-07-30,control,80,0.126260450578505
2020-07-31,control,80,0.125506684836188
2020-08-01,control,80,0.124711607380917
2020-08-02,control,80,0.12412703037262
2020-08-03,control,80,0.123857408573753
2020-08-04,control,80,0.12373007448096
2020-08-05,control,80,0.123218503911444
2020-08-06,control,80,0.122735718927885
2020-08-07,control,80,0.122141337394714
2020-08-08,control,80,0.121507254052669
2020-08-09,control,80,0.120959365621526
2020-08-10,control,80,0.120410298548247
2020-08-11,control,80,0.119851718199881
2020-08-12,control,80,0.119599716788844
2020-08-13,control,80,0.119209361076355
2020-08-14,control,80,0.118933917346754
2020-08-15,control,80,0.11979354925323
2020-08-16,control,80,0.120024466514587
2020-08-17,control,80,0.119306334696318
2020-08-18,control,80,0.120736252885116
2020-08-19,control,80,0.121185708045959
2020-08-20,control,80,0.121321392059326
2020-08-21,control,80,0.121286856532764
2020-08-22,control,80,0.121179564626593
2020-08-23,control,80,0.120892810821533
2020-08-24,control,80,0.120421078079625
2020-08-25,control,80,0.11992748586755
2020-08-26,control,80,0.119486329680995
2020-08-27,control,80,0.119076681137085
2020-08-28,control,80,0.118643967979833
2020-08-29,control,80,0.117061448097229
2020-08-30,control,80,0.117136883735657
2020-08-31,control,80,0.118740562175183
2020-09-01,control,80,0.122572358783923
2020-09-02,control,80,0.131551056661104
2020-09-03,control,80,0.139403841620997
2020-09-04,control,80,0.143179368972778
2020-09-05,control,80,0.144992130932055
2020-09-06,control,80,0.145993966805307
2020-09-07,control,80,0.146529078483582
2020-09-08,control,80,0.146444744252144
2020-09-09,control,80,0.145999693870544
2020-09-10,control,80,0.145176911354065
2020-09-11,control,80,0.143977839570296
2020-09-12,control,80,0.142696501832259
2020-09-13,control,80,0.141224821070407
2020-09-14,control,80,0.139586105752499
2020-09-15,control,80,0.137894631686964
2020-09-16,control,80,0.136316061019897
2020-09-17,control,80,0.134874606132507
2020-09-18,control,80,0.133490890693024
2020-09-19,control,80,0.132399066032902
2020-09-20,control,80,0.13140526068838
2020-09-21,control,80,0.130548450635827
2020-09-22,control,80,0.129652383452968
2020-09-23,control,80,0.12859327165704
2020-09-24,control,80,0.128481321585806
2020-09-25,control,80,0.12800829410553
2020-09-26,control,80,0.12713395394777
2020-09-27,control,80,0.12814591232099
2020-09-28,control,80,0.128646913902464
2020-09-29,control,80,0.128711369932032
2020-09-30,control,80,0.129559596892326
2020-10-01,control,80,0.130348885840076
2020-10-02,control,80,0.130682540415116
2020-10-03,control,80,0.129078245162964
2020-10-04,control,80,0.13063011323252
2020-10-05,control,80,0.132529439824693
2020-10-06,control,80,0.136099941866662
2020-10-07,control,80,0.142424670018648
2020-10-08,control,80,0.148895419271369
2020-10-09,control,80,0.152417556401627
2020-10-10,control,80,0.154861297858389
2020-10-11,control,80,0.156781408127318
2020-10-12,control,80,0.157869184142665
2020-10-13,control,80,0.158549952916111
2020-10-14,control,80,0.159334891218888
2020-10-15,control,80,0.160256140421646
2020-10-16,control,80,0.160997200012207
2020-10-17,control,80,0.161553138180783
2020-10-18,control,80,0.161999027064239
2020-10-19,control,80,0.162408689699675
2020-10-20,control,80,0.162679579885382
2020-10-21,control,80,0.162617226901807
2020-10-22,control,80,0.163000544999775
2020-10-23,control,80,0.16305753448358
2020-10-24,control,80,0.162796004445929
2020-10-25,control,80,0.164211914611423
2020-10-26,control,80,0.164166608262569
2020-10-27,control,80,0.164468127133553
2020-10-28,control,80,0.166814712687113
2020-10-29,control,80,0.16833901016733
2020-10-30,control,80,0.169997029217212
2020-10-31,control,80,0.171593670732898
2020-11-01,control,80,0.173256020862726
2020-11-02,control,80,0.175036283543235
2020-11-03,control,80,0.176789983626335
2020-11-04,control,80,0.17888046566992
2020-11-05,control,80,0.181097374164795
2020-11-06,control,80,0.183244404347866
2020-11-07,control,80,0.185483648418816
2020-11-08,control,80,0.187604588394336
2020-11-09,control,80,0.189674838115227
2020-11-10,control,80,0.19176926612854
2020-11-11,control,80,0.193727105827994
2020-11-12,control,80,0.19556429644392
2020-11-13,control,80,0.197319985450582
2020-11-14,control,80,0.198833456520004
2020-11-15,control,80,0.20006356389899
2020-11-16,control,80,0.200854063508604
2020-11-17,control,80,0.202158183779877
2020-11-18,control,80,0.203272366523743
2020-11-19,control,80,0.204258428754741
2020-11-20,control,80,0.204854915320708
2020-11-21,control,80,0.205367619433302
2020-11-22,control,80,0.206388874886952
2020-11-23,control,80,0.207310829413565
2020-11-24,control,80,0.20806579162132
2020-11-25,control,80,0.208796148604535
2020-11-26,control,80,0.209479442070635
2020-11-27,control,80,0.210216183605745
2020-11-28,control,80,0.210848931262368
2020-11-29,control,80,0.211385972956394
2020-11-30,control,80,0.212080159729729
2020-12-01,control,80,0.212562737966839
2020-12-02,control,80,0.213049925001044
2020-12-03,control,80,0.213452467005304
2020-12-04,control,80,0.213739834333721
2020-12-05,control,80,0.213508419959521
2020-12-06,control,80,0.211431267324431
2020-12-07,control,80,0.210646424185518
2020-12-08,control,80,0.211049989650124
2020-12-09,control,80,0.211442626753087
2020-12-10,control,80,0.212395831879149
2020-12-11,control,80,0.213144946972385
2020-12-12,control,80,0.214057487211117
2020-12-13,control,80,0.214281752420508
2020-12-14,control,80,0.215080574613202
2020-12-15,control,80,0.216735540950238
2020-12-16,control,80,0.218847272298788
2020-12-17,control,80,0.221567794325913
2020-12-18,control,80,0.224640177030679
2020-12-19,control,80,0.227676577546231
2020-12-20,control,80,0.230436761821117
2020-12-21,control,80,0.232701476247687
2020-12-22,control,80,0.233895899056143
2020-12-23,control,80,0.236246890854235
2020-12-24,control,80,0.240413458427503
2020-12-25,control,80,0.24497471305336
2020-12-26,control,80,0.251367818783939
2020-12-27,control,80,0.256229286779437
2020-12-28,control,80,0.261557482418261
2020-12-29,control,80,0.267851147712251
2020-12-30,control,80,0.273355633777419
2020-12-31,control,80,0.277365346920008
2021-01-01,control,80,0.276557215439646
2021-01-02,control,80,0.278895990563189
2021-01-03,control,80,0.280644293897864
2021-01-04,control,80,0.281910784888464
2021-01-05,control,80,0.282964952143985
2021-01-06,control,80,0.283814710862914
2021-01-07,control,80,0.284465638235397
2021-01-08,control,80,0.284956640194405
2021-01-09,control,80,0.285310113201243
2021-01-10,control,80,0.285560553947908
2021-01-11,control,80,0.286006396086703
2021-01-12,control,80,0.286381111248942
2021-01-13,control,80,0.286047029800717
2021-01-14,control,80,0.28550083892627
2021-01-15,control,80,0.286075122067058
2021-01-16,control,80,0.291450665600472
2021-01-17,control,80,0.300955394330403
2021-01-18,control,80,0.308501521165069
2021-01-19,control,80,0.312607691087788
2021-01-20,control,80,0.314731551016215
2021-01-21,control,80,0.315652836886366
2021-01-22,control,80,0.317469852899621
2021-01-23,control,80,0.322476889613053
2021-01-24,control,80,0.3281916239511
2021-01-25,control,80,0.3305992941599
2021-01-26,control,80,0.331328515719732
2021-01-27,control,80,0.331406742055869
2021-01-28,control,80,0.344650284658809
2021-01-29,control,80,0.399419804733121
2021-01-30,control,80,0.408351380533923
2021-01-31,control,80,0.405687145067336
2021-02-01,control,80,0.403737120634686
2021-02-02,control,80,0.406039580788455
2021-02-03,control,80,0.406553733423106
2021-02-04,control,80,0.405138421301564
2021-02-05,control,80,0.391527150179492
2021-02-06,control,80,0.382824492626468
2021-02-07,control,80,0.377578427565761
2021-02-08,control,80,0.373224474621501
2021-02-09,control,80,0.369382557276358
2021-02-10,control,80,0.365939077732739
2021-02-11,control,80,0.362713840329189
2021-02-12,control,80,0.35986869680569
2021-02-13,control,80,0.357560750408315
2021-02-14,control,80,0.355467003178939
2021-02-15,control,80,0.353733531017871
2021-02-16,control,80,0.352117322327154
2021-02-17,control,80,0.350674259126507
2021-02-18,control,80,0.34932497430355
2021-02-19,control,80,0.347917237844606
2021-02-20,control,80,0.346453030692592
2021-02-21,control,80,0.345010447029037
2021-02-22,control,80,0.343537290030719
2021-02-23,control,80,0.342043018929274
2021-02-24,control,80,0.340589582592087
2021-02-25,control,80,0.339083589432087
2021-02-26,control,80,0.337597440327772
2021-02-27,control,80,0.336166355426495
2021-02-28,control,80,0.334763008923716
2021-03-01,control,80,0.3334885565677
2021-03-02,control,80,0.332163232208746
2021-03-03,control,80,0.330868932952151
2021-03-04,control,80,0.32957760542966
2021-03-05,control,80,0.328261226705938
2021-03-06,control,80,0.326926051752421
2021-03-07,control,80,0.325725685289514
2021-03-08,control,80,0.324559190577547
2021-03-09,control,80,0.323531855414895
2021-03-10,control,80,0.322414007601531
2021-03-11,control,80,0.321107075741417
2021-03-12,control,80,0.319952608856346
2021-03-13,control,80,0.31884636150768503
2021-03-14,control,80,0.318205865601543
2021-03-15,control,80,0.317374529989751
2021-03-16,control,80,0.31681629186963
2021-03-17,control,80,0.316707538142935
2021-03-18,control,80,0.316574112709664
2021-03-19,control,80,0.316341456141361
2021-03-20,control,80,0.316145699980677
2021-03-21,control,80,0.315998734221948
2021-03-22,control,80,0.315673672219981
2021-03-23,control,80,0.315197837432129
2021-03-24,control,80,0.314486597237507
2021-03-25,control,80,0.313493822115494
2021-03-26,control,80,0.312520637290075
2021-03-27,control,80,0.311933291228416
2021-03-28,control,80,0.311179511169019
2021-03-29,control,80,0.310053409788213
2021-03-30,control,80,0.308769646108128
2021-03-31,control,80,0.307435977812736
2021-04-01,control,80,0.306081016247089
2021-04-02,control,80,0.304757318804341
2021-04-03,control,80,0.303630707498943
2021-04-04,control,80,0.302592803955078
2021-04-05,control,80,0.301463028715656
2021-04-06,control,80,0.30033165704812
2021-04-07,control,80,0.299892436326505
2021-04-08,control,80,0.299465775106322
2021-04-09,control,80,0.298410741170247
2021-04-10,control,80,0.29690018985146
2021-04-11,control,80,0.295098569040299
2021-04-12,control,80,0.293804199990262
2021-04-13,control,80,0.292774880468163
2021-04-14,control,80,0.291803809208426
2021-04-15,control,80,0.290986918107763
2021-04-16,control,80,0.289936363155481
2021-04-17,control,80,0.288647595682452
2021-04-18,control,80,0.287128615748939
2021-04-19,control,80,0.285446303974498
2021-04-20,control,80,0.283375798441754
2021-04-21,control,80,0.281165901364086
2021-04-22,control,80,0.279093828376845
2021-04-23,control,80,0.276463992077371
2021-04-24,control,80,0.273398935953776
2021-04-25,control,80,0.270197428335712
2021-04-26,control,80,0.268213036518132
2021-04-27,control,80,0.266068843841553
2021-04-28,control,80,0.262424917215164
2021-04-29,control,80,0.262381138048674
2021-04-30,control,80,0.262718477046236
2021-05-01,control,80,0.263076827309348
2021-05-02,control,80,0.262566049243757
2021-05-03,control,80,0.261301328836665
2021-05-04,control,80,0.26019909803877
2021-05-05,control,80,0.259623789365723
2021-05-06,control,80,0.259142696156221
2021-05-07,control,80,0.259046372617229
2021-05-08,control,80,0.258995315134767
2021-05-09,control,80,0.258823878639623
2021-05-10,control,80,0.259990192936695
2021-05-11,control,80,0.262354381007928
2021-05-12,control,80,0.26322279018341
2021-05-13,control,80,0.263935253057587
2021-05-14,control,80,0.26498158498396
2021-05-15,control,80,0.267349109716583
2021-05-16,control,80,0.270077445434783
2021-05-17,control,80,0.274150693343733
2021-05-18,control,80,0.289399833698629
2021-05-19,control,80,0.301494180470826
2021-05-20,control,80,0.306594182867753
2021-05-21,control,80,0.308398948401609
2021-05-22,control,80,0.307892103370112
2021-05-23,control,80,0.307835503163985
2021-05-24,control,80,0.307900192888969
2021-05-25,control,80,0.307077044646309
2021-05-26,control,80,0.305452939813787
2021-05-27,control,80,0.303881212273779
2021-05-28,control,80,0.301819470254998
2021-05-29,control,80,0.299917830277362
2021-05-30,control,80,0.297471952438355
2021-05-31,control,80,0.294536284087807
2021-06-01,control,80,0.291239399558619
2021-06-02,control,80,0.288530773162842
2021-06-03,control,80,0.286043023946836
2021-06-04,control,80,0.282218940404558
2021-06-05,control,80,0.280585935776117
2021-06-06,control,80,0.278843638030584
2021-06-07,control,80,0.276555637066181
2021-06-08,control,80,0.275579611247327
2021-06-09,control,80,0.273563905855163
2021-06-10,control,80,0.269522757810705
2021-06-11,control,80,0.264316050846331
2021-06-12,control,80,0.258920823471689
2021-06-13,control,80,0.252699569984086
2021-06-14,control,80,0.244871332938211
2021-06-15,control,80,0.235456917252168
2021-06-16,control,80,0.223597051180326
2021-06-17,control,80,0.21016411128797
2021-06-18,control,80,0.196507726213983
2021-06-19,control,80,0.185548007640433
2021-06-20,control,80,0.175965327162724
2021-06-21,control,80,0.169074578511539
2021-06-22,control,80,0.164198169456364
2021-06-23,control,80,0.163245750114819
2021-06-24,control,80,0.165009289736324
2021-06-25,control,80,0.16624376259433
2021-06-26,control,80,0.165691176256188
2021-06-27,control,80,0.163851929996595
2021-06-28,control,80,0.161539281830953
2021-06-29,control,80,0.16094523540763
2021-06-30,control,80,0.160311972590824
2021-07-01,control,80,0.159282185962746
2021-07-02,control,80,0.156876593969692
2021-07-03,control,80,0.153598098494633
2021-07-04,control,80,0.153913732509852
2021-07-05,control,80,0.152043362063946
2021-07-06,control,80,0.148313365191838
2021-07-07,control,80,0.147433008829753
2021-07-08,control,80,0.148817879180613
2021-07-09,control,80,0.148971798880058
2021-07-10,control,80,0.151040495081519
2021-07-11,control,80,0.152951556869521
2021-07-12,control,80,0.154774383802515
2021-07-13,control,80,0.154719728990035
2021-07-14,control,80,0.15810226949056
2021-07-15,control,80,0.166281284563937
2021-07-16,control,80,0.23437984350218
2021-07-17,control,80,0.314393468691362
2021-07-18,control,80,0.319044748432567
2021-07-19,control,80,0.316473334676746
2021-07-20,control,80,0.313157922571356
2021-07-21,control,80,0.30950208498084
2021-07-22,control,80,0.305504560674786
2021-07-23,control,80,0.30123040690302
2021-07-24,control,80,0.297056688269434
2021-07-25,control,80,0.29299513731723
2021-07-26,control,80,0.289257344949183
2021-07-27,control,80,0.285766173087755
2021-07-28,control,80,0.283172745018675
2021-07-29,control,80,0.279570237751138
2021-07-30,control,80,0.276283173994585
2021-07-31,control,80,0.273753864981911
2021-08-01,control,80,0.271907618402386
2021-08-02,control,80,0.269624740877987
2021-08-03,control,80,0.266922241673604
2021-08-04,control,80,0.267156036942769
2021-08-05,control,80,0.266169545027033
2021-08-06,control,80,0.262666387469236
2021-08-07,control,80,0.259943442659515
2021-08-08,control,80,0.258635639470729
2021-08-09,control,80,0.256198952797679
2021-08-10,control,80,0.253089618753479
2021-08-11,control,80,0.250007074733706
2021-08-12,control,80,0.245850571081774
2021-08-13,control,80,0.241917170365689
2021-08-14,control,80,0.239202912905921
2021-08-15,control,80,0.235144826722783
2021-08-16,control,80,0.231557411561221
2021-08-17,control,80,0.229286856898753
2021-08-18,control,80,0.225338242844351
2021-08-19,control,80,0.219887974253872
2021-08-20,control,80,0.213167579650879
2021-08-21,control,80,0.204388071562115
2021-08-22,control,80,0.196930765245957
2021-08-23,control,80,0.191206531518415
2021-08-24,control,80,0.181622220295326
2021-08-25,control,80,0.17333024900726
2021-08-26,control,80,0.16684661841022
2021-08-27,control,80,0.16082407157018
2021-08-28,control,80,0.155422559527395
2021-08-29,control,80,0.151571997016191
2021-08-30,control,80,0.148047790192721
2021-08-31,control,80,0.145298114056724
2021-09-01,control,80,0.142763731214735
2021-09-02,control,80,0.140650605370017
2021-09-03,control,80,0.13874040195913
2021-09-04,control,80,0.137121348298466
2021-09-05,control,80,0.135840204915693
2021-09-06,control,80,0.134610998092159
2021-09-07,control,80,0.133399059589093
2021-09-08,control,80,0.132085431006647
2021-09-09,control,80,0.130750543940539
2021-09-10,control,80,0.130125245211417
2021-09-11,control,80,0.130543641435339
2021-09-12,control,80,0.131605735578035
2021-09-13,control,80,0.132267191950189
2021-09-14,control,80,0.13250067030563
2021-09-15,control,80,0.132737278571496
2021-09-16,control,80,0.133268934396597
2021-09-17,control,80,0.134162554489939
2021-09-18,control,80,0.134866141670629
2021-09-19,control,80,0.135719571364553
2021-09-20,control,80,0.137567463989776
2021-09-21,control,80,0.139041587464547
2021-09-22,control,80,0.140249868879434
2021-09-23,control,80,0.141318968722695
2021-09-24,control,80,0.142124032425977
2021-09-25,control,80,0.142632360829467
2021-09-26,control,80,0.143460156089381
2021-09-27,control,80,0.144152633338454
2021-09-28,control,80,0.144215507507324
2021-09-29,control,80,0.144097303278306
2021-09-30,control,80,0.143739258488113
2021-10-01,control,80,0.143145325274435
2021-10-02,control,80,0.142493220504523
2021-10-03,control,80,0.141566722816678
2021-10-04,control,80,0.141768480802837
2021-10-05,control,80,0.142577182926903
2021-10-06,control,80,0.143273316826373
2021-10-07,control,80,0.143863086700439
2021-10-08,control,80,0.144326011849759
2021-10-09,control,80,0.144784975772046
2021-10-10,control,80,0.145127736944901
2021-10-11,control,80,0.145152636078195
2021-10-12,control,80,0.144925578872213
2021-10-13,control,80,0.144683476626498
2021-10-14,control,80,0.143788089718033
2021-10-15,control,80,0.14324465408011
2021-10-16,control,80,0.142739277476268
2021-10-17,control,80,0.142188764799293
2021-10-18,control,80,0.141536104288811
2021-10-19,control,80,0.140757619521197
2021-10-20,control,80,0.139955895767814
2021-10-21,control,80,0.139340293281957
2021-10-22,control,80,0.139989295576178
2021-10-23,control,80,0.140421352335213
2021-10-24,control,80,0.140495081967747
2021-10-25,control,80,0.140443515978361
2021-10-26,control,80,0.140390544635034
2021-10-27,control,80,0.140371901034387
2021-10-28,control,80,0.140211827120392
2021-10-29,control,80,0.139678941589154
2021-10-30,control,80,0.138993616071094
2021-10-31,control,80,0.138580289329976
2021-11-01,control,80,0.138051023820473
2021-11-02,control,80,0.138736323420097
2021-11-03,control,80,0.139709283856448
2021-11-04,control,80,0.140430416386437
2021-11-05,control,80,0.141231083769629
2021-11-06,control,80,0.141988474542831
2021-11-07,control,80,0.142710687804486
2021-11-08,control,80,0.143375898808305
2021-11-09,control,80,0.1440174217486
2021-11-10,control,80,0.144211430215726
2021-11-11,control,80,0.14431768648367
2021-11-12,control,80,0.144711050388334
2021-11-13,control,80,0.14506874507714
2021-11-14,control,80,0.145599140529456
2021-11-15,control,80,0.146194219257653
2021-11-16,control,80,0.146646771221622
2021-11-17,control,80,0.147169251955565
2021-11-18,control,80,0.147598240720619
2021-11-19,control,80,0.147926450751367
2021-11-20,control,80,0.14839193918027
2021-11-21,control,80,0.148821928325452
2021-11-22,control,80,0.14926015532916
2021-11-23,control,80,0.149621513501972
2021-11-24,control,80,0.150001847170891
2021-11-25,control,80,0.150412441577989
2021-11-26,control,80,0.150472121505679
2021-11-27,control,80,0.151004434138394
2021-11-28,control,80,0.151369085251502
2021-11-29,control,80,0.151693424998641
2021-11-30,control,80,0.152065671459784
2021-12-01,control,80,0.152422126184457
2021-12-02,control,80,0.152648348941018
2021-12-03,control,80,0.153076977195281
2021-12-04,control,80,0.153793336209357
2021-12-05,control,80,0.157090764937862
2021-12-06,control,80,0.167121907074882
2021-12-07,control,80,0.172647569837923
2021-12-08,control,80,0.175051273590367
2021-12-09,control,80,0.176519072829251
2021-12-10,control,80,0.180418549083369
2021-12-11,control,80,0.183950541364782
2021-12-12,control,80,0.18687409965774399
2021-12-13,control,80,0.189618912956448
2021-12-14,control,80,0.191752767488386
2021-12-15,control,80,0.193465278494549
2021-12-16,control,80,0.195138660320134
2021-12-17,control,80,0.196701929503067
2021-12-18,control,80,0.198819757457183
2021-12-19,control,80,0.202531888381295
2021-12-20,control,80,0.208058535726447
2021-12-21,control,80,0.214415672703793
2021-12-22,control,80,0.220367659652442
2021-12-23,control,80,0.225036722329947
2021-12-24,control,80,0.228335169092514
2021-12-25,control,80,0.230624081615494
2021-12-26,control,80,0.232947841423455
2021-12-27,control,80,0.234791982380666
2021-12-28,control,80,0.240688182983041
2021-12-29,control,80,0.313221747724878
2021-12-30,control,80,0.378135714413048
2021-12-31,control,80,0.37523243207484003
2022-01-01,control,80,0.370203904196686
2022-01-02,control,80,0.365523367910145
2022-01-03,control,80,0.361252772130975
2022-01-04,control,80,0.357503077541312
2022-01-05,control,80,0.354526634362803
2022-01-06,control,80,0.352649433931486
2022-01-07,control,80,0.351290676317717
2022-01-08,control,80,0.349812727384233
2022-01-09,control,80,0.348302608021519
2022-01-10,control,80,0.34696267583055
2022-01-11,control,80,0.346029324965837
2022-01-12,control,80,0.345283053846094
2022-01-13,control,80,0.344420321146647
2022-01-14,control,80,0.343418953312553
2022-01-15,control,80,0.34229101664712003
2022-01-16,control,80,0.341179290184608
2022-01-17,control,80,0.340147483042277
2022-01-18,control,80,0.339108422565242
2022-01-19,control,80,0.338086627613414
2022-01-20,control,80,0.337037204395641
2022-01-21,control,80,0.336143593937599
2022-01-22,control,80,0.335340051952161
2022-01-23,control,80,0.334557258873655
2022-01-24,control,80,0.333790665321505
2022-01-25,control,80,0.333033749124278
2022-01-26,control,80,0.332290998512917
2022-01-27,control,80,0.331585802343123
2022-01-28,control,80,0.33088210231887
2022-01-29,control,80,0.330201429328455
2022-01-30,control,80,0.329510439022074
2022-01-31,control,80,0.328730406925596
2022-02-01,control,80,0.327944284091594
2022-02-02,control,80,0.32716902949839
2022-02-03,control,80,0.332616622106266
2022-02-04,control,80,0.341002834583151
2022-02-05,control,80,0.345340462655449
2022-02-06,control,80,0.34675778582074
2022-02-07,control,80,0.348831132420698
2022-02-08,control,80,0.352984135404546
2022-02-09,control,80,0.354139811851371
2022-02-10,control,80,0.353685636987402
2022-02-11,control,80,0.352755128866881
2022-02-12,control,80,0.351487502137892
2022-02-13,control,80,0.350324585004641
2022-02-14,control,80,0.349028926051967
2022-02-15,control,80,0.347757361057233
2022-02-16,control,80,0.346646838415972
2022-02-17,control,80,0.345872281886974
2022-02-18,control,80,0.346374818867651
2022-02-19,control,80,0.346650310704178
2022-02-20,control,80,0.346304030226918
2022-02-21,control,80,0.345693981894942
2022-02-22,control,80,0.344898567933569
2022-02-23,control,80,0.343952259936955
2022-02-24,control,80,0.342834630454914
2022-02-25,control,80,0.341767006328725
2022-02-26,control,80,0.340636874112216
2022-02-27,control,80,0.339578802244833
2022-02-28,control,80,0.338660090800082
2022-03-01,control,80,0.337699127657802
2022-03-02,control,80,0.336693905741081
2022-03-03,control,80,0.335614498950545
2022-03-04,control,80,0.334497195039201
2022-03-05,control,80,0.333459932907768
2022-03-06,control,80,0.332482970880687
2022-03-07,control,80,0.331593557250925
2022-03-08,control,80,0.330696304061039
2022-03-09,control,80,0.329784542255187
2022-03-10,control,80,0.328740295343232
2022-03-11,control,80,0.327558568421646
2022-03-12,control,80,0.326358848571777
2022-03-13,control,80,0.325047896536778
2022-03-14,control,80,0.323728538535966
2022-03-15,control,80,0.32261852987189
2022-03-16,control,80,0.321510519205317
2022-03-17,control,80,0.320248040935722
2022-03-18,control,80,0.319022668691782
2022-03-19,control,80,0.317631468517236
2022-03-20,control,80,0.316022244277219
2022-03-21,control,80,0.314433362169566
2022-03-22,control,80,0.312838143568773
2022-03-23,control,80,0.311247670491536
2022-03-24,control,80,0.309723759295161
2022-03-25,control,80,0.308178380195131
2022-03-26,control,80,0.306586154371928
2022-03-27,control,80,0.30483574513639
2022-03-28,control,80,0.303105748494466
2022-03-29,control,80,0.301372882843018
2022-03-30,control,80,0.30000844113477
2022-03-31,control,80,0.299051632076451
2022-04-01,control,80,0.298334202793325
2022-04-02,control,80,0.298096502860767
2022-04-03,control,80,0.297550624335093
2022-04-04,control,80,0.296604216624688
2022-04-05,control,80,0.294995453777337
2022-04-06,control,80,0.293234583110901
2022-04-07,control,80,0.292353110865543
2022-04-08,control,80,0.292272563880185
2022-04-09,control,80,0.293726646390719
2022-04-10,control,80,0.294677184566375
2022-04-11,control,80,0.29437624207037
2022-04-12,control,80,0.293642328945721
2022-04-13,control,80,0.29281770664841
2022-04-14,control,80,0.291839483853044
2022-04-15,control,80,0.29076839981388
2022-04-16,control,80,0.289630503671211
2022-04-17,control,80,0.288171912221456
2022-04-18,control,80,0.286879461885323
2022-04-19,control,80,0.285295459613465
2022-04-20,control,80,0.283387587154941
2022-04-21,control,80,0.281612409331165
2022-04-22,control,80,0.2795588065073
2022-04-23,control,80,0.277463210842379
2022-04-24,control,80,0.276145393365105
2022-04-25,control,80,0.275651429556829
2022-04-26,control,80,0.274536730479235
2022-04-27,control,80,0.272215556238596
2022-04-28,control,80,0.269164097378286
2022-04-29,control,80,0.26566343794089
2022-04-30,control,80,0.263040135023523
2022-05-01,control,80,0.261441791605666
2022-05-02,control,80,0.257595214747728
2022-05-03,control,80,0.254327285556152
2022-05-04,control,80,0.251934137171405
2022-05-05,control,80,0.25163832339391
2022-05-06,control,80,0.251267062951487
2022-05-07,control,80,0.24810892565173
2022-05-08,control,80,0.24354468044158
2022-05-09,control,80,0.23861504384091
2022-05-10,control,80,0.232509200862098
2022-05-11,control,80,0.225553328196208
2022-05-12,control,80,0.218366785916415
2022-05-13,control,80,0.210929552497593
2022-05-14,control,80,0.203522444632821
2022-05-15,control,80,0.196784354087138
2022-05-16,control,80,0.193708068847656
2022-05-17,control,80,0.192775798663758
2022-05-18,control,80,0.189690080955004
2022-05-19,control,80,0.185635688840789
2022-05-20,control,80,0.180955921741242
2022-05-21,control,80,0.175040459436728
2022-05-22,control,80,0.169149869854941
2022-05-23,control,80,0.164307539370038
2022-05-24,control,80,0.161145489432595
2022-05-25,control,80,0.158133281841613
2022-05-26,control,80,0.15413591068349
2022-05-27,control,80,0.150239161173503
2022-05-28,control,80,0.146951322140901
2022-05-29,control,80,0.144056990305583
2022-05-30,control,80,0.141842326474993
2022-05-31,control,80,0.140402906408721
2022-06-01,control,80,0.140875578160872
2022-06-02,control,80,0.142548430462451
2022-06-03,control,80,0.144053633596969
2022-06-04,control,80,0.144776481127751
2022-06-05,control,80,0.144839976155166
2022-06-06,control,80,0.145022278391581
2022-06-07,control,80,0.144716727499182
2022-06-08,control,80,0.144567589071878
2022-06-09,control,80,0.14447777859918
2022-06-10,control,80,0.143234106721606
2022-06-11,control,80,0.141468685559798
2022-06-12,control,80,0.139706379680811
2022-06-13,control,80,0.138141590118408
2022-06-14,control,80,0.136579494476318
2022-06-15,control,80,0.134971776816558
2022-06-16,control,80,0.133428735431872
2022-06-17,control,80,0.131955872411313
2022-06-18,control,80,0.130291191224129
2022-06-19,control,80,0.12870253337903
2022-06-20,control,80,0.127276084320927
2022-06-21,control,80,0.126084916989502
2022-06-22,control,80,0.125420011588088
2022-06-23,control,80,0.125093434754654
2022-06-24,control,80,0.126188623664084
2022-06-25,control,80,0.126501129813816
2022-06-26,control,80,0.126265410629245
2022-06-27,control,80,0.125662256322979
2022-06-28,control,80,0.125834376151102
2022-06-29,control,80,0.126947417258652
2022-06-30,control,80,0.128183883320202
2022-07-01,control,80,0.129205115774403
2022-07-02,control,80,0.130191293458132
2022-07-03,control,80,0.130535954624774
2022-07-04,control,80,0.130584909714764
2022-07-05,control,80,0.130737291087275
2022-07-06,control,80,0.132049427557571
2022-07-07,control,80,0.133556081081959
2022-07-08,control,80,0.134601856231689
2022-07-09,control,80,0.134914677469354
2022-07-10,control,80,0.134594041188558
2022-07-11,control,80,0.13404366549323601
2022-07-12,control,80,0.133264049183239
2022-07-13,control,80,0.132166712062079
2022-07-14,control,80,0.130828045812146
2022-07-15,control,80,0.129342832979949
2022-07-16,control,80,0.128007828256358
2022-07-17,control,80,0.126704401536421
2022-07-18,control,80,0.125411835865802
2022-07-19,control,80,0.124182084265967
2022-07-20,control,80,0.123161653316694
2022-07-21,control,80,0.122495928544265
2022-07-22,control,80,0.121723599530425
2022-07-23,control,80,0.120958557128906
2022-07-24,control,80,0.120278964096241
2022-07-25,control,80,0.119454786778973
2022-07-26,control,80,0.118759028116862
2022-07-27,control,80,0.118141663964721
2022-07-28,control,80,0.117449512481689
2022-07-29,control,80,0.116986304063063
2022-07-30,control,80,0.116636007900896
2022-07-31,control,80,0.116094496695049
2022-08-01,control,80,0.115574678855278
2022-08-02,control,80,0.115084244927695
2022-08-03,control,80,0.114522379543004
2022-08-04,control,80,0.114038121453647
2022-08-05,control,80,0.113516105427462
2022-08-06,control,80,0.113581852290941
2022-08-07,control,80,0.114139327601383
2022-08-08,control,80,0.114376971742183
2022-08-09,control,80,0.11446201833089199
2022-08-10,control,80,0.114446719242976
2022-08-11,control,80,0.114258967689846
2022-08-12,control,80,0.113950099945068
2022-08-13,control,80,0.113587724245512
2022-08-14,control,80,0.113232275439847
2022-08-15,control,80,0.112870391498912
2022-08-16,control,80,0.11257781932665
2022-08-17,control,80,0.112332071413732
2022-08-18,control,80,0.112262444228269
2022-08-19,control,80,0.112437948673329
2022-08-20,control,80,0.11269405766537299
2022-08-21,control,80,0.113036343089321
2022-08-22,control,80,0.113358188227603
2022-08-23,control,80,0.113463740967868
2022-08-24,control,80,0.11347730807367
2022-08-25,control,80,0.113269460487959
2022-08-26,control,80,0.131885491032754
2022-08-27,control,80,0.161352238033129
2022-08-28,control,80,0.157414305965296
2022-08-29,control,80,0.153878746244283
2022-08-30,control,80,0.150268864838973
2022-08-31,control,80,0.146937929666171
2022-09-01,control,80,0.143332154217888
2022-09-02,control,80,0.139557453222442
2022-09-03,control,80,0.136175961927934
2022-09-04,control,80,0.133163333972227
2022-09-05,control,80,0.130048936101989
2022-09-06,control,80,0.12740060366117
2022-09-07,control,80,0.125658233642578
2022-09-08,control,80,0.124567599185677
2022-09-09,control,80,0.12483183799906
2022-09-10,control,80,0.125432575334112
2022-09-11,control,80,0.125797691946609
2022-09-12,control,80,0.125834898868298
2022-09-13,control,80,0.125641625586976
2022-09-14,control,80,0.125354684840097
2022-09-15,control,80,0.125054190916174
2022-09-16,control,80,0.124603185017904
2022-09-17,control,80,0.123878723360749
2022-09-18,control,80,0.123012700623284
2022-09-19,control,80,0.122206030228559
2022-09-20,control,80,0.121392719923005
2022-09-21,control,80,0.120664505794131
2022-09-22,control,80,0.119934844970703
2022-09-23,control,80,0.119338992732068
2022-09-24,control,80,0.118917781331362
2022-09-25,control,80,0.118899357377437
2022-09-26,control,80,0.118832330836806
2022-09-27,control,80,0.118770074208577
2022-09-28,control,80,0.118346690194649
2022-09-29,control,80,0.118471346209126
2022-09-30,control,80,0.119348947351629
2022-10-01,control,80,0.120079439469037
2022-10-02,control,80,0.120272802252519
2022-10-03,control,80,0.121552540705754
2022-10-04,control,80,0.122815743911937
2022-10-05,control,80,0.12399995803833
2022-10-06,control,80,0.125300186053378
2022-10-07,control,80,0.126566478729248
2022-10-08,control,80,0.127977413447496
2022-10-09,control,80,0.129415905292218
2022-10-10,control,80,0.130748664592874
2022-10-11,control,80,0.13181159628443
2022-10-12,control,80,0.132751836533862
2022-10-13,control,80,0.133568534851074
2022-10-14,control,80,0.134535916970977
2022-10-15,control,80,0.135515552906508
2022-10-16,control,80,0.135926904477571
2022-10-17,control,80,0.135999466439952
2022-10-18,control,80,0.135898721114449
2022-10-19,control,80,0.135706694176857
2022-10-20,control,80,0.135671953429834
2022-10-21,control,80,0.136075360804654
2022-10-22,control,80,0.136587063117679
2022-10-23,control,80,0.137007660498986
2022-10-24,control,80,0.137757178580713
2022-10-25,control,80,0.137571236304395
2022-10-26,control,80,0.138675239046823
2022-10-27,control,80,0.141961604408596
2022-10-28,control,80,0.148700195745373
2022-10-29,control,80,0.154238083419852
2022-10-30,control,80,0.157226123190407
2022-10-31,control,80,0.158854689964881
2022-11-01,control,80,0.160294612670795
2022-11-02,control,80,0.161410281969153
2022-11-03,control,80,0.162454285134006
2022-11-04,control,80,0.163228726244987
2022-11-05,control,80,0.164398268422773
2022-11-06,control,80,0.165656449178631
2022-11-07,control,80,0.167404133228774
2022-11-08,control,80,0.169382543149202
2022-11-09,control,80,0.171377793918254
2022-11-10,control,80,0.173650118166762
2022-11-11,control,80,0.175392036437988
2022-11-12,control,80,0.1767300556017
2022-11-13,control,80,0.178000874787774
2022-11-14,control,80,0.177596278286437
2022-11-15,control,80,0.178067493367859
2022-11-16,control,80,0.179512590963306
2022-11-17,control,80,0.181554256233912
2022-11-18,control,80,0.183493543504188
2022-11-19,control,80,0.186442543280334
2022-11-20,control,80,0.190795234023808
2022-11-21,control,80,0.195569756712508
2022-11-22,control,80,0.200688631719259
2022-11-23,control,80,0.207354275352076
2022-11-24,control,80,0.212502610786498
2022-11-25,control,80,0.217592695772756
2022-11-26,control,80,0.22159081155462
2022-11-27,control,80,0.224931385018924
2022-11-28,control,80,0.227869513585017
2022-11-29,control,80,0.230351083527894
2022-11-30,control,80,0.233835488445916
2022-12-01,control,80,0.237467328188712
2022-12-02,control,80,0.240951375474814
2022-12-03,control,80,0.243798240661621
2022-12-04,control,80,0.245956140624576
2022-12-05,control,80,0.248213729573025
2022-12-06,control,80,0.249683632633648
2022-12-07,control,80,0.251184507066676
2022-12-08,control,80,0.252507986006188
2022-12-09,control,80,0.25340125284982
2022-12-10,control,80,0.254228574754848
2022-12-11,control,80,0.2553759937621
2022-12-12,control,80,0.256570377198127
2022-12-13,control,80,0.257738543880043
2022-12-14,control,80,0.258771906569528
2022-12-15,control,80,0.259632425145046
2022-12-16,control,80,0.260379291519346
2022-12-17,control,80,0.261538542620617
2022-12-18,control,80,0.262684383882314
2022-12-19,control,80,0.263573261003816
2022-12-20,control,80,0.264357304002814
2022-12-21,control,80,0.264619139237837
2022-12-22,control,80,0.256905980263987
2022-12-23,control,80,0.292615889537947
2022-12-24,control,80,0.377781614499071
2022-12-25,control,80,0.372327859969455
2022-12-26,control,80,0.366312390562976
2022-12-27,control,80,0.360983443345314
2022-12-28,control,80,0.35734839149628
2022-12-29,control,80,0.354203926338535
2022-12-30,control,80,0.35185571521732
2022-12-31,control,80,0.342604167809647
2023-01-01,control,80,0.328434348968138
2023-01-02,control,80,0.348747020661845
2023-01-03,control,80,0.348241852470066
2023-01-04,control,80,0.34632901206878
2023-01-05,control,80,0.344796723781762
2023-01-06,control,80,0.343084255981776
2023-01-07,control,80,0.341489088581764
2023-01-08,control,80,0.340217518574483
2023-01-09,control,80,0.319671473009833
2023-01-10,control,80,0.32495835827243
2023-01-11,control,80,0.351626034324924
2023-01-12,control,80,0.352796860043765
2023-01-13,control,80,0.3525312267366
2023-01-14,control,80,0.351346862468314
2023-01-15,control,80,0.349798618533261
2023-01-16,control,80,0.348282057521777
2023-01-17,control,80,0.346747451900699
2023-01-18,control,80,0.345752323301499
2023-01-19,control,80,0.344701265273373
2023-01-20,control,80,0.343947988940012
2023-01-21,control,80,0.343518636067708
2023-01-22,control,80,0.321794544566761
2023-01-23,control,80,0.321088246549113
2023-01-24,control,80,0.320361676423446
2023-01-25,control,80,0.319629962627704
2023-01-26,control,80,0.318935758417303
2023-01-27,control,80,0.318236812468498
2023-01-28,control,80,0.340412251333172
2023-01-29,control,80,0.32721190914031
2023-01-30,control,80,0.316311793173513
2023-01-31,control,80,0.333020605042923
2023-02-01,control,80,0.332186406147049
2023-02-02,control,80,0.330896575927734
2023-02-03,control,80,0.33035927512429
2023-02-04,control,80,0.320333464249321
2023-02-05,control,80,0.322540631501571
2023-02-06,control,80,0.311805360967463
2023-02-07,control,80,0.327914129606293
2023-02-08,control,80,0.328373769582398
2023-02-09,control,80,0.328882727860509
2023-02-10,control,80,0.329121151594964
2023-02-11,control,80,0.329107459552008
2023-02-12,control,80,0.328868385834746
2023-02-13,control,80,0.32848406945356
2023-02-14,control,80,0.3307068164532
2023-02-15,control,80,0.330157882176088
2023-02-16,control,80,0.329599835795741
2023-02-17,control,80,0.328598268949069
2023-02-18,control,80,0.328417277306281
2023-02-19,control,80,0.328066098982691
2023-02-20,control,80,0.327865056980898
2023-02-21,control,80,0.327548939331101
2023-02-22,control,80,0.327136324966163
2023-02-23,control,80,0.326388292534407
2023-02-24,control,80,0.323181472030209
2023-02-25,control,80,0.322666653748077
2023-02-26,control,80,0.322289114889079
2023-02-27,control,80,0.322012942063181
2023-02-28,control,80,0.321697671148255
2023-03-01,control,80,0.321496035478179
2023-03-02,control,80,0.321193789235998
2023-03-03,control,80,0.320813492086828
2023-03-04,control,80,0.320343484302072
2023-03-05,control,80,0.319817830967959
2023-03-06,control,80,0.319324015494169
2023-03-07,control,80,0.318757357964149
2023-03-08,control,80,0.318100960763653
2023-03-09,control,80,0.317423600849352
2023-03-10,control,80,0.320227794044896
2023-03-11,control,80,0.333706244051123
2023-03-12,control,80,0.35187371359062
2023-03-13,control,80,0.355652818055666
2023-03-14,control,80,0.383683913061387
2023-03-15,control,80,0.384908753120894
2023-03-16,control,80,0.376441196621065
2023-03-17,control,80,0.370315748893085
2023-03-18,control,80,0.365068587189167
2023-03-19,control,80,0.360567232767741
2023-03-20,control,80,0.357388859734268
2023-03-21,control,80,0.355930418199108
2023-03-22,control,80,0.354169979095459
2023-03-23,control,80,0.351986721055906
2023-03-24,control,80,0.350052221922919
2023-03-25,control,80,0.349299396352565
2023-03-26,control,80,0.350617651031348
2023-03-27,control,80,0.355455528997606
2023-03-28,control,80,0.357859779520238
2023-03-29,control,80,0.357280774026845
2023-03-30,control,80,0.356020734681507
2023-03-31,control,80,0.3553543495516
2023-04-01,control,80,0.364112288733899
2023-04-02,control,80,0.368992489753885
2023-04-03,control,80,0.366940572177663
2023-04-04,control,80,0.363489708482173
2023-04-05,control,80,0.359915690574414
2023-04-06,control,80,0.356597009984788
2023-04-07,control,80,0.353709798511706
2023-04-08,control,80,0.351305828142586
2023-04-09,control,80,0.349204032204368
2023-04-10,control,80,0.347040564014066
2023-04-11,control,80,0.345046686421833
2023-04-12,control,80,0.342983525837437
2023-04-13,control,80,0.341240810981164
2023-04-14,control,80,0.339417274844262
2023-04-15,control,80,0.337819463818966
2023-04-16,control,80,0.336342711015181
2023-04-17,control,80,0.334509297074943
2023-04-18,control,80,0.332636410029527
2023-04-19,control,80,0.330939105652926
2023-04-20,control,80,0.329429477425509
2023-04-21,control,80,0.3280283811818
2023-04-22,control,80,0.326653666013648
2023-04-23,control,80,0.32535609904818
2023-04-24,control,80,0.324016617978557
2023-04-25,control,80,0.322583536737298
2023-04-26,control,80,0.32130900981083
2023-04-27,control,80,0.319850027807828
2023-04-28,control,80,0.318419701502873
2023-04-29,control,80,0.316870408888895
2023-04-30,control,80,0.318976541495999
2023-05-01,control,80,0.328130420514929
2023-05-02,control,80,0.346870200417259
2023-05-03,control,80,0.350359867142937
2023-05-04,control,80,0.348870037590506
2023-05-05,control,80,0.34639559496117
2023-05-06,control,80,0.34363798368508
2023-05-07,control,80,0.34095326683738
2023-05-08,control,80,0.338364121211786
2023-05-09,control,80,0.335783833796712
2023-05-10,control,80,0.333227994254466
2023-05-11,control,80,0.330859678677942
2023-05-12,control,80,0.328516683943728
2023-05-13,control,80,0.326458033886158
2023-05-14,control,80,0.32458246271661
2023-05-15,control,80,0.303653042459396
2023-05-16,control,80,0.301514495766134
2023-05-17,control,80,0.299558993746178
2023-05-18,control,80,0.297588808117361
2023-05-19,control,80,0.295791944858999
2023-05-20,control,80,0.293816852662135
2023-05-21,control,80,0.291346796488235
2023-05-22,control,80,0.28876440681403
2023-05-23,control,80,0.286265910672434
2023-05-24,control,80,0.284048743891771
2023-05-25,control,80,0.281915749638097
2023-05-26,control,80,0.279070654649416
2023-05-27,control,80,0.275872212897335
2023-05-28,control,80,0.272629904122622
2023-05-29,control,80,0.268754308929028
2023-05-30,control,80,0.264721101927022
2023-05-31,control,80,0.260770707438356
2023-06-01,control,80,0.256515718006397
2023-06-02,control,80,0.251700447607731
2023-06-03,control,80,0.247912705250275
2023-06-04,control,80,0.244236072964138
2023-06-05,control,80,0.239795634442218
2023-06-06,control,80,0.232918556063783
2023-06-07,control,80,0.2256064037944
2023-06-08,control,80,0.217657142791436
2023-06-09,control,80,0.210807250055035
2023-06-10,control,80,0.207056544377254
2023-06-11,control,80,0.204410332419006
2023-06-12,control,80,0.19843373594358
2023-06-13,control,80,0.19189999240421
2023-06-14,control,80,0.185482458538479
2023-06-15,control,80,0.177251187089601
2023-06-16,control,80,0.169796133041382
2023-06-17,control,80,0.163502486546834
2023-06-18,control,80,0.158023715166958
2023-06-19,control,80,0.154229780556499
2023-06-20,control,80,0.150574231475954
2023-06-21,control,80,0.14764917566882
2023-06-22,control,80,0.14563102302159
2023-06-23,control,80,0.144457399840894
2023-06-24,control,80,0.142624479594984
2023-06-25,control,80,0.140655116642013
2023-06-26,control,80,0.138722275323118
2023-06-27,control,80,0.137073871183818
2023-06-28,control,80,0.135717727363434
2023-06-29,control,80,0.134387968030236
2023-06-30,control,80,0.134153954879097
2023-07-01,control,80,0.134455466992927
2023-07-02,control,80,0.134114210428939
2023-07-03,control,80,0.133197085735258
2023-07-04,control,80,0.132257829820508
2023-07-05,control,80,0.131216424083152
2023-07-06,control,80,0.130273981573735
2023-07-07,control,80,0.129337027973237
2023-07-08,control,80,0.129123605310411
2023-07-09,control,80,0.128115641561787
2023-07-10,control,80,0.127197647523344
2023-07-11,control,80,0.126223412204182
2023-07-12,control,80,0.125562539211539
2023-07-13,control,80,0.140702426821687
2023-07-14,control,80,0.146506730900254
2023-07-15,control,80,0.119416809082031
2023-07-16,control,80,0.120097004283558
2023-07-17,control,80,0.120480003785551
2023-07-18,control,80,0.12080570344002001
2023-07-19,control,80,0.121067775379528
2023-07-20,control,80,0.120095983044855
2023-07-21,control,80,0.119681338046459
2023-07-22,control,80,0.119425260103666
2023-07-23,control,80,0.118960101787861
2023-07-24,control,80,0.119048826156124
2023-07-25,control,80,0.121308574676514
2023-07-26,control,80,0.121214090983073
2023-07-27,control,80,0.136822897266493
2023-07-28,control,80,0.136976711879738
2023-07-29,control,80,0.137161686941528
2023-07-30,control,80,0.137537104866721
2023-07-31,control,80,0.137686400404859
2023-08-01,control,80,0.137683197127847
2023-08-02,control,80,0.137534710640131
2023-08-03,control,80,0.137240007547591
2023-08-04,control,80,0.136605227897907
2023-08-05,control,80,0.135951072392839
2023-08-06,control,80,0.13508280918516
2023-08-07,control,80,0.134140514023593
2023-08-08,control,80,0.132969686334783
2023-08-09,control,80,0.131718824888531
2023-08-10,control,80,0.130427910348643
2023-08-11,control,80,0.129125923504144
2023-08-12,control,80,0.127826510483294
2023-08-13,control,80,0.126689424193307
2023-08-14,control,80,0.12571065125438
2023-08-15,control,80,0.124935375393534
2023-08-16,control,80,0.123931758880615
2023-08-17,control,80,0.123805902090417
2023-08-18,control,80,0.123906370411095
2023-08-19,control,80,0.123572066197483
2023-08-20,control,80,0.122974115187122
2023-08-21,control,80,0.122200316938959
2023-08-22,control,80,0.121330412044082
2023-08-23,control,80,0.120512508392334
2023-08-24,control,80,0.119776306152344
2023-08-25,control,80,0.118984831296481
2023-08-26,control,80,0.118219790086482
2023-08-27,control,80,0.11881891316381
2023-08-28,control,80,0.197154252737442
2023-08-29,control,80,0.212723941283737
2023-08-30,control,80,0.207084450688855
2023-08-31,control,80,0.203542421666997
2023-09-01,control,80,0.200591630701433
2023-09-02,control,80,0.197630610590396
2023-09-03,control,80,0.195045434346078
2023-09-04,control,80,0.192630864923651
2023-09-05,control,80,0.190620174407959
2023-09-06,control,80,0.18927313694201
2023-09-07,control,80,0.187844446284405
2023-09-08,control,80,0.18579207902544
2023-09-09,control,80,0.183048828325774
2023-09-10,control,80,0.179609465480618
2023-09-11,control,80,0.175668901871555
2023-09-12,control,80,0.171682282273487
2023-09-13,control,80,0.169172453487621
2023-09-14,control,80,0.16770950320773
2023-09-15,control,80,0.165011502141538
2023-09-16,control,80,0.161640222989596
2023-09-17,control,80,0.157940275213692
2023-09-18,control,80,0.15509998748711
2023-09-19,control,80,0.155141688764708
2023-09-20,control,80,0.154245273696978
2023-09-21,control,80,0.153036018547998
2023-09-22,control,80,0.152459113213324
2023-09-23,control,80,0.152213062873253
2023-09-24,control,80,0.151020181129135
2023-09-25,control,80,0.149923790282747
2023-09-26,control,80,0.148655523977745
2023-09-27,control,80,0.147228027015143
2023-09-28,control,80,0.145550098919937
2023-09-29,control,80,0.143824608036801
2023-09-30,control,80,0.142050623363919
2023-10-01,control,80,0.140360825303112
2023-10-02,control,80,0.138569899263053
2023-10-03,control,80,0.136723971978212
2023-10-04,control,80,0.135207679054954
2023-10-05,control,80,0.133876671261258
2023-10-06,control,80,0.132566112590931
2023-10-07,control,80,0.131124530672152
2023-10-08,control,80,0.129789699844438
2023-10-09,control,80,0.128488876818197
2023-10-10,control,80,0.127320318474793
2023-10-11,control,80,0.126278346499327
2023-10-12,control,80,0.125399073501475
2023-10-13,control,80,0.124528107879855
2023-10-14,control,80,0.123773646828724
2023-10-15,control,80,0.123347989254253
2023-10-16,control,80,0.12269974523975
2023-10-17,control,80,0.12216224129866
2023-10-18,control,80,0.12159987066254
2023-10-19,control,80,0.1209943870839
2023-10-20,control,80,0.120617126822559
2023-10-21,control,80,0.121026432472363
2023-10-22,control,80,0.121203493632323
2023-10-23,control,80,0.121130569323005
2023-10-24,control,80,0.121370836794043
2023-10-25,control,80,0.122069037436899
2023-10-26,control,80,0.121826651481694
2023-10-27,control,80,0.122384540636814
2023-10-28,control,80,0.122908109625635
2023-10-29,control,80,0.123778198643213
2023-10-30,control,80,0.124234308056533
2023-10-31,control,80,0.123808217005992
2023-11-01,control,80,0.124910262811284
2023-11-02,control,80,0.125150679493375
2023-11-03,control,80,0.125253074475572
2023-11-04,control,80,0.127107176646124
2023-11-05,control,80,0.142821874721535
2023-11-06,control,80,0.253420666304428
2023-11-07,control,80,0.299809694225395
2023-11-08,control,80,0.302700025071857
2023-11-09,control,80,0.302536018694394
2023-11-10,control,80,0.302065141978542
2023-11-11,control,80,0.305959808118933
2023-11-12,control,80,0.310254550366059
2023-11-13,control,80,0.325041463584231
2023-11-14,control,80,0.390177282277344
2023-11-15,control,80,0.398217513487712
2023-11-16,control,80,0.371098525932628
2023-11-17,control,80,0.36115557894003
2023-11-18,control,80,0.354034378499637
2023-11-19,control,80,0.348789436751152
2023-11-20,control,80,0.34581974815904
2023-11-21,control,80,0.34392999941648
2023-11-22,control,80,0.341957055929044
2023-11-23,control,80,0.339976536299429
2023-11-24,control,80,0.338000875321003
2023-11-25,control,80,0.335923135862151
2023-11-26,control,80,0.333997402407351
2023-11-27,control,80,0.33216750260108
2023-11-28,control,80,0.331702646078926
2023-11-29,control,80,0.338914490412355
2023-11-30,control,80,0.341063030850389
2023-12-01,control,80,0.384336445030683
2023-12-02,control,80,0.388715176243612
2023-12-03,control,80,0.373908079360216
2023-12-04,control,80,0.367933031550625
2023-12-05,control,80,0.3630301427549
2023-12-06,control,80,0.359110227551377
2023-12-07,control,80,0.355871968673113
2023-12-08,control,80,0.352818612762863
2023-12-09,control,80,0.352694002365272
2023-12-10,control,80,0.404887267742575
2023-12-11,control,80,0.404493020542881
2023-12-12,control,80,0.410425923998497
2023-12-13,control,80,0.415102325302756
2023-12-14,control,80,0.399866274528882
2023-12-15,control,80,0.376502186564111
2023-12-16,control,80,0.370326011602958
2023-12-17,control,80,0.365908857773245
2023-12-18,control,80,0.362163812673365
2023-12-19,control,80,0.358805492012391
2023-12-20,control,80,0.355714640250573
2023-12-21,control,80,0.352920906785769
2023-12-22,control,80,0.350811189260238
2023-12-23,control,80,0.349229258264017
2023-12-24,control,80,0.347659165590423
2023-12-25,control,80,0.346070237082211
2023-12-26,control,80,0.344447882199413
2023-12-27,control,80,0.342890590908884
2023-12-28,control,80,0.341265611066921
2023-12-29,control,80,0.339669691007262
2023-12-30,control,80,0.338124691769377
2023-12-31,control,80,0.336697697952567
2024-01-01,control,80,0.335347942684008
2024-01-02,control,80,0.334298764942588
2024-01-03,control,80,0.333357271615366
2024-01-04,control,80,0.335196691968663
2024-01-05,control,80,0.338976073265076
2024-01-06,control,80,0.342169988794014
2024-01-07,control,80,0.345402132670085
2024-01-08,control,80,0.345801477422409
2024-01-09,control,80,0.345085137890231
2024-01-10,control,80,0.34404399115258
2024-01-11,control,80,0.342840467714796
2024-01-12,control,80,0.341590158027848
2024-01-13,control,80,0.340223615402288
2024-01-14,control,80,0.338825941622252
2024-01-15,control,80,0.337645176918276
2024-01-16,control,80,0.33649131864135
2024-01-17,control,80,0.335758541354245
2024-01-18,control,80,0.348556844393412
2024-01-19,control,80,0.367776440644729
2024-01-20,control,80,0.367430840856661
2024-01-21,control,80,0.364040038460179
2024-01-22,control,80,0.360443931764067
2024-01-23,control,80,0.358793832530146
2024-01-24,control,80,0.359139289510185
2024-01-25,control,80,0.358116410072164
2024-01-26,control,80,0.356477154930602
2024-01-27,control,80,0.354613251153904
2024-01-28,control,80,0.352631414426249
2024-01-29,control,80,0.350616373182856
2024-01-30,control,80,0.348637891119066
2024-01-31,control,80,0.34675943697153
2024-02-01,control,80,0.344975932439168
2024-02-02,control,80,0.343293120057792
2024-02-03,control,80,0.341686950585781
2024-02-04,control,80,0.340133768450188
2024-02-05,control,80,0.338727621251523
2024-02-06,control,80,0.337250039648654
2024-02-07,control,80,0.335812178987134
2024-02-08,control,80,0.334160225883934
2024-02-09,control,80,0.333384458346245
2024-02-10,control,80,0.332975342107374
2024-02-11,control,80,0.332487842138617
2024-02-12,control,80,0.331842889207782
2024-02-13,control,80,0.331100053498239
2024-02-14,control,80,0.330157529348615
2024-02-15,control,80,0.329051910005174
2024-02-16,control,80,0.327867709265815
2024-02-17,control,80,0.326735208672201
2024-02-18,control,80,0.325600374446196
2024-02-19,control,80,0.324497437477112
2024-02-20,control,80,0.323218373763256
2024-02-21,control,80,0.322227462886174
2024-02-22,control,80,0.320817628688058
2024-02-23,control,80,0.325503473331922
2024-02-24,control,80,0.334787121488337
2024-02-25,control,80,0.336825069874133
2024-02-26,control,80,0.336525135040283
2024-02-27,control,80,0.335672576577814
2024-02-28,control,80,0.3346229499179
2024-02-29,control,80,0.333267655936621
2024-03-01,control,80,0.33175365282142
2024-03-02,control,80,0.330666380662185
2024-03-03,control,80,0.329480619077329
2024-03-04,control,80,0.328444988452163
2024-03-05,control,80,0.327421006818298
2024-03-06,control,80,0.326282661611384
2024-03-07,control,80,0.324845294503856
2024-03-08,control,80,0.323413500522443
2024-03-09,control,80,0.321917751337286
2024-03-10,control,80,0.320280740199945
2024-03-11,control,80,0.319327392995368
2024-03-12,control,80,0.320494916160632
2024-03-13,control,80,0.321129015886067
2024-03-14,control,80,0.321011538459861
2024-03-15,control,80,0.320522890904153
2024-03-16,control,80,0.319306191242022
2024-03-17,control,80,0.319467703501383
2024-03-18,control,80,0.320906588674962
2024-03-19,control,80,0.330583200276455
2024-03-20,control,80,0.334231702301853
2024-03-21,control,80,0.334297697330878
2024-03-22,control,80,0.333467547098796
2024-03-23,control,80,0.332208266044058
2024-03-24,control,80,0.33087099823198
2024-03-25,control,80,0.329177381808941
2024-03-26,control,80,0.327238875902616
2024-03-27,control,80,0.325557742974697
2024-03-28,control,80,0.324325970278172
2024-03-29,control,80,0.323530577066022
2024-03-30,control,80,0.314618472027113
2024-03-31,control,80,0.313354040209786
2024-04-01,control,80,0.314146322730941
2024-04-02,control,80,0.314713588924859
2024-04-03,control,80,0.314717342472824
2024-04-04,control,80,0.309257769584656
2024-04-05,control,80,0.308226519868574
2024-04-06,control,80,0.307036185264587
2024-04-07,control,80,0.305801965369553
2024-04-08,control,80,0.304454252433777
2024-04-09,control,80,0.303286989529928
2024-04-10,control,80,0.302527662790739
2024-04-11,control,80,0.3014376662029
2024-04-12,control,80,0.300136934579489
2024-04-13,control,80,0.29858555240211
2024-04-14,control,80,0.296804439471318
2024-04-15,control,80,0.295057594776154
2024-04-16,control,80,0.293609899311899
2024-04-17,control,80,0.292412664510896
2024-04-18,control,80,0.291695232680935
2024-04-19,control,80,0.290900359209878
2024-04-20,control,80,0.290042033864741
2024-04-21,control,80,0.289278608144716
2024-04-22,control,80,0.288759890788079
2024-04-23,control,80,0.287932571651429
2024-04-24,control,80,0.286736818112825
2024-04-25,control,80,0.290877097718218
2024-04-26,control,80,0.28940324886074
2024-04-27,control,80,0.287645635569069
2024-04-28,control,80,0.285831641541976
2024-04-29,control,80,0.284088134889944
2024-04-30,control,80,0.281327976742233
2024-05-01,control,80,0.278759018679371
2024-05-02,control,80,0.277040762955515
2024-05-03,control,80,0.276307082884775
2024-05-04,control,80,0.274964685454567
2024-05-05,control,80,0.272738649098566
2024-05-06,control,80,0.271793913662147
2024-05-07,control,80,0.273161117690114
2024-05-08,control,80,0.273347099253623
2024-05-09,control,80,0.27217190133978
2024-05-10,control,80,0.270810178078948
2024-05-11,control,80,0.269467555243903
2024-05-12,control,80,0.267887745575348
2024-05-13,control,80,0.266905042447542
2024-05-14,control,80,0.265403754175871
2024-05-15,control,80,0.263600917213841
2024-05-16,control,80,0.263214131204705
2024-05-17,control,80,0.26298231116486
2024-05-18,control,80,0.260937402431796
2024-05-19,control,80,0.259058428441413
2024-05-20,control,80,0.25649204259745
2024-05-21,control,80,0.254941590681187
2024-05-22,control,80,0.253002776017426
2024-05-23,control,80,0.251801380435465
2024-05-24,control,80,0.250289638238817
2024-05-25,control,80,0.247827988894919
2024-05-26,control,80,0.244155993556656
2024-05-27,control,80,0.241673981548606
2024-05-28,control,80,0.239827457277398
2024-05-29,control,80,0.236036840697981
2024-05-30,control,80,0.234611254623905
2024-05-31,control,80,0.233713390181692
2024-06-01,control,80,0.231927199018897
2024-06-02,control,80,0.229819099318769
2024-06-03,control,80,0.228471936900161
2024-06-04,control,80,0.223601170260781
2024-06-05,control,80,0.219669242976529
2024-06-06,control,80,0.22044298011838
2024-06-07,control,80,0.216130582951317
2024-06-08,control,80,0.211342822265625
2024-06-09,control,80,0.20714222922254
2024-06-10,control,80,0.20169809514826
2024-06-11,control,80,0.190787861501138
2024-06-12,control,80,0.187328205434707
2024-06-13,control,80,0.18104764767697001
2024-06-14,control,80,0.176136952892103
2024-06-15,control,80,0.176716451873989
2024-06-16,control,80,0.176210855785169
2024-06-17,control,80,0.173736200661495
2024-06-18,control,80,0.170508513478416
2024-06-19,control,80,0.166245556790778
2024-06-20,control,80,0.164118930594553
2024-06-21,control,80,0.165472951686619
2024-06-22,control,80,0.166925954555809
2024-06-23,control,80,0.16736009562643
2024-06-24,control,80,0.165944057376709
2024-06-25,control,80,0.163889558826082
2024-06-26,control,80,0.162411662985383
2024-06-27,control,80,0.160573957593817
2024-06-28,control,80,0.157099256505541
2024-06-29,control,80,0.154017870367738
2024-06-30,control,80,0.152598738151684
2024-07-01,control,80,0.150593615574393
2024-07-02,control,80,0.14762557362162
2024-07-03,control,80,0.144739452300284
2024-07-04,control,80,0.142716843025327
2024-07-05,control,80,0.139937365228845
2024-07-06,control,80,0.138175261748465
2024-07-07,control,80,0.139305177095404
2024-07-08,control,80,0.13964223114425
2024-07-09,control,80,0.13892755369659
2024-07-10,control,80,0.137813876274596
2024-07-11,control,80,0.137001991496839
2024-07-12,control,80,0.137387464361906
2024-07-13,control,80,0.137933286165353
2024-07-14,control,80,0.138150576789061
2024-07-15,control,80,0.137861790785587
2024-07-16,control,80,0.138614431381226
2024-07-17,control,80,0.138718374872551
2024-07-18,control,80,0.138703734950015
2024-07-19,control,80,0.138267747889531
2024-07-20,control,80,0.137297525084789
2024-07-21,control,80,0.136840436923183
2024-07-22,control,80,0.136828411262034
2024-07-23,control,80,0.135555315212066
2024-07-24,control,80,0.133856590133152
2024-07-25,control,80,0.131978865693745
2024-07-26,control,80,0.130298981791465
2024-07-27,control,80,0.12863240175469
2024-07-28,control,80,0.127156762703034
2024-07-29,control,80,0.125800918889451
2024-07-30,control,80,0.124322061538696
2024-07-31,control,80,0.123046129137162
2024-08-01,control,80,0.122730743214549
2024-08-02,control,80,0.122783329290961
2024-08-03,control,80,0.122409722842032
2024-08-04,control,80,0.122041158804947
2024-08-05,control,80,0.120631780450994
2024-08-06,control,80,0.120208437063755
2024-08-07,control,80,0.119023127294954
2024-08-08,control,80,0.118454126837259
2024-08-09,control,80,0.118017533757927
2024-08-10,control,80,0.116998605759722
2024-08-11,control,80,0.11631026900442
2024-08-12,control,80,0.115601567778725
2024-08-13,control,80,0.115434480228334
2024-08-14,control,80,0.115253885094072
2024-08-15,control,80,0.114946013824805
2024-08-16,control,80,0.114543041174492
2024-08-17,control,80,0.115059852013221
2024-08-18,control,80,0.116418705730423
2024-08-19,control,80,0.117138098177275
2024-08-20,control,80,0.117746101387938
2024-08-21,control,80,0.118226128109138
2024-08-22,control,80,0.118561220888474
2024-08-23,control,80,0.118845054659571
2024-08-24,control,80,0.118820178899465
2024-08-25,control,80,0.118953604689449
2024-08-26,control,80,0.118880313043142
2024-08-27,control,80,0.118497574418355
2024-08-28,control,80,0.118063100545766
2024-08-29,control,80,0.117596209304477
2024-08-30,control,80,0.117045989229163
2024-08-31,control,80,0.116425472712506
2024-09-01,control,80,0.115824319789284
2024-09-02,control,80,0.115313450772356
2024-09-03,control,80,0.114958702473505
2024-09-04,control,80,0.11453944116248
2024-09-05,control,80,0.115156849400278
2024-09-06,control,80,0.116332148630292
2024-09-07,control,80,0.116886579572862
2024-09-08,control,80,0.11728232970229201
2024-09-09,control,80,0.117160043008028
2024-09-10,control,80,0.117813865144243
2024-09-11,control,80,0.118295055893474
2024-09-12,control,80,0.118954376813056
2024-09-13,control,80,0.119327132409079
2024-09-14,control,80,0.119762214359484
2024-09-15,control,80,0.120016555786133
2024-09-16,control,80,0.120376695502432
2024-09-17,control,80,0.120840919163846
2024-09-18,control,80,0.121095934576631
2024-09-19,control,80,0.121382393788918
2024-09-20,control,80,0.121640992501014
2024-09-21,control,80,0.121712975752981
2024-09-22,control,80,0.121650558672842
2024-09-23,control,80,0.121768082847372
2024-09-24,control,80,0.121872675013925
2024-09-25,control,80,0.121551103055501
2024-09-26,control,80,0.121914522773341
2024-09-27,control,80,0.121898343324125
2024-09-28,control,80,0.121847816793501
2024-09-29,control,80,0.122232700478742
2024-09-30,control,80,0.122616663407659
2024-10-01,control,80,0.123188857178259
2024-10-02,control,80,0.124165507102553
2024-10-03,control,80,0.124258959207175
2024-10-04,control,80,0.124617530317868
2024-10-05,control,80,0.124819969879954
2024-10-06,control,80,0.12529547852794
2024-10-07,control,80,0.12665437074808
2024-10-08,control,80,0.130370514961219
2024-10-09,control,80,0.135681412879079
2024-10-10,control,80,0.142177854589444
2024-10-11,control,80,0.144548401958064
2024-10-12,control,80,0.14874406588705
2024-10-13,control,80,0.154723937554367
2024-10-14,control,80,0.159144560400862
2024-10-15,control,80,0.164162535445635
2024-10-16,control,80,0.17130755619685
2024-10-17,control,80,0.179902320214727
2024-10-18,control,80,0.186485592440966
2024-10-19,control,80,0.190970382671741
2024-10-20,control,80,0.193503513014561
2024-10-21,control,80,0.194928386247292
2024-10-22,control,80,0.195876103786
2024-10-23,control,80,0.196625836969608
2024-10-24,control,80,0.197012572289614
2024-10-25,control,80,0.19707474836489
2024-10-26,control,80,0.197091563443818
2024-10-27,control,80,0.197017938955427
2024-10-28,control,80,0.19696830429193601
2024-10-29,control,80,0.219922588317375
2024-10-30,control,80,0.219671656262212
2024-10-31,control,80,0.219377058617612
2024-11-01,control,80,0.219038349369116
2024-11-02,control,80,0.218770195810418
2024-11-03,control,80,0.218659671752559
2024-11-04,control,80,0.218335300021701
2024-11-05,control,80,0.21805469195048
2024-11-06,control,80,0.217813260547976
2024-11-07,control,80,0.217563450700956
2024-11-08,control,80,0.21729839960734
2024-11-09,control,80,0.217041512330373
2024-11-10,control,80,0.216745130283626
2024-11-11,control,80,0.216720660527547
2024-11-12,control,80,0.217456746289111
2024-11-13,control,80,0.217217667897542
2024-11-14,control,80,0.217074251174927
2024-11-15,control,80,0.217078307180694
2024-11-16,control,80,0.217089395948595
2024-11-17,control,80,0.217077779036302
2024-11-18,control,80,0.217174609502157
2024-11-19,control,80,0.21778150859632
2024-11-20,control,80,0.219624990361337
2024-11-21,control,80,0.222409116021068
2024-11-22,control,80,0.22615841340649
2024-11-23,control,80,0.229546499252319
2024-11-24,control,80,0.232482489561423
2024-11-25,control,80,0.235194259134928
2024-11-26,control,80,0.238913362256804
2024-11-27,control,80,0.246155663988409
2024-11-28,control,80,0.253692202758789
2024-11-29,control,80,0.259547253658897
2024-11-30,control,80,0.2631869866596
2024-12-01,control,80,0.263911271095276
2024-12-02,control,80,0.263783175485176
2024-12-03,control,80,0.263558633937392
2024-12-04,control,80,0.263459795171564
2024-12-05,control,80,0.264199537889154
2024-12-06,control,80,0.263537990913097
2024-12-07,control,80,0.266181666103762
2024-12-08,control,80,0.267535601105801
2024-12-09,control,80,0.268567116315975
2024-12-10,control,80,0.269710479758856
2024-12-11,control,80,0.271320028026609
2024-12-12,control,80,0.276866856980805
2024-12-13,control,80,0.278596521165636
2024-12-14,control,80,0.280014920388499
2024-12-15,control,80,0.281231685548317
2024-12-16,control,80,0.282268333435059
2024-12-17,control,80,0.282925688615486
2024-12-18,control,80,0.283351328108046
2024-12-19,control,80,0.283113796294063
2024-12-20,control,80,0.282958138783773
2024-12-21,control,80,0.28490007567824
2024-12-22,control,80,0.293271951450138
2024-12-23,control,80,0.301306880889151
2024-12-24,control,80,0.306769221006934
2024-12-25,control,80,0.309952768638032
2024-12-26,control,80,0.31092799648485703
2024-12-27,control,80,0.311446951136415
2024-12-28,control,80,0.311600773727685
2024-12-29,control,80,0.311469773353463
2024-12-30,control,80,0.311171787951576
2024-12-31,control,80,0.310783846604197
2025-01-01,control,80,0.310357332530775
2025-01-02,control,80,0.30975357683665
2025-01-03,control,80,0.309392635997973
2025-01-04,control,80,0.312588752646195
2025-01-05,control,80,0.314154398064864
2025-01-06,control,80,0.318378732134724
2025-01-07,control,80,0.330618854699658
2025-01-08,control,80,0.333895359173156
2025-01-09,control,80,0.336136919312038
2025-01-10,control,80,0.337347191146599
2025-01-11,control,80,0.337064850405643
2025-01-12,control,80,0.337363944319635
2025-01-13,control,80,0.337291901200582
2025-01-14,control,80,0.336532339854993
2025-01-15,control,80,0.334971376519454
2025-01-16,control,80,0.333204934455769
2025-01-17,control,80,0.331513569614343
2025-01-18,control,80,0.329834028357358
2025-01-19,control,80,0.328298806541844
2025-01-20,control,80,0.327007897627981
2025-01-21,control,80,0.32579275205711
2025-01-22,control,80,0.324793063314337
2025-01-23,control,80,0.323960938732228
2025-01-24,control,80,0.323391874215964
2025-01-25,control,80,0.323226765642668
2025-01-26,control,80,0.323079278225757
2025-01-27,control,80,0.322984759387947
2025-01-28,control,80,0.326700614176298
2025-01-29,control,80,0.339610353589176
2025-01-30,control,80,0.341028295390312
2025-01-31,control,80,0.340368419806806
2025-02-01,control,80,0.339127456865813
2025-02-02,control,80,0.337657148408496
2025-02-03,control,80,0.336247873875133
2025-02-04,control,80,0.334933448837483
2025-02-05,control,80,0.333599402865608
2025-02-06,control,80,0.332285418450905
2025-02-07,control,80,0.33093996903177
2025-02-08,control,80,0.329583165218956
2025-02-09,control,80,0.328342630015723
2025-02-10,control,80,0.327349478121274
2025-02-11,control,80,0.326366150782659
2025-02-12,control,80,0.325329796935752
2025-02-13,control,80,0.324198630267309
2025-02-14,control,80,0.32306269092916
2025-02-15,control,80,0.322707746374462
2025-02-16,control,80,0.32236544819882
2025-02-17,control,80,0.321943419071666
2025-02-18,control,80,0.321608942649607
2025-02-19,control,80,0.330312744140625
2025-02-20,control,80,0.329654431343079
2025-02-21,control,80,0.328858266977163
2025-02-22,control,80,0.327907439952588
2025-02-23,control,80,0.327048551119291
2025-02-24,control,80,0.32619075331577
2025-02-25,control,80,0.325424194335938
2025-02-26,control,80,0.324621136005108
2025-02-27,control,80,0.323812527126736
2025-02-28,control,80,0.323075290256076
2025-03-01,control,80,0.3224035308117
2025-03-02,control,80,0.321730184555054
2025-03-03,control,80,0.321032474547859
2025-03-04,control,80,0.320317586263021
2025-03-05,control,80,0.31955112364234
2025-03-06,control,80,0.318779828471522
2025-03-07,control,80,0.317971233988917
2025-03-08,control,80,0.317100722917164
2025-03-09,control,80,0.316199077259411
2025-03-10,control,80,0.315283896706321
2025-03-11,control,80,0.314586732445694
2025-03-12,control,80,0.313610672950745
2025-03-13,control,80,0.312397296612079
2025-03-14,control,80,0.312474131584167
2025-03-15,control,80,0.312026977539062
2025-03-16,control,80,0.310906742125984
2025-03-17,control,80,0.31105693359375
2025-03-18,control,80,0.310170491536458
2025-03-19,control,80,0.309317358398437
2025-03-20,control,80,0.30833740234375
2025-03-21,control,80,0.30737155648165
2025-03-22,control,80,0.306106709325036
2025-03-23,control,80,0.304896036783854
2025-03-24,control,80,0.303832455131951
2025-03-25,control,80,0.302721405029297
2025-03-26,control,80,0.301659690332777
2025-03-27,control,80,0.300532023111979
2025-03-28,control,80,0.299401230108543
2025-03-29,control,80,0.298263359069824
2025-03-30,control,80,0.297113537397541
2025-03-31,control,80,0.295402250515194
2025-04-01,control,80,0.293676302326259
2025-04-02,control,80,0.276799011230469
2025-04-03,control,80,0.275590636222593
2025-04-04,control,80,0.273813156085907
2025-04-05,control,80,0.27200753906483
2025-04-06,control,80,0.270182025591922
2025-04-07,control,80,0.268391532471108
2025-04-08,control,80,0.266646811167399
2025-04-09,control,80,0.264679453926362
2025-04-10,control,80,0.262741719996676
2025-04-11,control,80,0.260689736699957
2025-04-12,control,80,0.257721190490926
2025-04-13,control,80,0.25533257164111
2025-04-14,control,80,0.252780031906931
2025-04-15,control,80,0.249592523934151
2025-04-16,control,80,0.248461668231781
2025-04-17,control,80,0.252065979430726
2025-04-18,control,80,0.298667290357811
2025-04-19,control,80,0.340983848571777
2025-04-20,control,80,0.383181296111071
2025-04-21,control,80,0.378758885107542
2025-04-22,control,80,0.368709782453684
2025-04-23,control,80,0.363308801426733
2025-04-24,control,80,0.359008977224952
2025-04-25,control,80,0.355205470748812
2025-04-26,control,80,0.351272397967763
2025-04-27,control,80,0.347751726255003
2025-04-28,control,80,0.344615679979324
2025-04-29,control,80,0.341434476882454
2025-04-30,control,80,0.338310312183547
2025-05-01,control,80,0.335273590753245
2025-05-02,control,80,0.332207779415318
2025-05-03,control,80,0.329431331548819
2025-05-04,control,80,0.327459233724154
2025-05-05,control,80,0.325939513375454
2025-05-06,control,80,0.325200931782373
2025-05-07,control,80,0.324684241244996
2025-05-08,control,80,0.3238452917099
2025-05-09,control,80,0.322565340310076
2025-05-10,control,80,0.321008084037087
2025-05-11,control,80,0.319032172203064
2025-05-12,control,80,0.317313291107981
2025-05-13,control,80,0.31598688391752
2025-05-14,control,80,0.314119887715988
2025-05-15,control,80,0.311999376614889
2025-05-16,control,80,0.310088895191656
2025-05-17,control,80,0.307965954796213
2025-05-18,control,80,0.30592092438748
2025-05-19,control,80,0.303614935434265
2025-05-20,control,80,0.301793444247646
2025-05-21,control,80,0.300509008161764
2025-05-22,control,80,0.299088601332444
2025-05-23,control,80,0.29739495982028
2025-05-24,control,80,0.295218107917092
2025-05-25,control,80,0.293210506439209
2025-05-26,control,80,0.291775241765109
2025-05-27,control,80,0.289560988576789
2025-05-28,control,80,0.287654812649677
2025-05-29,control,80,0.286587569930337
2025-05-30,control,80,0.284231827093102
2025-05-31,control,80,0.281422719141332
2025-06-01,control,80,0.278627163763265
2025-06-02,control,80,0.276778730322958
2025-06-03,control,80,0.275420756118242
2025-06-04,control,80,0.273537054415576
2025-06-05,control,80,0.271734062830607
2025-06-06,control,80,0.269083714779167
2025-06-07,control,80,0.26580552197661
2025-06-08,control,80,0.265232552422418
2025-06-09,control,80,0.262358109156291
2025-06-10,control,80,0.258792752224677
2025-06-11,control,80,0.254887033949731
2025-06-12,control,80,0.248616768463313
2025-06-13,control,80,0.243493853674995
2025-06-14,control,80,0.23748844994439
2025-06-15,control,80,0.230489320329481
2025-06-16,control,80,0.22406960434801
2025-06-17,control,80,0.216017250187141
2025-06-18,control,80,0.207092761783296
2025-06-19,control,80,0.197368949619147
2025-06-20,control,80,0.188382450739543
2025-06-21,control,80,0.179452607905252
2025-06-22,control,80,0.172143157676982
2025-06-23,control,80,0.164708956082662
2025-06-24,control,80,0.158371213843465
2025-06-25,control,80,0.152049030812581
2025-06-26,control,80,0.14758840290173
2025-06-27,control,80,0.144977999486421
2025-06-28,control,80,0.141628727410969
2025-06-29,control,80,0.138512106212045
2025-06-30,control,80,0.135563707351685
2025-07-01,control,80,0.13332268348107
2025-07-02,control,80,0.132118835449219
2025-07-03,control,80,0.131418201535247
2025-07-04,control,80,0.131852101880237
2025-07-05,control,80,0.131158238704505
2025-07-06,control,80,0.130084247288741
2025-07-07,control,80,0.129238810590518
2025-07-08,control,80,0.128810308145922
2025-07-09,control,80,0.128497439391853
2025-07-10,control,80,0.127690415993715
2025-07-11,control,80,0.126669559964502
2025-07-12,control,80,0.125685620735141
2025-07-13,control,80,0.124737760223233
2025-07-14,control,80,0.123705569903056
2025-07-15,control,80,0.124143863935664
2025-07-16,control,80,0.124481543743644
2025-07-17,control,80,0.124220113020677
2025-07-18,control,80,0.123644397254956
2025-07-19,control,80,0.123065638726996
2025-07-20,control,80,0.122689381761161
2025-07-21,control,80,0.122449236877205
2025-07-22,control,80,0.122937687313931
2025-07-23,control,80,0.123245474349621
2025-07-24,control,80,0.123411736739309
2025-07-25,control,80,0.123486148670156
2025-07-26,control,80,0.12402728398641
2025-07-27,control,80,0.124947445518092
2025-07-28,control,80,0.125449394457268
2025-07-29,control,80,0.125544048700577
2025-07-30,control,80,0.126035037503781
2025-07-31,control,80,0.126524761266876
2025-08-01,control,80,0.126662514426491
2014-04-11,irrigation,80,0.260921012887031
2014-04-12,irrigation,80,0.260406144488335
2014-04-13,irrigation,80,0.261848194201389
2014-04-14,irrigation,80,0.261879860523148
2014-04-15,irrigation,80,0.261875046852795
2014-04-16,irrigation,80,0.260841494580995
2014-04-17,irrigation,80,0.260941432635216
2014-04-18,irrigation,80,0.259983010778471
2014-04-19,irrigation,80,0.256987003771125
2014-04-20,irrigation,80,0.259117311911815
2014-04-21,irrigation,80,0.260442936978079
2014-04-22,irrigation,80,0.261110434850484
2014-04-23,irrigation,80,0.261287142069096
2014-04-24,irrigation,80,0.261191655221255
2014-04-25,irrigation,80,0.260868575403846
2014-04-26,irrigation,80,0.260567929395466
2014-04-27,irrigation,80,0.25558449291844
2014-04-28,irrigation,80,0.254972986401409
2014-04-29,irrigation,80,0.256896255340454
2014-04-30,irrigation,80,0.261414052067316
2014-05-01,irrigation,80,0.264714913275179
2014-05-02,irrigation,80,0.264551568245977
2014-05-03,irrigation,80,0.26621362488823
2014-05-04,irrigation,80,0.265917474778582
2014-05-05,irrigation,80,0.266146413939297
2014-05-06,irrigation,80,0.267558910176268
2014-05-07,irrigation,80,0.264897497213753
2014-05-08,irrigation,80,0.263456460447273
2014-05-13,irrigation,80,0.262069385697769
2014-05-14,irrigation,80,0.261569679368057
2014-05-15,irrigation,80,0.26100160456049
2014-05-16,irrigation,80,0.260187759813403
2014-05-17,irrigation,80,0.260762150198915
2014-05-18,irrigation,80,0.260709750399207
2014-05-19,irrigation,80,0.260682596898479
2014-05-20,irrigation,80,0.260079543515356
2014-05-21,irrigation,80,0.259608428457408
2014-05-22,irrigation,80,0.258726326074804
2014-05-23,irrigation,80,0.255809674080741
2014-05-24,irrigation,80,0.255433613223966
2014-05-25,irrigation,80,0.254536356094441
2014-05-26,irrigation,80,0.25331615995251
2014-05-27,irrigation,80,0.251555171536984
2014-05-28,irrigation,80,0.250683308270946
2014-05-29,irrigation,80,0.250903176764113
2014-05-30,irrigation,80,0.250406555442675
2014-05-31,irrigation,80,0.250024797913439
2014-06-01,irrigation,80,0.2496569723798
2014-06-02,irrigation,80,0.250195677244429
2014-06-03,irrigation,80,0.250545172951065
2014-06-04,irrigation,80,0.250214674789864
2014-06-05,irrigation,80,0.251338926390489
2014-06-06,irrigation,80,0.25333344711147
2014-06-07,irrigation,80,0.254596122253593
2014-06-08,irrigation,80,0.255168345349845
2014-06-09,irrigation,80,0.254407448298801
2014-06-10,irrigation,80,0.254076215345232
2014-06-11,irrigation,80,0.253515466637835
2014-06-12,irrigation,80,0.25232621305218
2014-06-13,irrigation,80,0.251289206707146
2014-06-14,irrigation,80,0.248804249641557
2014-06-15,irrigation,80,0.248543565934099
2014-06-16,irrigation,80,0.248267985779463
2014-06-17,irrigation,80,0.247005689507624
2014-06-18,irrigation,80,0.245714413069513
2014-06-19,irrigation,80,0.245273832887131
2014-06-20,irrigation,80,0.244972073690466
2014-06-21,irrigation,80,0.244983612720736
2014-06-22,irrigation,80,0.244077161637518
2014-06-23,irrigation,80,0.241991376734163
2014-06-24,irrigation,80,0.240714502956016
2014-06-25,irrigation,80,0.241233951390599
2014-06-26,irrigation,80,0.241094289893516
2014-06-27,irrigation,80,0.240904220445047
2014-06-28,irrigation,80,0.240173130029405
2014-06-29,irrigation,80,0.238595402434436
2014-06-30,irrigation,80,0.238719164487436
2014-07-01,irrigation,80,0.239502915239251
2014-07-02,irrigation,80,0.238751719326202
2014-07-03,irrigation,80,0.240939379945749
2014-07-04,irrigation,80,0.242083128043708
2014-07-05,irrigation,80,0.242416392203646
2014-07-06,irrigation,80,0.244387786479833
2014-07-07,irrigation,80,0.243625201239238
2014-07-08,irrigation,80,0.242822643795648
2014-07-09,irrigation,80,0.245229190047279
2014-07-10,irrigation,80,0.245954326960125
2014-07-11,irrigation,80,0.25201675764651
2014-07-12,irrigation,80,0.256312046405336
2014-07-13,irrigation,80,0.258550561257487
2014-07-14,irrigation,80,0.260727948720414
2014-07-15,irrigation,80,0.274327754151563
2014-07-16,irrigation,80,0.284895449076766
2014-07-17,irrigation,80,0.291321172548601
2014-07-18,irrigation,80,0.288962971206411
2014-07-19,irrigation,80,0.285280882889389
2014-07-20,irrigation,80,0.280542732678295
2014-07-21,irrigation,80,0.27777347208708
2014-07-22,irrigation,80,0.280409354567213
2014-07-23,irrigation,80,0.284294106857239
2014-07-24,irrigation,80,0.284962600166973
2014-07-25,irrigation,80,0.291316573078377
2014-07-26,irrigation,80,0.296187240689647
2014-07-27,irrigation,80,0.303946582692786
2014-07-28,irrigation,80,0.308880746588212
2014-07-29,irrigation,80,0.437405693220962
2014-07-30,irrigation,80,0.441522264327485
2014-07-31,irrigation,80,0.437362317637567
2014-08-01,irrigation,80,0.429503200074126
2014-08-02,irrigation,80,0.418823697938156
2014-08-03,irrigation,80,0.409143526862208
2014-08-04,irrigation,80,0.404134283632479
2014-08-05,irrigation,80,0.398378879842253
2014-08-06,irrigation,80,0.393433807329818
2014-08-07,irrigation,80,0.39089964723031
2014-08-08,irrigation,80,0.390496172628003
2014-08-09,irrigation,80,0.399219581605109
2014-08-10,irrigation,80,0.403055589038994
2014-08-11,irrigation,80,0.40454393014985
2014-08-12,irrigation,80,0.410421048890214
2014-08-13,irrigation,80,0.410398531841375
2014-08-14,irrigation,80,0.410624381347879
2014-08-15,irrigation,80,0.408668713037281
2014-08-16,irrigation,80,0.407700763095217
2014-08-17,irrigation,80,0.405549388351844
2014-08-18,irrigation,80,0.404411267762402
2014-08-19,irrigation,80,0.402639279544443
2014-08-20,irrigation,80,0.402599277432733
2014-08-21,irrigation,80,0.402581518737199
2014-08-22,irrigation,80,0.40159142246388
2014-08-23,irrigation,80,0.399182849785472
2014-08-24,irrigation,80,0.397359875359272
2014-08-25,irrigation,80,0.394654753140135
2014-08-26,irrigation,80,0.400115044815191
2014-08-27,irrigation,80,0.407678662271175
2014-08-28,irrigation,80,0.407185739256434
2014-08-29,irrigation,80,0.404655468963986
2014-08-30,irrigation,80,0.401845419899641
2014-08-31,irrigation,80,0.398039134793281
2014-09-01,irrigation,80,0.39600972251279
2014-09-02,irrigation,80,0.393881988308499
2014-09-03,irrigation,80,0.393218021442596
2014-09-04,irrigation,80,0.392409813343567
2014-09-05,irrigation,80,0.392438862768197
2014-09-06,irrigation,80,0.3934402482187
2014-09-07,irrigation,80,0.393111896519649
2014-09-08,irrigation,80,0.394169181689165
2014-09-09,irrigation,80,0.39166394734826
2014-09-10,irrigation,80,0.39356388839413
2014-09-11,irrigation,80,0.393009867156638
2014-09-12,irrigation,80,0.39219338023281
2014-09-13,irrigation,80,0.394907720606973
2014-09-14,irrigation,80,0.394594395291266
2014-09-15,irrigation,80,0.394672536659626
2014-09-16,irrigation,80,0.395299124447582
2014-09-17,irrigation,80,0.394983152647719
2014-09-18,irrigation,80,0.395632403423477
2014-09-19,irrigation,80,0.39543015608621
2014-09-20,irrigation,80,0.395509839041441
2014-09-21,irrigation,80,0.394274474687119
2014-09-22,irrigation,80,0.396391010912142
2014-09-23,irrigation,80,0.39477684188838
2014-09-24,irrigation,80,0.394296548286226
2014-09-25,irrigation,80,0.39466080852479
2014-09-26,irrigation,80,0.393672311126284
2014-09-27,irrigation,80,0.394331362197369
2014-09-28,irrigation,80,0.393732467373793
2014-09-29,irrigation,80,0.393028890145172
2014-09-30,irrigation,80,0.39248251039563
2014-10-01,irrigation,80,0.394430428680641
2014-10-02,irrigation,80,0.394311189479228
2014-10-03,irrigation,80,0.391648770764655
2014-10-04,irrigation,80,0.389700990647216
2014-10-05,irrigation,80,0.386614473594613
2014-10-06,irrigation,80,0.383972962789979
2014-10-07,irrigation,80,0.382539418484789
2014-10-08,irrigation,80,0.381565799060653
2014-10-09,irrigation,80,0.380295874845365
2014-10-10,irrigation,80,0.378265650227038
2014-10-16,irrigation,80,0.36946447904174
2014-10-17,irrigation,80,0.369654529710508
2014-10-18,irrigation,80,0.36855744467275797
2014-10-19,irrigation,80,0.367620268628512
2014-10-20,irrigation,80,0.366992764086812
2014-10-21,irrigation,80,0.366283707654074
2014-10-22,irrigation,80,0.362412436065182
2014-10-23,irrigation,80,0.361246142837227
2014-10-24,irrigation,80,0.343357498438542
2014-10-25,irrigation,80,0.321764032324911
2014-10-26,irrigation,80,0.321238605245272
2014-10-27,irrigation,80,0.320614639092388
2014-10-28,irrigation,80,0.319959078672854
2014-10-29,irrigation,80,0.319297974534459
2014-10-30,irrigation,80,0.318659356485784
2014-10-31,irrigation,80,0.317789747271292
2014-11-01,irrigation,80,0.316844038856643
2014-11-02,irrigation,80,0.315693726602705
2014-11-03,irrigation,80,0.314387123868728
2014-11-04,irrigation,80,0.312846763555874
2014-11-05,irrigation,80,0.311860683087834
2014-11-06,irrigation,80,0.311529531247406
2014-11-07,irrigation,80,0.312156687046371
2014-11-08,irrigation,80,0.312773045396137
2014-11-09,irrigation,80,0.313248404412744
2014-11-10,irrigation,80,0.313500127880532
2014-11-11,irrigation,80,0.31352592871941
2014-11-12,irrigation,80,0.313383422182018
2014-11-13,irrigation,80,0.313203336807383
2014-11-14,irrigation,80,0.313327691511525
2014-11-15,irrigation,80,0.313326333689693
2014-11-16,irrigation,80,0.313488211518446
2014-11-17,irrigation,80,0.315627302021317
2014-11-18,irrigation,80,0.317781710230263
2014-11-19,irrigation,80,0.319691845588839
2014-11-20,irrigation,80,0.321309823891129
2014-11-21,irrigation,80,0.322307927333699
2014-11-22,irrigation,80,0.322766486727985
2014-11-23,irrigation,80,0.323131389550089
2014-11-24,irrigation,80,0.323130806580421
2014-11-25,irrigation,80,0.32272510406099
2014-11-26,irrigation,80,0.322570474976126
2014-11-27,irrigation,80,0.322390725864362
2014-11-28,irrigation,80,0.322001895323504
2014-11-29,irrigation,80,0.321494704035088
2014-11-30,irrigation,80,0.320920422512792
2014-12-01,irrigation,80,0.3203835859375
2014-12-02,irrigation,80,0.320256196875
2014-12-03,irrigation,80,0.320177068203426
2014-12-04,irrigation,80,0.320026219691155
2014-12-05,irrigation,80,0.319883669663859
2014-12-06,irrigation,80,0.319861127445875
2014-12-07,irrigation,80,0.319819299845208
2014-12-08,irrigation,80,0.319662118336988
2014-12-09,irrigation,80,0.319573424371345
2014-12-10,irrigation,80,0.319468103236166
2014-12-11,irrigation,80,0.319512150492065
2014-12-12,irrigation,80,0.319348837272692
2014-12-13,irrigation,80,0.31877839907712
2014-12-14,irrigation,80,0.318445173567174
2014-12-15,irrigation,80,0.31805873814693
2014-12-16,irrigation,80,0.317594820042849
2014-12-17,irrigation,80,0.317402295774854
2014-12-18,irrigation,80,0.317346005413012
2014-12-19,irrigation,80,0.317915643486842
2014-12-20,irrigation,80,0.319758781787281
2014-12-21,irrigation,80,0.321856027532895
2014-12-22,irrigation,80,0.32376557130813
2014-12-23,irrigation,80,0.32533109519939
2014-12-24,irrigation,80,0.326179080598859
2014-12-25,irrigation,80,0.326871763019398
2014-12-26,irrigation,80,0.327304461038595
2014-12-27,irrigation,80,0.327384100914314
2014-12-28,irrigation,80,0.327470605041106
2014-12-29,irrigation,80,0.327778796696762
2014-12-30,irrigation,80,0.328086556358985
2014-12-31,irrigation,80,0.328396460278417
2015-01-01,irrigation,80,0.328862266533437
2015-01-02,irrigation,80,0.329302626658421
2015-01-03,irrigation,80,0.329824904666577
2015-01-04,irrigation,80,0.355631021443713
2015-01-05,irrigation,80,0.360967363452492
2015-01-06,irrigation,80,0.360862268503113
2015-01-07,irrigation,80,0.359935406167814
2015-01-08,irrigation,80,0.358580782803244
2015-01-09,irrigation,80,0.357210554698465
2015-01-10,irrigation,80,0.355751989144737
2015-01-11,irrigation,80,0.355281355696272
2015-01-12,irrigation,80,0.355008640749269
2015-01-13,irrigation,80,0.354468025259365
2015-01-14,irrigation,80,0.353513964930556
2015-01-15,irrigation,80,0.353015705941155
2015-01-16,irrigation,80,0.352860971761932
2015-01-17,irrigation,80,0.352206901546053
2015-01-18,irrigation,80,0.352179614042987
2015-01-19,irrigation,80,0.35208895296247
2015-01-20,irrigation,80,0.351848589728676
2015-01-21,irrigation,80,0.351473104626566
2015-01-22,irrigation,80,0.351070845985358
2015-01-23,irrigation,80,0.35069819793579
2015-01-24,irrigation,80,0.350248669020468
2015-01-25,irrigation,80,0.349682579750995
2015-01-26,irrigation,80,0.34905121973867
2015-01-27,irrigation,80,0.348360706017909
2015-01-28,irrigation,80,0.348109886118499
2015-01-29,irrigation,80,0.347714732135691
2015-01-30,irrigation,80,0.347758427655336
2015-01-31,irrigation,80,0.349721138108553
2015-02-01,irrigation,80,0.351063781533642
2015-02-02,irrigation,80,0.351683245681652
2015-02-03,irrigation,80,0.351959872201459
2015-02-04,irrigation,80,0.352081559703753
2015-02-05,irrigation,80,0.351969554728327
2015-02-06,irrigation,80,0.351695932605994
2015-02-07,irrigation,80,0.351425757644395
2015-02-08,irrigation,80,0.35111250532034
2015-02-09,irrigation,80,0.350896065059745
2015-02-10,irrigation,80,0.350653436112044
2015-02-11,irrigation,80,0.350331473890716
2015-02-12,irrigation,80,0.34994713693348
2015-02-13,irrigation,80,0.349468703819444
2015-02-14,irrigation,80,0.349038775542996
2015-02-15,irrigation,80,0.34889380627924
2015-02-16,irrigation,80,0.351463561600372
2015-02-17,irrigation,80,0.355537131975589
2015-02-18,irrigation,80,0.358517998935367
2015-02-19,irrigation,80,0.359389960991564
2015-02-20,irrigation,80,0.359188371647888
2015-02-21,irrigation,80,0.358498476664839
2015-02-22,irrigation,80,0.357872980126096
2015-02-23,irrigation,80,0.35875948532712
2015-02-24,irrigation,80,0.359140109906915
2015-02-25,irrigation,80,0.359880760086825
2015-02-26,irrigation,80,0.359744290518199
2015-02-27,irrigation,80,0.359218748134604
2015-02-28,irrigation,80,0.358580985181483
2015-03-01,irrigation,80,0.357577423528167
2015-03-02,irrigation,80,0.360283094916537
2015-03-03,irrigation,80,0.366292588940603
2015-03-04,irrigation,80,0.366777996789521
2015-03-05,irrigation,80,0.365811042887232
2015-03-06,irrigation,80,0.364507052311769
2015-03-07,irrigation,80,0.363136859329118
2015-03-08,irrigation,80,0.361721984011438
2015-03-09,irrigation,80,0.360377508002558
2015-03-10,irrigation,80,0.35905960406421
2015-03-11,irrigation,80,0.357700720179157
2015-03-12,irrigation,80,0.356286406897991
2015-03-13,irrigation,80,0.354856429432469
2015-03-14,irrigation,80,0.353493336360982
2015-03-15,irrigation,80,0.352219873958333
2015-03-16,irrigation,80,0.350956931770833
2015-03-17,irrigation,80,0.349662626909722
2015-03-18,irrigation,80,0.348353734570541
2015-03-19,irrigation,80,0.347040408680556
2015-03-20,irrigation,80,0.345733796317617
2015-03-21,irrigation,80,0.344403807933114
2015-03-22,irrigation,80,0.343293996892225
2015-03-23,irrigation,80,0.342453526215278
2015-03-24,irrigation,80,0.341289768872442
2015-03-25,irrigation,80,0.339990593074025
2015-03-26,irrigation,80,0.338873709380482
2015-03-27,irrigation,80,0.33783029188389
2015-03-28,irrigation,80,0.33648605260537
2015-03-29,irrigation,80,0.335205489594854
2015-03-30,irrigation,80,0.334026385416667
2015-03-31,irrigation,80,0.337358492361111
2015-04-01,irrigation,80,0.344303210739704
2015-04-02,irrigation,80,0.346100394696637
2015-04-03,irrigation,80,0.346059998338816
2015-04-04,irrigation,80,0.345567852951389
2015-04-05,irrigation,80,0.345052070257675
2015-04-06,irrigation,80,0.344251090921053
2015-04-07,irrigation,80,0.343270117023026
2015-04-08,irrigation,80,0.342132263242465
2015-04-09,irrigation,80,0.340888546121765
2015-04-10,irrigation,80,0.339528324652778
2015-04-11,irrigation,80,0.338135959027778
2015-04-12,irrigation,80,0.336753996361554
2015-04-13,irrigation,80,0.335340194270833
2015-04-14,irrigation,80,0.333882424864766
2015-04-15,irrigation,80,0.332307377297732
2015-04-16,irrigation,80,0.330693788715278
2015-04-17,irrigation,80,0.329292489009036
2015-04-18,irrigation,80,0.328169623523392
2015-04-19,irrigation,80,0.326842392476243
2015-04-20,irrigation,80,0.325394189161184
2015-04-21,irrigation,80,0.323831693576389
2015-04-22,irrigation,80,0.322118484895833
2015-04-23,irrigation,80,0.320320028905336
2015-04-24,irrigation,80,0.318597045169956
2015-04-25,irrigation,80,0.316868127489035
2015-04-26,irrigation,80,0.315257895253398
2015-04-27,irrigation,80,0.313773463090278
2015-04-28,irrigation,80,0.312415868238304
2015-04-29,irrigation,80,0.310819075851608
2015-04-30,irrigation,80,0.309197658854167
2015-05-01,irrigation,80,0.312987777666301
2015-05-02,irrigation,80,0.326553961979167
2015-05-03,irrigation,80,0.34427471505117
2015-05-04,irrigation,80,0.346012645917928
2015-05-05,irrigation,80,0.352173079222074
2015-05-06,irrigation,80,0.352920492534722
2015-05-07,irrigation,80,0.351700365236018
2015-05-08,irrigation,80,0.349618338541667
2015-05-09,irrigation,80,0.347457264756944
2015-05-10,irrigation,80,0.344999788368056
2015-05-11,irrigation,80,0.342196412288012
2015-05-12,irrigation,80,0.339309144444444
2015-05-13,irrigation,80,0.337224961284722
2015-05-14,irrigation,80,0.33703595374755
2015-05-15,irrigation,80,0.341165983159722
2015-05-16,irrigation,80,0.353994618229167
2015-05-17,irrigation,80,0.356107197850877
2015-05-18,irrigation,80,0.356255672916667
2015-05-19,irrigation,80,0.357473344791667
2015-05-20,irrigation,80,0.357688666493056
2015-05-21,irrigation,80,0.356936715798611
2015-05-22,irrigation,80,0.355491636284722
2015-05-23,irrigation,80,0.355097383249269
2015-05-24,irrigation,80,0.356263244097222
2015-05-25,irrigation,80,0.353709249131944
2015-05-26,irrigation,80,0.352152480089547
2015-05-27,irrigation,80,0.350614810416667
2015-05-28,irrigation,80,0.348681187918494
2015-05-29,irrigation,80,0.346385768271199
2015-05-30,irrigation,80,0.344337297916667
2015-05-31,irrigation,80,0.342622371217105
2015-06-01,irrigation,80,0.340676656986477
2015-06-02,irrigation,80,0.338654806076389
2015-06-03,irrigation,80,0.336652649305556
2015-06-04,irrigation,80,0.334502628472222
2015-06-05,irrigation,80,0.332469417708333
2015-06-06,irrigation,80,0.330543723746345
2015-06-07,irrigation,80,0.328487585590278
2015-06-08,irrigation,80,0.326885308702874
2015-06-09,irrigation,80,0.326757866913377
2015-06-10,irrigation,80,0.328455178993056
2015-06-11,irrigation,80,0.331066521701389
2015-06-12,irrigation,80,0.328670593986407
2015-06-13,irrigation,80,0.327211952256944
2015-06-14,irrigation,80,0.325954305546418
2015-06-15,irrigation,80,0.325533487920322
2015-06-16,irrigation,80,0.325409113463085
2015-06-17,irrigation,80,0.324542300802266
2015-06-18,irrigation,80,0.323076916145833
2015-06-19,irrigation,80,0.321709831253655
2015-06-20,irrigation,80,0.322033837152778
2015-06-21,irrigation,80,0.323017140277778
2015-06-22,irrigation,80,0.322825230902778
2015-06-23,irrigation,80,0.322471630034722
2015-06-24,irrigation,80,0.325018409895833
2015-06-25,irrigation,80,0.330255192534722
2015-06-26,irrigation,80,0.329743890352705
2015-06-27,irrigation,80,0.328629791319444
2015-06-28,irrigation,80,0.327264349764254
2015-06-29,irrigation,80,0.325134475
2015-06-30,irrigation,80,0.321480291493056
2015-07-01,irrigation,80,0.318187168229167
2015-07-02,irrigation,80,0.31499824189693
2015-07-03,irrigation,80,0.311945584201389
2015-07-04,irrigation,80,0.308880866319444
2015-07-05,irrigation,80,0.304085044791667
2015-07-06,irrigation,80,0.299221093576389
2015-07-07,irrigation,80,0.294719427604167
2015-07-08,irrigation,80,0.290420604899488
2015-07-09,irrigation,80,0.284965037444592
2015-07-10,irrigation,80,0.279800642361111
2015-07-11,irrigation,80,0.2745438671875
2015-07-12,irrigation,80,0.269411717931287
2015-07-13,irrigation,80,0.265305597244152
2015-07-14,irrigation,80,0.262166307986111
2015-07-15,irrigation,80,0.258899417708333
2015-07-16,irrigation,80,0.254849803472222
2015-07-17,irrigation,80,0.252459119965278
2015-07-18,irrigation,80,0.250787421527778
2015-07-19,irrigation,80,0.248942185566987
2015-07-20,irrigation,80,0.247144701736111
2015-07-21,irrigation,80,0.243916430555556
2015-07-22,irrigation,80,0.240774195169956
2015-07-23,irrigation,80,0.239104244097222
2015-07-24,irrigation,80,0.236714892534722
2015-07-25,irrigation,80,0.234613148611111
2015-07-26,irrigation,80,0.235240378903509
2015-07-27,irrigation,80,0.233970052777778
2015-07-28,irrigation,80,0.234296291615497
2015-07-29,irrigation,80,0.234575846452851
2015-07-30,irrigation,80,0.234361705860746
2015-07-31,irrigation,80,0.232917721875
2015-08-01,irrigation,80,0.232433866319444
2015-08-02,irrigation,80,0.241060152653509
2015-08-03,irrigation,80,0.243226274305556
2015-08-04,irrigation,80,0.243617336111111
2015-08-05,irrigation,80,0.242619603980263
2015-08-06,irrigation,80,0.240115278645833
2015-08-07,irrigation,80,0.237077117308114
2015-08-08,irrigation,80,0.233448462847222
2015-08-09,irrigation,80,0.231758284895833
2015-08-10,irrigation,80,0.232288553125
2015-08-11,irrigation,80,0.234697126940789
2015-08-12,irrigation,80,0.236212008159722
2015-08-13,irrigation,80,0.236259832986111
2015-08-14,irrigation,80,0.235517704166667
2015-08-15,irrigation,80,0.238785383876096
2015-08-16,irrigation,80,0.248891052256944
2015-08-17,irrigation,80,0.254537715277778
2015-08-18,irrigation,80,0.260515274131944
2015-08-19,irrigation,80,0.263273339900998
2015-08-20,irrigation,80,0.264867953685897
2015-08-21,irrigation,80,0.265008348424645
2015-08-22,irrigation,80,0.264270383547009
2015-08-23,irrigation,80,0.26345908598279
2015-08-24,irrigation,80,0.262593301909722
2015-08-25,irrigation,80,0.261657938105792
2015-08-26,irrigation,80,0.260036985763889
2015-08-27,irrigation,80,0.257440013600146
2015-08-28,irrigation,80,0.254788841493056
2015-08-29,irrigation,80,0.252781218671418
2015-08-30,irrigation,80,0.250717425173611
2015-08-31,irrigation,80,0.248223169618056
2015-09-01,irrigation,80,0.24677761122076
2015-09-02,irrigation,80,0.246095737152778
2015-09-03,irrigation,80,0.245232992013889
2015-09-04,irrigation,80,0.243854801388889
2015-09-05,irrigation,80,0.242440852264254
2015-09-06,irrigation,80,0.240893200504386
2015-09-07,irrigation,80,0.238984979166667
2015-09-08,irrigation,80,0.237282488762792
2015-09-09,irrigation,80,0.235344156423611
2015-09-10,irrigation,80,0.233489399479167
2015-09-11,irrigation,80,0.232507057638889
2015-09-12,irrigation,80,0.231892647810673
2015-09-13,irrigation,80,0.231216430144371
2015-09-14,irrigation,80,0.230954750520833
2015-09-15,irrigation,80,0.2323331671875
2015-09-16,irrigation,80,0.234081661458333
2015-09-17,irrigation,80,0.234719744270833
2015-09-18,irrigation,80,0.2354892484375
2015-09-19,irrigation,80,0.236107499131944
2015-09-20,irrigation,80,0.236386769965278
2015-09-21,irrigation,80,0.235899324479167
2015-09-22,irrigation,80,0.235602808854167
2015-09-23,irrigation,80,0.236123983121345
2015-09-24,irrigation,80,0.237103633159722
2015-09-25,irrigation,80,0.236006259201389
2015-09-26,irrigation,80,0.235283838541667
2015-09-27,irrigation,80,0.234613302235015
2015-09-28,irrigation,80,0.234447266776316
2015-09-29,irrigation,80,0.234019452604167
2015-09-30,irrigation,80,0.233361780703582
2015-10-01,irrigation,80,0.232458891319444
2015-10-02,irrigation,80,0.231458881770833
2015-10-03,irrigation,80,0.231017031186349
2015-10-04,irrigation,80,0.230446690277778
2015-10-05,irrigation,80,0.230461916160453
2015-10-06,irrigation,80,0.230761799524854
2015-10-07,irrigation,80,0.232124173718933
2015-10-08,irrigation,80,0.23364054155519
2015-10-09,irrigation,80,0.235531847569444
2015-10-10,irrigation,80,0.238103303537428
2015-10-12,irrigation,80,0.24069384937405
2015-10-13,irrigation,80,0.240794543576389
2015-10-14,irrigation,80,0.240943356977689
2015-10-15,irrigation,80,0.240946737839912
2015-10-16,irrigation,80,0.241601518402778
2015-10-17,irrigation,80,0.241634429340278
2015-10-18,irrigation,80,0.241220771529605
2015-10-19,irrigation,80,0.240854380208333
2015-10-20,irrigation,80,0.240233206770833
2015-10-21,irrigation,80,0.239128608561769
2015-10-22,irrigation,80,0.237930252426901
2015-10-23,irrigation,80,0.236968316840278
2015-10-24,irrigation,80,0.23602158909905
2015-10-25,irrigation,80,0.234552607118056
2015-10-26,irrigation,80,0.232880898625731
2015-10-27,irrigation,80,0.231163536074561
2015-10-28,irrigation,80,0.22832716156981
2015-10-29,irrigation,80,0.226366071875
2015-10-30,irrigation,80,0.227726033525219
2015-10-31,irrigation,80,0.228159095138889
2015-11-01,irrigation,80,0.228055596365132
2015-11-02,irrigation,80,0.227272842881944
2015-11-03,irrigation,80,0.225924911458333
2015-11-04,irrigation,80,0.224804165277778
2015-11-05,irrigation,80,0.224103550347222
2015-11-06,irrigation,80,0.2233827046875
2015-11-07,irrigation,80,0.222359620659722
2015-11-08,irrigation,80,0.221255031597222
2015-11-09,irrigation,80,0.2201508921875
2015-11-10,irrigation,80,0.219107255381944
2015-11-11,irrigation,80,0.218261653936404
2015-11-12,irrigation,80,0.217478098958333
2015-11-13,irrigation,80,0.216646245604898
2015-11-14,irrigation,80,0.215867397743056
2015-11-15,irrigation,80,0.215172899305556
2015-11-16,irrigation,80,0.214258987326389
2015-11-17,irrigation,80,0.213312544676535
2015-11-18,irrigation,80,0.212412585762061
2015-11-19,irrigation,80,0.2118067390625
2015-11-20,irrigation,80,0.211805096006944
2015-11-21,irrigation,80,0.254473638170687
2015-11-22,irrigation,80,0.252113252319079
2015-11-23,irrigation,80,0.253237545486111
2015-11-24,irrigation,80,0.254466199826389
2015-11-25,irrigation,80,0.255421652737573
2015-11-26,irrigation,80,0.256146157010234
2015-11-27,irrigation,80,0.257698216493056
2015-11-28,irrigation,80,0.259916136111111
2015-11-29,irrigation,80,0.261855185592105
2015-11-30,irrigation,80,0.263914907986111
2015-12-01,irrigation,80,0.266065525277778
2015-12-02,irrigation,80,0.268659228472222
2015-12-03,irrigation,80,0.271769911306652
2015-12-04,irrigation,80,0.274930509027778
2015-12-05,irrigation,80,0.277536024479167
2015-12-06,irrigation,80,0.279856281423611
2015-12-07,irrigation,80,0.281875021875
2015-12-08,irrigation,80,0.283479220138889
2015-12-09,irrigation,80,0.2847895703125
2015-12-10,irrigation,80,0.285768751023664
2015-12-11,irrigation,80,0.286531213243787
2015-12-12,irrigation,80,0.287240408854167
2015-12-13,irrigation,80,0.287868294270833
2015-12-14,irrigation,80,0.288417221875
2015-12-15,irrigation,80,0.288896859201389
2015-12-16,irrigation,80,0.289179049131944
2015-12-17,irrigation,80,0.289455648528874
2015-12-18,irrigation,80,0.289711431944444
2015-12-19,irrigation,80,0.289981796006944
2015-12-20,irrigation,80,0.290160488340643
2015-12-21,irrigation,80,0.29031264366410803
2015-12-22,irrigation,80,0.290298736690424
2015-12-23,irrigation,80,0.290407620539108
2015-12-24,irrigation,80,0.290503305729167
2015-12-25,irrigation,80,0.290583544444444
2015-12-26,irrigation,80,0.290607084375
2015-12-27,irrigation,80,0.290591951173246
2015-12-28,irrigation,80,0.290385874652778
2015-12-29,irrigation,80,0.290298272786915
2015-12-30,irrigation,80,0.290293071244518
2015-12-31,irrigation,80,0.290296029691155
2016-01-01,irrigation,80,0.290227622395833
2016-01-02,irrigation,80,0.289910455555556
2016-01-03,irrigation,80,0.289596147048611
2016-01-04,irrigation,80,0.289689872788743
2016-01-05,irrigation,80,0.290111080902778
2016-01-06,irrigation,80,0.290609465526316
2016-01-07,irrigation,80,0.292097173850512
2016-01-08,irrigation,80,0.29528930840095
2016-01-09,irrigation,80,0.309688759895833
2016-01-10,irrigation,80,0.327599935763889
2016-01-11,irrigation,80,0.354802975472813
2016-01-12,irrigation,80,0.381750780034722
2016-01-13,irrigation,80,0.37968775
2016-01-14,irrigation,80,0.372403161111111
2016-01-15,irrigation,80,0.368693419965278
2016-01-16,irrigation,80,0.366831582773298
2016-01-17,irrigation,80,0.364842433070175
2016-01-18,irrigation,80,0.362805891319444
2016-01-19,irrigation,80,0.360580730871711
2016-01-20,irrigation,80,0.358367194965278
2016-01-21,irrigation,80,0.356658875679825
2016-01-22,irrigation,80,0.355212795118903
2016-01-23,irrigation,80,0.3538079078125
2016-01-24,irrigation,80,0.352456841355994
2016-01-25,irrigation,80,0.3512452078125
2016-01-26,irrigation,80,0.350119485069444
2016-01-27,irrigation,80,0.349172302852705
2016-01-28,irrigation,80,0.348288983854167
2016-01-29,irrigation,80,0.347465108159722
2016-01-30,irrigation,80,0.346666657752193
2016-01-31,irrigation,80,0.347912022916667
2016-02-01,irrigation,80,0.361481855902778
2016-02-02,irrigation,80,0.364647308159722
2016-02-03,irrigation,80,0.364110757814328
2016-02-04,irrigation,80,0.363453435069444
2016-02-05,irrigation,80,0.363523265045687
2016-02-06,irrigation,80,0.363789785069444
2016-02-07,irrigation,80,0.363076137538377
2016-02-08,irrigation,80,0.362181876140351
2016-02-09,irrigation,80,0.361651611710526
2016-02-10,irrigation,80,0.364500249813597
2016-02-11,irrigation,80,0.365956994548611
2016-02-12,irrigation,80,0.365165362655336
2016-02-13,irrigation,80,0.364015090277778
2016-02-14,irrigation,80,0.368033010069444
2016-02-15,irrigation,80,0.372250309203216
2016-02-16,irrigation,80,0.372634218229167
2016-02-17,irrigation,80,0.371256251215278
2016-02-18,irrigation,80,0.369489018051901
2016-02-19,irrigation,80,0.367773198263889
2016-02-20,irrigation,80,0.366363523654971
2016-02-21,irrigation,80,0.365335593611111
2016-02-22,irrigation,80,0.365224261284722
2016-02-23,irrigation,80,0.36479171111111097
2016-02-24,irrigation,80,0.364051316493056
2016-02-25,irrigation,80,0.363923788541302
2016-02-26,irrigation,80,0.36430995079023
2016-02-27,irrigation,80,0.363738857600512
2016-02-28,irrigation,80,0.362585083777412
2016-02-29,irrigation,80,0.362317696006944
2016-03-01,irrigation,80,0.362085774173977
2016-03-02,irrigation,80,0.360983657638889
2016-03-03,irrigation,80,0.359590189058806
2016-03-04,irrigation,80,0.358681897543937
2016-03-05,irrigation,80,0.357442638368056
2016-03-06,irrigation,80,0.356810855555556
2016-03-07,irrigation,80,0.356658337772295
2016-03-08,irrigation,80,0.356070137673611
2016-03-09,irrigation,80,0.35506319375
2016-03-10,irrigation,80,0.3539939109375
2016-03-11,irrigation,80,0.352857793539839
2016-03-12,irrigation,80,0.35154798191201603
2016-03-13,irrigation,80,0.3501875147343
2016-03-14,irrigation,80,0.348893132465278
2016-03-15,irrigation,80,0.347640661111111
2016-03-16,irrigation,80,0.346381536494883
2016-03-17,irrigation,80,0.345093875173611
2016-03-18,irrigation,80,0.343672414046053
2016-03-19,irrigation,80,0.342263471354167
2016-03-20,irrigation,80,0.340814726421784
2016-03-21,irrigation,80,0.339351676109284
2016-03-22,irrigation,80,0.337860493229167
2016-03-23,irrigation,80,0.336455574232456
2016-03-24,irrigation,80,0.335115746434576
2016-03-25,irrigation,80,0.333837967739401
2016-03-26,irrigation,80,0.332607604513889
2016-03-27,irrigation,80,0.331123924307772
2016-03-28,irrigation,80,0.329961181200658
2016-03-29,irrigation,80,0.328669280555556
2016-03-30,irrigation,80,0.327287840277778
2016-03-31,irrigation,80,0.325746463262995
2016-04-01,irrigation,80,0.324204968576389
2016-04-02,irrigation,80,0.322694513232822
2016-04-03,irrigation,80,0.320942247353801
2016-04-04,irrigation,80,0.319161304421076
2016-04-05,irrigation,80,0.317463422916667
2016-04-06,irrigation,80,0.316067722569444
2016-04-07,irrigation,80,0.315185317881944
2016-04-08,irrigation,80,0.31401055233829
2016-04-09,irrigation,80,0.313206744791667
2016-04-10,irrigation,80,0.312778402245863
2016-04-11,irrigation,80,0.311830863194444
2016-04-12,irrigation,80,0.310872779513889
2016-04-13,irrigation,80,0.309832506597222
2016-04-14,irrigation,80,0.309175021875
2016-04-15,irrigation,80,0.308328828563597
2016-04-16,irrigation,80,0.307378946524123
2016-04-17,irrigation,80,0.306488725093202
2016-04-18,irrigation,80,0.306023893879751
2016-04-19,irrigation,80,0.305033526730434
2016-04-20,irrigation,80,0.303485102397661
2016-04-21,irrigation,80,0.301812263888889
2016-04-22,irrigation,80,0.3000446921875
2016-04-23,irrigation,80,0.298221364739253
2016-04-24,irrigation,80,0.29799741349598
2016-04-25,irrigation,80,0.297190542364766
2016-04-26,irrigation,80,0.296142120486111
2016-04-27,irrigation,80,0.294930752474415
2016-04-28,irrigation,80,0.293584702083333
2016-04-29,irrigation,80,0.2921216
2016-04-30,irrigation,80,0.290227754669225
2016-05-01,irrigation,80,0.288733674131944
2016-05-02,irrigation,80,0.288185677430556
2016-05-03,irrigation,80,0.286970772141813
2016-05-04,irrigation,80,0.285326391165936
2016-05-05,irrigation,80,0.282859749906798
2016-05-06,irrigation,80,0.279975049471857
2016-05-07,irrigation,80,0.276733594791667
2016-05-08,irrigation,80,0.2733490109375
2016-05-09,irrigation,80,0.269801086330409
2016-05-10,irrigation,80,0.265756284722222
2016-05-11,irrigation,80,0.261454905917398
2016-05-12,irrigation,80,0.25829298944079
2016-05-13,irrigation,80,0.258398061282895
2016-05-14,irrigation,80,0.259171833914474
2016-05-15,irrigation,80,0.259201269618056
2016-05-16,irrigation,80,0.258793491666667
2016-05-17,irrigation,80,0.257930537065058
2016-05-18,irrigation,80,0.256459348512505
2016-05-19,irrigation,80,0.255322245138889
2016-05-20,irrigation,80,0.25441909778326
2016-05-21,irrigation,80,0.252029203618421
2016-05-22,irrigation,80,0.248530199199561
2016-05-23,irrigation,80,0.245570172195173
2016-05-24,irrigation,80,0.2466632420976
2016-05-25,irrigation,80,0.246924930902778
2016-05-26,irrigation,80,0.246484441319444
2016-05-27,irrigation,80,0.245280457527412
2016-05-28,irrigation,80,0.243171207638889
2016-05-29,irrigation,80,0.241943087645499
2016-05-30,irrigation,80,0.244491146098319
2016-05-31,irrigation,80,0.245228049619883
2016-06-01,irrigation,80,0.245263104373522
2016-06-02,irrigation,80,0.246135224275149
2016-06-03,irrigation,80,0.247879816445541
2016-06-04,irrigation,80,0.249208628799342
2016-06-05,irrigation,80,0.250869775376462
2016-06-06,irrigation,80,0.251548190811742
2016-06-07,irrigation,80,0.251451410030569
2016-06-08,irrigation,80,0.251423723854905
2016-06-09,irrigation,80,0.251915946999103
2016-06-10,irrigation,80,0.251724977135564
2016-06-11,irrigation,80,0.251418669276542
2016-06-12,irrigation,80,0.251972394420039
2016-06-13,irrigation,80,0.25208305495614
2016-06-14,irrigation,80,0.253277700772849
2016-06-15,irrigation,80,0.252331721154971
2016-06-16,irrigation,80,0.251018996482091
2016-06-17,irrigation,80,0.250214455087241
2016-06-18,irrigation,80,0.249863307766618
2016-06-19,irrigation,80,0.249612380135552
2016-06-20,irrigation,80,0.248821860468381
2016-06-21,irrigation,80,0.248408082088816
2016-06-22,irrigation,80,0.247798447063457
2016-06-23,irrigation,80,0.244728844023569
2016-06-24,irrigation,80,0.242479799287988
2016-06-25,irrigation,80,0.241178715485304
2016-06-26,irrigation,80,0.242269432012061
2016-06-27,irrigation,80,0.242312943075658
2016-06-28,irrigation,80,0.241026247362939
2016-06-29,irrigation,80,0.238992056240863
2016-06-30,irrigation,80,0.237786351973684
2016-07-01,irrigation,80,0.237563992276152
2016-07-02,irrigation,80,0.238068618108553
2016-07-03,irrigation,80,0.239746670095029
2016-07-04,irrigation,80,0.239239756076389
2016-07-05,irrigation,80,0.238226833843202
2016-07-06,irrigation,80,0.236312075189587
2016-07-07,irrigation,80,0.233686857685132
2016-07-08,irrigation,80,0.231131744119385
2016-07-09,irrigation,80,0.22827289497807
2016-07-10,irrigation,80,0.225234289449927
2016-07-11,irrigation,80,0.222536186948099
2016-07-12,irrigation,80,0.221019920634215
2016-07-13,irrigation,80,0.223041939954313
2016-07-14,irrigation,80,0.224991726947672
2016-07-15,irrigation,80,0.242847947677266
2016-07-16,irrigation,80,0.242789678472222
2016-07-17,irrigation,80,0.240706069436668
2016-07-18,irrigation,80,0.237769571431738
2016-07-19,irrigation,80,0.234602121973444
2016-07-20,irrigation,80,0.230848758022248
2016-07-21,irrigation,80,0.227283662966339
2016-07-22,irrigation,80,0.225163672395833
2016-07-23,irrigation,80,0.225590751452851
2016-07-24,irrigation,80,0.225277670095442
2016-07-25,irrigation,80,0.224415853611583
2016-07-26,irrigation,80,0.222805126338844
2016-07-27,irrigation,80,0.221027211728762
2016-07-28,irrigation,80,0.219264401464477
2016-07-29,irrigation,80,0.217562831284722
2016-07-30,irrigation,80,0.215988225520833
2016-07-31,irrigation,80,0.215224890001827
2016-08-01,irrigation,80,0.215195203546022
2016-08-02,irrigation,80,0.215388014632092
2016-08-03,irrigation,80,0.215099235933845
2016-08-04,irrigation,80,0.213886977072512
2016-08-05,irrigation,80,0.214370810555556
2016-08-06,irrigation,80,0.21585737427511
2016-08-07,irrigation,80,0.215868917595029
2016-08-08,irrigation,80,0.215475079166136
2016-08-09,irrigation,80,0.215453018134954
2016-08-10,irrigation,80,0.215524299425894
2016-08-11,irrigation,80,0.216463476154971
2016-08-12,irrigation,80,0.22982559164132
2016-08-13,irrigation,80,0.228365726446043
2016-08-14,irrigation,80,0.224253216111588
2016-08-15,irrigation,80,0.220466206604827
2016-08-16,irrigation,80,0.216932807608775
2016-08-17,irrigation,80,0.213594867819849
2016-08-18,irrigation,80,0.211342904031433
2016-08-19,irrigation,80,0.210201664890351
2016-08-20,irrigation,80,0.209346923391813
2016-08-21,irrigation,80,0.208642881352339
2016-08-22,irrigation,80,0.207299939644262
2016-08-23,irrigation,80,0.206046319223591
2016-08-24,irrigation,80,0.205158113079437
2016-08-25,irrigation,80,0.204382799593583
2016-08-26,irrigation,80,0.204068217808067
2016-08-27,irrigation,80,0.20368775625
2016-08-28,irrigation,80,0.203632592417996
2016-08-29,irrigation,80,0.206184292389626
2016-08-30,irrigation,80,0.207392964863018
2016-08-31,irrigation,80,0.211787696678987
2016-09-01,irrigation,80,0.211542521795509
2016-09-02,irrigation,80,0.211757872162787
2016-09-03,irrigation,80,0.211815807383352
2016-09-04,irrigation,80,0.210831046142229
2016-09-05,irrigation,80,0.209748614754145
2016-09-06,irrigation,80,0.210784311853944
2016-09-07,irrigation,80,0.209239604153638
2016-09-08,irrigation,80,0.20731471184927
2016-09-09,irrigation,80,0.205296867056791
2016-09-10,irrigation,80,0.202995402424534
2016-09-11,irrigation,80,0.200089455991794
2016-09-12,irrigation,80,0.196409816603023
2016-09-13,irrigation,80,0.192492410457284
2016-09-14,irrigation,80,0.188909229488841
2016-09-15,irrigation,80,0.186241031021564
2016-09-16,irrigation,80,0.184821098089889
2016-09-17,irrigation,80,0.184701689010786
2016-09-18,irrigation,80,0.184322025435408
2016-09-19,irrigation,80,0.183381958392979
2016-09-20,irrigation,80,0.181431618441155
2016-09-21,irrigation,80,0.180199559967105
2016-09-22,irrigation,80,0.179491243919528
2016-09-23,irrigation,80,0.177692364325658
2016-09-24,irrigation,80,0.175720490383772
2016-09-25,irrigation,80,0.173758449279699
2016-09-26,irrigation,80,0.172041880097808
2016-09-27,irrigation,80,0.170695057840542
2016-09-28,irrigation,80,0.171418818322428
2016-10-07,irrigation,80,0.316959128918658
2016-10-08,irrigation,80,0.314505044842693
2016-10-09,irrigation,80,0.310687888836475
2016-10-10,irrigation,80,0.30664364675442
2016-10-11,irrigation,80,0.302943652118883
2016-10-12,irrigation,80,0.299122642935295
2016-10-13,irrigation,80,0.295507979970204
2016-10-14,irrigation,80,0.291879960114895
2016-10-15,irrigation,80,0.290756795816532
2016-10-16,irrigation,80,0.289579122555582
2016-10-17,irrigation,80,0.288376756239795
2016-10-18,irrigation,80,0.287257312038782
2016-10-19,irrigation,80,0.285729116268805
2016-10-20,irrigation,80,0.283644953460412
2016-10-21,irrigation,80,0.281319136871558
2016-10-22,irrigation,80,0.279111586865927
2016-10-23,irrigation,80,0.276797848167654
2016-10-24,irrigation,80,0.273612978723054
2016-10-25,irrigation,80,0.270681894384296
2016-10-26,irrigation,80,0.270244155032794
2016-10-27,irrigation,80,0.269576692212696
2016-10-28,irrigation,80,0.269676210903598
2016-10-29,irrigation,80,0.269413987721602
2016-10-30,irrigation,80,0.269103053798653
2016-10-31,irrigation,80,0.268956449820051
2016-11-01,irrigation,80,0.268659538733671
2016-11-02,irrigation,80,0.268166216504598
2016-11-03,irrigation,80,0.267737947482598
2016-11-04,irrigation,80,0.267294612133676
2016-11-05,irrigation,80,0.26630155284512
2016-11-06,irrigation,80,0.265716935395925
2016-11-07,irrigation,80,0.265627984002326
2016-11-08,irrigation,80,0.265630053490863
2016-11-09,irrigation,80,0.265581451038704
2016-11-10,irrigation,80,0.265550374341162
2016-11-11,irrigation,80,0.277981316747465
2016-11-12,irrigation,80,0.291367473207357
2016-11-13,irrigation,80,0.303065563384467
2016-11-14,irrigation,80,0.308668378543861
2016-11-15,irrigation,80,0.312033693591036
2016-11-16,irrigation,80,0.31441420254001
2016-11-17,irrigation,80,0.31590425170205
2016-11-18,irrigation,80,0.316908941988096
2016-11-19,irrigation,80,0.317358108746548
2016-11-20,irrigation,80,0.319129473612679
2016-11-21,irrigation,80,0.320797966277648
2016-11-22,irrigation,80,0.321130914579868
2016-11-23,irrigation,80,0.320700032395271
2016-11-24,irrigation,80,0.319811734612416
2016-11-25,irrigation,80,0.318817990825878
2016-11-26,irrigation,80,0.317990088058475
2016-11-27,irrigation,80,0.3171700171293
2016-11-28,irrigation,80,0.316533083247675
2016-11-29,irrigation,80,0.316152521633645
2016-11-30,irrigation,80,0.315763730286637
2016-12-01,irrigation,80,0.315448116241728
2016-12-02,irrigation,80,0.315113900526094
2016-12-03,irrigation,80,0.314790362662487
2016-12-04,irrigation,80,0.314561105841864
2016-12-05,irrigation,80,0.31433608840485
2016-12-06,irrigation,80,0.314054083722633
2016-12-07,irrigation,80,0.313740572232633
2016-12-08,irrigation,80,0.313395081722905
2016-12-09,irrigation,80,0.313041213084795
2016-12-10,irrigation,80,0.312671715978272
2016-12-11,irrigation,80,0.312372051626404
2016-12-12,irrigation,80,0.312061348560537
2016-12-13,irrigation,80,0.311869328972077
2016-12-14,irrigation,80,0.311636862390596
2016-12-15,irrigation,80,0.311435619955969
2016-12-16,irrigation,80,0.311088654323727
2016-12-17,irrigation,80,0.310894598808909
2016-12-18,irrigation,80,0.310509045127252
2016-12-19,irrigation,80,0.310121876677907
2016-12-20,irrigation,80,0.309699172056154
2016-12-21,irrigation,80,0.309270597826473
2016-12-22,irrigation,80,0.308949456653332
2016-12-23,irrigation,80,0.308653721590729
2016-12-24,irrigation,80,0.308403932564347
2016-12-25,irrigation,80,0.30822542421597
2016-12-26,irrigation,80,0.30796818696549
2016-12-27,irrigation,80,0.307651697239234
2016-12-28,irrigation,80,0.307358364375192
2016-12-29,irrigation,80,0.307129318654925
2016-12-30,irrigation,80,0.306952558994074
2016-12-31,irrigation,80,0.306751372695066
2017-01-01,irrigation,80,0.30654526981631
2017-01-02,irrigation,80,0.306390656404551
2017-01-03,irrigation,80,0.306500193236322
2017-01-04,irrigation,80,0.306341231476546
2017-01-05,irrigation,80,0.306168301486836
2017-01-06,irrigation,80,0.30585333743337
2017-01-07,irrigation,80,0.305536303941565
2017-01-08,irrigation,80,0.305509175279694
2017-01-09,irrigation,80,0.305485822581829
2017-01-10,irrigation,80,0.305272155367264
2017-01-11,irrigation,80,0.305208456565302
2017-01-12,irrigation,80,0.305037355922919
2017-01-13,irrigation,80,0.304812013308992
2017-01-14,irrigation,80,0.305696593978701
2017-01-15,irrigation,80,0.30715250926756
2017-01-16,irrigation,80,0.308393965175005
2017-01-17,irrigation,80,0.309464450527528
2017-01-18,irrigation,80,0.310305185245532
2017-01-19,irrigation,80,0.310874876914346
2017-01-20,irrigation,80,0.311225737059042
2017-01-21,irrigation,80,0.31139364095042
2017-01-22,irrigation,80,0.311472961857781
2017-01-23,irrigation,80,0.311534509179496
2017-01-24,irrigation,80,0.311576051284334
2017-01-25,irrigation,80,0.311488385688319
2017-01-26,irrigation,80,0.311375716288626
2017-01-27,irrigation,80,0.311270080549059
2017-01-28,irrigation,80,0.31138020089889
2017-01-29,irrigation,80,0.311353304256797
2017-01-30,irrigation,80,0.311163824962061
2017-01-31,irrigation,80,0.310721649603436
2017-02-01,irrigation,80,0.310462806894402
2017-02-02,irrigation,80,0.311380381062005
2017-02-03,irrigation,80,0.313357475940352
2017-02-04,irrigation,80,0.314954477341631
2017-02-05,irrigation,80,0.316237753133135
2017-02-06,irrigation,80,0.317820583932399
2017-02-07,irrigation,80,0.319546292830536
2017-02-08,irrigation,80,0.322218808916301
2017-02-09,irrigation,80,0.325345002110746
2017-02-10,irrigation,80,0.328537208209064
2017-02-11,irrigation,80,0.330662027619657
2017-02-12,irrigation,80,0.331504261749655
2017-02-13,irrigation,80,0.331863185076004
2017-02-14,irrigation,80,0.33193059022523
2017-02-15,irrigation,80,0.331717889854155
2017-02-16,irrigation,80,0.331312233888599
2017-02-17,irrigation,80,0.33080641302102
2017-02-18,irrigation,80,0.33021764301332
2017-02-19,irrigation,80,0.329696996584323
2017-02-20,irrigation,80,0.32918206527795
2017-02-21,irrigation,80,0.328607669589743
2017-02-22,irrigation,80,0.327869418504948
2017-02-23,irrigation,80,0.327020890847066
2017-02-24,irrigation,80,0.326189429076126
2017-02-25,irrigation,80,0.32541046121236
2017-02-26,irrigation,80,0.324628694239298
2017-02-27,irrigation,80,0.323671316813683
2017-02-28,irrigation,80,0.322536924891516
2017-03-01,irrigation,80,0.322071276345217
2017-03-02,irrigation,80,0.321858235374292
2017-03-03,irrigation,80,0.326186465703702
2017-03-04,irrigation,80,0.329479180832945
2017-03-05,irrigation,80,0.331083255156116
2017-03-06,irrigation,80,0.336399566710032
2017-03-07,irrigation,80,0.378560466845251
2017-03-08,irrigation,80,0.371307051698343
2017-03-09,irrigation,80,0.369728731489165
2017-03-10,irrigation,80,0.369762813467724
2017-03-11,irrigation,80,0.367836377280702
2017-03-12,irrigation,80,0.365210997485601
2017-03-13,irrigation,80,0.362416599188959
2017-03-14,irrigation,80,0.359312825542048
2017-03-15,irrigation,80,0.356194564395115
2017-03-16,irrigation,80,0.353198281542516
2017-03-17,irrigation,80,0.350284980355082
2017-03-18,irrigation,80,0.347621100542271
2017-03-19,irrigation,80,0.345646324930944
2017-03-20,irrigation,80,0.344136657564779
2017-03-21,irrigation,80,0.342611103655449
2017-03-22,irrigation,80,0.341164646369492
2017-03-23,irrigation,80,0.339491134965787
2017-03-24,irrigation,80,0.337830825299202
2017-03-25,irrigation,80,0.335828690422149
2017-03-26,irrigation,80,0.334046560528843
2017-03-27,irrigation,80,0.332891142448818
2017-03-28,irrigation,80,0.33129343227139
2017-03-29,irrigation,80,0.329616904696546
2017-03-30,irrigation,80,0.327868551495193
2017-03-31,irrigation,80,0.325990871771175
2017-04-01,irrigation,80,0.32407389520645
2017-04-02,irrigation,80,0.322527903514493
2017-04-03,irrigation,80,0.320874713066771
2017-04-04,irrigation,80,0.319189446962408
2017-04-05,irrigation,80,0.317384304397085
2017-04-06,irrigation,80,0.3153663684682
2017-04-07,irrigation,80,0.313528688575067
2017-04-08,irrigation,80,0.311466045069094
2017-04-09,irrigation,80,0.30922973070951
2017-04-10,irrigation,80,0.306930208052182
2017-04-11,irrigation,80,0.304764984209233
2017-04-12,irrigation,80,0.302434362394993
2017-04-13,irrigation,80,0.299982941869835
2017-04-14,irrigation,80,0.297389449881965
2017-04-15,irrigation,80,0.294978926412351
2017-04-16,irrigation,80,0.292506900733755
2017-04-17,irrigation,80,0.290000031398882
2017-04-18,irrigation,80,0.28732368279147
2017-04-19,irrigation,80,0.284865261921748
2017-04-20,irrigation,80,0.28284575594481
2017-04-21,irrigation,80,0.280589010175121
2017-04-22,irrigation,80,0.277238886009381
2017-04-23,irrigation,80,0.27307806977657
2017-04-24,irrigation,80,0.268955263276119
2017-04-25,irrigation,80,0.265014167390351
2017-04-26,irrigation,80,0.262791810748283
2017-04-27,irrigation,80,0.263477474007318
2017-04-28,irrigation,80,0.263526390003598
2017-04-29,irrigation,80,0.262642639717742
2017-04-30,irrigation,80,0.2608080803664
2017-05-01,irrigation,80,0.258723233268944
2017-05-02,irrigation,80,0.259161727834132
2017-05-03,irrigation,80,0.25888903297284
2017-05-04,irrigation,80,0.258284748107081
2017-05-05,irrigation,80,0.25706336654689
2017-05-06,irrigation,80,0.25476630728275
2017-05-07,irrigation,80,0.254164399044954
2017-05-08,irrigation,80,0.252773784577728
2017-05-09,irrigation,80,0.25119857231039
2017-05-10,irrigation,80,0.248473514585333
2017-05-11,irrigation,80,0.244853327008695
2017-05-12,irrigation,80,0.241263747765375
2017-05-13,irrigation,80,0.238614197296229
2017-05-14,irrigation,80,0.236308408480622
2017-05-15,irrigation,80,0.232206321583415
2017-05-16,irrigation,80,0.227265585464716
2017-05-17,irrigation,80,0.222861702001533
2017-05-18,irrigation,80,0.219038219420954
2017-05-19,irrigation,80,0.215971098439102
2017-05-20,irrigation,80,0.217001977661614
2017-05-21,irrigation,80,0.216707946740192
2017-05-22,irrigation,80,0.214601255780912
2017-05-23,irrigation,80,0.211680988998444
2017-05-24,irrigation,80,0.208207372435247
2017-05-25,irrigation,80,0.203245904450438
2017-05-26,irrigation,80,0.198443710929457
2017-05-27,irrigation,80,0.193588252439698
2017-05-28,irrigation,80,0.189046975047052
2017-05-29,irrigation,80,0.184989809609665
2017-05-30,irrigation,80,0.183483924184528
2017-05-31,irrigation,80,0.183139401357897
2017-06-01,irrigation,80,0.180684707573554
2017-06-02,irrigation,80,0.178872776543402
2017-06-03,irrigation,80,0.176626711350937
2017-06-04,irrigation,80,0.176381512870966
2017-06-05,irrigation,80,0.186783482280288
2017-06-06,irrigation,80,0.20259648103775
2017-06-07,irrigation,80,0.203239438091487
2017-06-08,irrigation,80,0.202010989075498
2017-06-09,irrigation,80,0.201253604539037
2017-06-10,irrigation,80,0.200194554599003
2017-06-11,irrigation,80,0.198424970255488
2017-06-12,irrigation,80,0.196600552064603
2017-06-13,irrigation,80,0.19484827472365
2017-06-14,irrigation,80,0.194512889658909
2017-06-15,irrigation,80,0.198284409506281
2017-06-16,irrigation,80,0.19844403417489
2017-06-17,irrigation,80,0.19772865066031
2017-06-18,irrigation,80,0.19675724117468
2017-06-19,irrigation,80,0.195983431781599
2017-06-20,irrigation,80,0.194969558807085
2017-06-21,irrigation,80,0.194431775396406
2017-06-22,irrigation,80,0.194524920360161
2017-06-23,irrigation,80,0.193723552571435
2017-06-24,irrigation,80,0.192436150667961
2017-06-25,irrigation,80,0.190897335085949
2017-06-26,irrigation,80,0.189743466755679
2017-06-27,irrigation,80,0.188875833584701
2017-06-28,irrigation,80,0.190222698512838
2017-06-29,irrigation,80,0.190681478386668
2017-06-30,irrigation,80,0.19015570253102
2017-07-01,irrigation,80,0.189265755856058
2017-07-02,irrigation,80,0.188426565206116
2017-07-03,irrigation,80,0.187087211823657
2017-07-04,irrigation,80,0.185307224969265
2017-07-05,irrigation,80,0.183637188182146
2017-07-06,irrigation,80,0.181588476107204
2017-07-07,irrigation,80,0.179650645437096
2017-07-08,irrigation,80,0.177810752168161
2017-07-09,irrigation,80,0.177117602649325
2017-07-10,irrigation,80,0.176803340691173
2017-07-11,irrigation,80,0.177045940589251
2017-07-12,irrigation,80,0.177309895063703
2017-07-13,irrigation,80,0.176733024059761
2017-07-14,irrigation,80,0.175420382407636
2017-07-15,irrigation,80,0.174141056392553
2017-07-16,irrigation,80,0.173152959576096
2017-07-17,irrigation,80,0.171717421995824
2017-07-18,irrigation,80,0.169754077226134
2017-07-19,irrigation,80,0.168195445718219
2017-07-20,irrigation,80,0.167474157099156
2017-07-21,irrigation,80,0.166835199322616
2017-07-22,irrigation,80,0.165826304753621
2017-07-23,irrigation,80,0.166147642302922
2017-07-24,irrigation,80,0.166818984349551
2017-07-25,irrigation,80,0.166990199005402
2017-07-26,irrigation,80,0.166696726146511
2017-07-27,irrigation,80,0.169542766035649
2017-07-28,irrigation,80,0.207662297647895
2017-07-29,irrigation,80,0.223835685294977
2017-07-30,irrigation,80,0.221901686986278
2017-07-31,irrigation,80,0.221472579889111
2017-08-01,irrigation,80,0.221986392506381
2017-08-02,irrigation,80,0.227589549099882
2017-08-03,irrigation,80,0.240498897247056
2017-08-04,irrigation,80,0.245039602676945
2017-08-05,irrigation,80,0.249034595489503
2017-08-06,irrigation,80,0.250841898048891
2017-08-07,irrigation,80,0.249321540371165
2017-08-08,irrigation,80,0.25030400860704
2017-08-09,irrigation,80,0.267049215734504
2017-08-10,irrigation,80,0.271184501689475
2017-08-11,irrigation,80,0.282891161734575
2017-08-12,irrigation,80,0.286694858242164
2017-08-13,irrigation,80,0.286325951873539
2017-08-14,irrigation,80,0.300118172048567
2017-08-15,irrigation,80,0.3042576522158
2017-08-16,irrigation,80,0.304382000973331
2017-08-17,irrigation,80,0.308770216482266
2017-08-18,irrigation,80,0.308699099735545
2017-08-19,irrigation,80,0.312462201369421
2017-08-20,irrigation,80,0.316323052175251
2017-08-21,irrigation,80,0.317113693667182
2017-08-22,irrigation,80,0.31809280713394
2017-08-23,irrigation,80,0.317507088811753
2017-08-24,irrigation,80,0.317295619064679
2017-08-25,irrigation,80,0.316861927424739
2017-08-26,irrigation,80,0.315328488600916
2017-08-27,irrigation,80,0.313772845519235
2017-08-28,irrigation,80,0.313356977429246
2017-08-29,irrigation,80,0.308922362076611
2017-08-30,irrigation,80,0.302947043201391
2017-08-31,irrigation,80,0.298642545649037
2017-09-01,irrigation,80,0.302576302332236
2017-09-02,irrigation,80,0.303451380907507
2017-09-03,irrigation,80,0.304269238938674
2017-09-04,irrigation,80,0.304047813172659
2017-09-05,irrigation,80,0.303085415656066
2017-09-06,irrigation,80,0.301525133316685
2017-09-07,irrigation,80,0.300698631552919
2017-09-08,irrigation,80,0.299955319241964
2017-09-09,irrigation,80,0.300525603712596
2017-09-10,irrigation,80,0.303842935394766
2017-09-11,irrigation,80,0.306600011357151
2017-09-12,irrigation,80,0.308188800780861
2017-09-13,irrigation,80,0.3099092044538
2017-09-14,irrigation,80,0.323212754266354
2017-09-15,irrigation,80,0.324029598257373
2017-09-16,irrigation,80,0.323083202766763
2017-09-17,irrigation,80,0.32212752110479
2017-09-18,irrigation,80,0.323934687227214
2017-09-19,irrigation,80,0.327669151282312
2017-09-20,irrigation,80,0.327199775903426
2017-09-21,irrigation,80,0.325600854200696
2017-09-22,irrigation,80,0.325015203790165
2017-09-23,irrigation,80,0.32505692299732
2017-09-24,irrigation,80,0.336160788658384
2017-09-25,irrigation,80,0.331575651289365
2017-09-26,irrigation,80,0.329698139427726
2017-09-27,irrigation,80,0.328139970116891
2017-09-28,irrigation,80,0.327774052354975
2017-09-29,irrigation,80,0.32686451935113
2017-09-30,irrigation,80,0.32501110656298
2017-10-01,irrigation,80,0.325657767096102
2017-10-02,irrigation,80,0.328376822402244
2017-10-03,irrigation,80,0.330438545364066
2017-10-04,irrigation,80,0.33538572360201
2017-10-05,irrigation,80,0.336908620698215
2017-10-06,irrigation,80,0.336156372106448
2017-10-07,irrigation,80,0.337530091095979
2017-10-08,irrigation,80,0.337253279747533
2017-10-09,irrigation,80,0.337160486801441
2017-10-10,irrigation,80,0.336297258686169
2017-10-11,irrigation,80,0.333188951828359
2017-10-12,irrigation,80,0.329222175531226
2017-10-13,irrigation,80,0.324157685421877
2017-10-14,irrigation,80,0.319264944407118
2017-10-15,irrigation,80,0.314803236142674
2017-10-16,irrigation,80,0.310662955745241
2017-10-17,irrigation,80,0.306653896868506
2017-10-18,irrigation,80,0.302670989343373
2017-10-19,irrigation,80,0.299029832596464
2017-10-20,irrigation,80,0.295626132762146
2017-10-21,irrigation,80,0.292438651164171
2017-10-22,irrigation,80,0.289665766341362
2017-10-23,irrigation,80,0.287647961670404
2017-10-24,irrigation,80,0.285492166256606
2017-10-25,irrigation,80,0.282802436628543
2017-10-26,irrigation,80,0.279564208493143
2017-10-27,irrigation,80,0.276545938674196
2017-10-28,irrigation,80,0.274257946597089
2017-10-29,irrigation,80,0.27206399656034
2017-10-30,irrigation,80,0.270651890967074
2017-10-31,irrigation,80,0.269094042427831
2017-11-01,irrigation,80,0.267286661205216
2017-11-02,irrigation,80,0.264658506125709
2017-11-03,irrigation,80,0.262060703478345
2017-11-04,irrigation,80,0.259082204505877
2017-11-05,irrigation,80,0.272704173115579
2017-11-06,irrigation,80,0.273696976276138
2017-11-07,irrigation,80,0.274463465486612
2017-11-08,irrigation,80,0.274762329302313
2017-11-09,irrigation,80,0.27500053867539
2017-11-10,irrigation,80,0.275092894102381
2017-11-11,irrigation,80,0.274528232950386
2017-11-12,irrigation,80,0.274131189848247
2017-11-13,irrigation,80,0.274267735732249
2017-11-14,irrigation,80,0.274903167323071
2017-11-15,irrigation,80,0.275427183191816
2017-11-16,irrigation,80,0.27588508248375
2017-11-17,irrigation,80,0.276307183717421
2017-11-18,irrigation,80,0.276689461681028
2017-11-19,irrigation,80,0.276962206518381
2017-11-20,irrigation,80,0.261751807789329
2017-11-21,irrigation,80,0.262148718376511
2017-11-22,irrigation,80,0.262323455783564
2017-11-23,irrigation,80,0.262514130651368
2017-11-24,irrigation,80,0.262623995989238
2017-11-25,irrigation,80,0.262255957146345
2017-11-26,irrigation,80,0.262666781899127
2017-11-27,irrigation,80,0.26288775301707
2017-11-28,irrigation,80,0.263180506166751
2017-11-29,irrigation,80,0.263296666383428
2017-11-30,irrigation,80,0.263687692578901
2017-12-01,irrigation,80,0.264173900886789
2017-12-02,irrigation,80,0.264565915132337
2017-12-03,irrigation,80,0.264982246243504
2017-12-04,irrigation,80,0.265387134426841
2017-12-05,irrigation,80,0.265760199866049
2017-12-06,irrigation,80,0.266057536463453
2017-12-07,irrigation,80,0.26638450409561
2017-12-08,irrigation,80,0.265667382172096
2017-12-09,irrigation,80,0.266300492298957
2017-12-10,irrigation,80,0.266442825086176
2017-12-11,irrigation,80,0.26624820796444
2017-12-12,irrigation,80,0.268094288483179
2017-12-13,irrigation,80,0.272509895750158
2017-12-14,irrigation,80,0.277281704148324
2017-12-15,irrigation,80,0.282338163123083
2017-12-16,irrigation,80,0.289868041517904
2017-12-17,irrigation,80,0.29902724642039
2017-12-18,irrigation,80,0.306342094167781
2017-12-19,irrigation,80,0.312946379370055
2017-12-20,irrigation,80,0.317121328927682
2017-12-21,irrigation,80,0.320006811795193
2017-12-22,irrigation,80,0.32145948566669
2017-12-23,irrigation,80,0.3223916132675
2017-12-24,irrigation,80,0.323775091747696
2017-12-25,irrigation,80,0.325324543120694
2017-12-26,irrigation,80,0.32625818523406
2017-12-27,irrigation,80,0.326473237406592
2017-12-28,irrigation,80,0.326742465402855
2017-12-29,irrigation,80,0.328491125493372
2017-12-30,irrigation,80,0.346006788099972
2017-12-31,irrigation,80,0.379463052778695
2018-01-01,irrigation,80,0.370449687251706
2018-01-02,irrigation,80,0.37377939609355
2018-01-03,irrigation,80,0.381747420187772
2018-01-04,irrigation,80,0.397194798328678
2018-01-05,irrigation,80,0.397478026150293
2018-01-06,irrigation,80,0.385117021549339
2018-01-07,irrigation,80,0.376187292090194
2018-01-08,irrigation,80,0.377835727042073
2018-01-09,irrigation,80,0.400804350064093
2018-01-10,irrigation,80,0.395959098330151
2018-01-11,irrigation,80,0.380860207678067
2018-01-12,irrigation,80,0.376142039064794
2018-01-13,irrigation,80,0.373143080662114
2018-01-14,irrigation,80,0.370850248633054
2018-01-15,irrigation,80,0.368718332432704
2018-01-16,irrigation,80,0.366630216481297
2018-01-17,irrigation,80,0.366052571497852
2018-01-18,irrigation,80,0.367576239704401
2018-01-19,irrigation,80,0.373537381420578
2018-01-20,irrigation,80,0.375310506006095
2018-01-21,irrigation,80,0.389355616655251
2018-01-22,irrigation,80,0.404827789294399
2018-01-23,irrigation,80,0.40679970657385
2018-01-24,irrigation,80,0.390524218691249
2018-01-25,irrigation,80,0.379862117476159
2018-01-26,irrigation,80,0.375661023696994
2018-01-27,irrigation,80,0.373149318058016
2018-01-28,irrigation,80,0.370986171690045
2018-01-29,irrigation,80,0.368821972979879
2018-01-30,irrigation,80,0.366758729385603
2018-01-31,irrigation,80,0.364674065598092
2018-02-01,irrigation,80,0.362970994415278
2018-02-02,irrigation,80,0.361486835765394
2018-02-03,irrigation,80,0.361013097577746
2018-02-04,irrigation,80,0.360124807583295
2018-02-05,irrigation,80,0.359061156395373
2018-02-06,irrigation,80,0.357811281818142
2018-02-07,irrigation,80,0.356676512255666
2018-02-08,irrigation,80,0.355659649890772
2018-02-09,irrigation,80,0.354661656704069
2018-02-10,irrigation,80,0.353725015340674
2018-02-11,irrigation,80,0.352711657299485
2018-02-12,irrigation,80,0.351778732077672
2018-02-13,irrigation,80,0.35111251957135
2018-02-14,irrigation,80,0.350461000443465
2018-02-15,irrigation,80,0.349639000849687
2018-02-16,irrigation,80,0.349223645228204
2018-02-17,irrigation,80,0.350571326306009
2018-02-18,irrigation,80,0.355021041351751
2018-02-19,irrigation,80,0.359457935135326
2018-02-20,irrigation,80,0.360926157574325
2018-02-21,irrigation,80,0.360873321418831
2018-02-22,irrigation,80,0.360341274697403
2018-02-23,irrigation,80,0.359552826007474
2018-02-24,irrigation,80,0.35867939502717
2018-02-25,irrigation,80,0.357728601562916
2018-02-26,irrigation,80,0.35674040734206
2018-02-27,irrigation,80,0.35575717300882
2018-02-28,irrigation,80,0.35487482557756
2018-03-01,irrigation,80,0.353823860819191
2018-03-02,irrigation,80,0.352619430491268
2018-03-03,irrigation,80,0.351599136676227
2018-03-04,irrigation,80,0.350748377914532
2018-03-05,irrigation,80,0.349923054854827
2018-03-06,irrigation,80,0.349471468112058
2018-03-07,irrigation,80,0.34897326938616
2018-03-08,irrigation,80,0.348383355440227
2018-03-09,irrigation,80,0.347757822818898
2018-03-10,irrigation,80,0.347000138622761
2018-03-11,irrigation,80,0.346169782197015
2018-03-12,irrigation,80,0.345260598672235
2018-03-13,irrigation,80,0.344294876033826
2018-03-14,irrigation,80,0.343634969014501
2018-03-15,irrigation,80,0.342635695623796
2018-03-16,irrigation,80,0.341663367668407
2018-03-17,irrigation,80,0.340628692951608
2018-03-18,irrigation,80,0.339867715322358
2018-03-19,irrigation,80,0.339326853801667
2018-03-20,irrigation,80,0.338542595913536
2018-03-21,irrigation,80,0.337694835662842
2018-03-22,irrigation,80,0.337027303885061
2018-03-23,irrigation,80,0.336176232287758
2018-03-24,irrigation,80,0.335186423251503
2018-03-25,irrigation,80,0.334155406282659
2018-03-26,irrigation,80,0.333114670870597
2018-03-27,irrigation,80,0.331863705317179
2018-03-28,irrigation,80,0.33088215192159
2018-03-29,irrigation,80,0.330148040487411
2018-03-30,irrigation,80,0.329431831794873
2018-03-31,irrigation,80,0.32852375348409
2018-04-01,irrigation,80,0.328124882072531
2018-04-02,irrigation,80,0.32728516260782903
2018-04-03,irrigation,80,0.326266225179036
2018-04-04,irrigation,80,0.325109990437826
2018-04-05,irrigation,80,0.324247538917943
2018-04-06,irrigation,80,0.323229854326722
2018-04-07,irrigation,80,0.32176456451416
2018-04-08,irrigation,80,0.320253070195516
2018-04-09,irrigation,80,0.318680429793241
2018-04-10,irrigation,80,0.317122216796021
2018-04-11,irrigation,80,0.315270825981352
2018-04-12,irrigation,80,0.313266767268307
2018-04-13,irrigation,80,0.31134706017915
2018-04-14,irrigation,80,0.30917792962798
2018-04-15,irrigation,80,0.307021297968871
2018-04-16,irrigation,80,0.305010356457985
2018-04-17,irrigation,80,0.302600945757146
2018-04-18,irrigation,80,0.299819067737512
2018-04-19,irrigation,80,0.296753244400024
2018-04-20,irrigation,80,0.293420530054364
2018-04-21,irrigation,80,0.289609066645304
2018-04-22,irrigation,80,0.285321705968756
2018-04-23,irrigation,80,0.280808062249042
2018-04-24,irrigation,80,0.27656875544495
2018-04-25,irrigation,80,0.271226994538316
2018-04-26,irrigation,80,0.265965106194479
2018-04-27,irrigation,80,0.260521011854473
2018-04-28,irrigation,80,0.25495763059248
2018-04-29,irrigation,80,0.249368935467904
2018-04-30,irrigation,80,0.2457141836066
2018-05-01,irrigation,80,0.24339391728665
2018-05-02,irrigation,80,0.241824706395467
2018-05-03,irrigation,80,0.240160207471986
2018-05-04,irrigation,80,0.241602156223669
2018-05-05,irrigation,80,0.240452540818081
2018-05-06,irrigation,80,0.23815849923251
2018-05-07,irrigation,80,0.235924059549967
2018-05-08,irrigation,80,0.235079751934922
2018-05-09,irrigation,80,0.233714385618243
2018-05-10,irrigation,80,0.234650623756543
2018-05-11,irrigation,80,0.234246206283569
2018-05-12,irrigation,80,0.232923968633016
2018-05-13,irrigation,80,0.232210078468585
2018-05-14,irrigation,80,0.23190923630991
2018-05-15,irrigation,80,0.234549231278269
2018-05-16,irrigation,80,0.243145820885374
2018-05-17,irrigation,80,0.245915050047376
2018-05-18,irrigation,80,0.250796617876019
2018-05-19,irrigation,80,0.261502949396769
2018-05-20,irrigation,80,0.279932399381671
2018-05-21,irrigation,80,0.296112901118764
2018-05-22,irrigation,80,0.301213026046753
2018-05-23,irrigation,80,0.305409701163309
2018-05-24,irrigation,80,0.307574552904096
2018-05-25,irrigation,80,0.307427052280359
2018-05-26,irrigation,80,0.307199435986971
2018-05-27,irrigation,80,0.308313146888787
2018-05-28,irrigation,80,0.308397199261573
2018-05-29,irrigation,80,0.309664497208177
2018-05-30,irrigation,80,0.310145577715154
2018-05-31,irrigation,80,0.313338370908771
2018-06-01,irrigation,80,0.311923141646803
2018-06-02,irrigation,80,0.307246016117564
2018-06-03,irrigation,80,0.303228093489376
2018-06-04,irrigation,80,0.2994410295013
2018-06-05,irrigation,80,0.296711810429891
2018-06-06,irrigation,80,0.291771652005243
2018-06-07,irrigation,80,0.28623771542467
2018-06-08,irrigation,80,0.280637336546375
2018-06-09,irrigation,80,0.275679859027528
2018-06-10,irrigation,80,0.268945598602295
2018-06-11,irrigation,80,0.263454657750772
2018-06-12,irrigation,80,0.262097709220752
2018-06-13,irrigation,80,0.263212754768238
2018-06-14,irrigation,80,0.264338312818293
2018-06-15,irrigation,80,0.262554462919844
2018-06-16,irrigation,80,0.25997047106425
2018-06-17,irrigation,80,0.257566499710083
2018-06-18,irrigation,80,0.255281016533835
2018-06-19,irrigation,80,0.252816613515218
2018-06-20,irrigation,80,0.25216960887013
2018-06-21,irrigation,80,0.254470624991343
2018-06-22,irrigation,80,0.253461356915926
2018-06-23,irrigation,80,0.251234323769285
2018-06-24,irrigation,80,0.250473769505819
2018-06-25,irrigation,80,0.24903047879537
2018-06-26,irrigation,80,0.246287759145101
2018-06-27,irrigation,80,0.243091985674748
2018-06-28,irrigation,80,0.241799049377441
2018-06-29,irrigation,80,0.238684701752244
2018-06-30,irrigation,80,0.235071807827866
2018-07-01,irrigation,80,0.231410471598307
2018-07-02,irrigation,80,0.22841047868661
2018-07-03,irrigation,80,0.232517125648365
2018-07-04,irrigation,80,0.227052323602633
2018-07-05,irrigation,80,0.224304706022427
2018-07-06,irrigation,80,0.223602217791373
2018-07-07,irrigation,80,0.222071250279744
2018-07-08,irrigation,80,0.218159623731647
2018-07-09,irrigation,80,0.21467711130778
2018-07-10,irrigation,80,0.18823413848877
2018-07-11,irrigation,80,0.186381260721307
2018-07-12,irrigation,80,0.183428023288124
2018-07-13,irrigation,80,0.17966855881062
2018-07-14,irrigation,80,0.177745338422483
2018-07-15,irrigation,80,0.17715417440314
2018-07-16,irrigation,80,0.177601740437169
2018-07-17,irrigation,80,0.17779132356035
2018-07-18,irrigation,80,0.171664879698502
2018-07-19,irrigation,80,0.170896685884354
2018-07-20,irrigation,80,0.169682319038793
2018-07-21,irrigation,80,0.169598654696816
2018-07-22,irrigation,80,0.171736457473353
2018-07-23,irrigation,80,0.171931894452948
2018-07-24,irrigation,80,0.171211350217779
2018-07-25,irrigation,80,0.170843745030855
2018-07-26,irrigation,80,0.191188225495188
2018-07-27,irrigation,80,0.192920365835491
2018-07-28,irrigation,80,0.196440994865016
2018-07-29,irrigation,80,0.207778825658433
2018-07-30,irrigation,80,0.205440425749989
2018-07-31,irrigation,80,0.203439062771044
2018-08-01,irrigation,80,0.201375961303711
2018-08-02,irrigation,80,0.199538847019798
2018-08-03,irrigation,80,0.197478925303409
2018-08-04,irrigation,80,0.195039534568787
2018-08-05,irrigation,80,0.192293529761465
2018-08-06,irrigation,80,0.189561939239502
2018-08-07,irrigation,80,0.18805654676337
2018-08-08,irrigation,80,0.187705258068286
2018-08-09,irrigation,80,0.185723543909336
2018-08-10,irrigation,80,0.186042666435242
2018-08-11,irrigation,80,0.185945300345725
2018-08-12,irrigation,80,0.184478878974915
2018-08-13,irrigation,80,0.183640990006296
2018-08-14,irrigation,80,0.183241747287994
2018-08-15,irrigation,80,0.182182250124343
2018-08-16,irrigation,80,0.179980144725001
2018-08-17,irrigation,80,0.178240118026733
2018-08-18,irrigation,80,0.177123097871479
2018-08-19,irrigation,80,0.17572500705719
2018-08-20,irrigation,80,0.174913929889077
2018-08-21,irrigation,80,0.176166772842407
2018-08-22,irrigation,80,0.201432871818542
2018-08-23,irrigation,80,0.210512469971761
2018-08-24,irrigation,80,0.205130253996854
2018-08-25,irrigation,80,0.20555614270662
2018-08-26,irrigation,80,0.204548102040445
2018-08-27,irrigation,80,0.20381760597229
2018-08-28,irrigation,80,0.202302565323679
2018-08-29,irrigation,80,0.200970007131775
2018-08-30,irrigation,80,0.20027821723451
2018-08-31,irrigation,80,0.200133256661265
2018-09-01,irrigation,80,0.199893640467995
2018-09-02,irrigation,80,0.200442787941466
2018-09-03,irrigation,80,0.202631009001481
2018-09-04,irrigation,80,0.217415496424625
2018-09-05,irrigation,80,0.22585647733588
2018-09-06,irrigation,80,0.228827019992628
2018-09-07,irrigation,80,0.230255573172318
2018-09-08,irrigation,80,0.230039323644435
2018-09-09,irrigation,80,0.229079532623291
2018-09-10,irrigation,80,0.227443303058022
2018-09-11,irrigation,80,0.225322771072388
2018-09-12,irrigation,80,0.223347759246826
2018-09-13,irrigation,80,0.22156424923947
2018-09-14,irrigation,80,0.221427620084662
2018-09-15,irrigation,80,0.221792646709241
2018-09-16,irrigation,80,0.221783606378656
2018-09-17,irrigation,80,0.223650169372559
2018-09-18,irrigation,80,0.231282324993864
2018-09-19,irrigation,80,0.232344550082558
2018-09-20,irrigation,80,0.233847832679749
2018-09-21,irrigation,80,0.233820962905884
2018-09-22,irrigation,80,0.233854007720947
2018-09-23,irrigation,80,0.233243846893311
2018-09-24,irrigation,80,0.232266849856223
2018-09-25,irrigation,80,0.232575865544771
2018-09-26,irrigation,80,0.23244993686676
2018-09-27,irrigation,80,0.232148949723495
2018-09-28,irrigation,80,0.231394877935711
2018-09-29,irrigation,80,0.23074746131897
2018-09-30,irrigation,80,0.230182926198269
2018-10-01,irrigation,80,0.230473521383185
2018-10-02,irrigation,80,0.233272385597229
2018-10-03,irrigation,80,0.234397578239441
2018-10-04,irrigation,80,0.236394997646934
2018-10-05,irrigation,80,0.24437009664025
2018-10-06,irrigation,80,0.254685068872715
2018-10-07,irrigation,80,0.257001758374666
2018-10-08,irrigation,80,0.256745837613156
2018-10-09,irrigation,80,0.255532356814334
2018-10-10,irrigation,80,0.252973771095276
2018-10-11,irrigation,80,0.249731526476272
2018-10-12,irrigation,80,0.246570176074379
2018-10-13,irrigation,80,0.243339939827615
2018-10-14,irrigation,80,0.238882655595478
2018-10-15,irrigation,80,0.234018293681898
2018-10-16,irrigation,80,0.229747438430786
2018-10-17,irrigation,80,0.225681924819946
2018-10-18,irrigation,80,0.221677051343416
2018-10-19,irrigation,80,0.217908854986492
2018-10-20,irrigation,80,0.214576795728583
2018-10-21,irrigation,80,0.211766719818115
2018-10-22,irrigation,80,0.209058547019959
2018-10-23,irrigation,80,0.206160820659838
2018-10-24,irrigation,80,0.200207033274823
2018-10-25,irrigation,80,0.195454551797164
2018-10-26,irrigation,80,0.192320164128354
2018-10-27,irrigation,80,0.189713644981384
2018-10-28,irrigation,80,0.191736412801241
2018-10-29,irrigation,80,0.201091458442363
2018-10-30,irrigation,80,0.228023484478826
2018-10-31,irrigation,80,0.231869669211538
2018-11-01,irrigation,80,0.233540245357313
2018-11-02,irrigation,80,0.235293240296213
2018-11-03,irrigation,80,0.236606272230757
2018-11-04,irrigation,80,0.237449124817886
2018-11-05,irrigation,80,0.237850554114894
2018-11-06,irrigation,80,0.238238180444596
2018-11-07,irrigation,80,0.239004085189418
2018-11-08,irrigation,80,0.239740218614277
2018-11-09,irrigation,80,0.240374525626589
2018-11-10,irrigation,80,0.24060330106323
2018-11-11,irrigation,80,0.240473295261985
2018-11-12,irrigation,80,0.240488748987583
2018-11-13,irrigation,80,0.240385258435402
2018-11-14,irrigation,80,0.240545921827617
2018-11-15,irrigation,80,0.240882752804046
2018-11-16,irrigation,80,0.241250668826856
2018-11-17,irrigation,80,0.241360279630039
2018-11-18,irrigation,80,0.241117321315565
2018-11-19,irrigation,80,0.241340327262878
2018-11-20,irrigation,80,0.24182906552365
2018-11-21,irrigation,80,0.242103862762451
2018-11-22,irrigation,80,0.242210818340904
2018-11-23,irrigation,80,0.242170570775082
2018-11-24,irrigation,80,0.24187449555648
2018-11-25,irrigation,80,0.241975160147014
2018-11-26,irrigation,80,0.242143256949951
2018-11-27,irrigation,80,0.242264413833618
2018-11-28,irrigation,80,0.242025535483109
2018-11-29,irrigation,80,0.241985756974471
2018-11-30,irrigation,80,0.241852027160457
2018-12-01,irrigation,80,0.241761231422424
2018-12-02,irrigation,80,0.240612545515362
2018-12-03,irrigation,80,0.242697005773845
2018-12-04,irrigation,80,0.26013298034668
2018-12-05,irrigation,80,0.261842730672736
2018-12-06,irrigation,80,0.263656759262085
2018-12-07,irrigation,80,0.267170630003277
2018-12-08,irrigation,80,0.272872257232666
2018-12-09,irrigation,80,0.277637547944721
2018-12-10,irrigation,80,0.282161140879752
2018-12-11,irrigation,80,0.286320731012445
2018-12-12,irrigation,80,0.289886212097971
2018-12-13,irrigation,80,0.293059321336223
2018-12-14,irrigation,80,0.295903193958663
2018-12-15,irrigation,80,0.298140744554236
2018-12-16,irrigation,80,0.299369067841388
2018-12-17,irrigation,80,0.301460345669797
2018-12-18,irrigation,80,0.301732210862009
2018-12-19,irrigation,80,0.303572302868492
2018-12-20,irrigation,80,0.305582931418168
2018-12-21,irrigation,80,0.311391725038227
2018-12-22,irrigation,80,0.345269666470979
2018-12-23,irrigation,80,0.35148075655887
2018-12-24,irrigation,80,0.377925053395723
2018-12-25,irrigation,80,0.366716258532465
2018-12-26,irrigation,80,0.361962375252275
2018-12-27,irrigation,80,0.359400105476379
2018-12-28,irrigation,80,0.357158764372481
2018-12-29,irrigation,80,0.355217454281259
2018-12-30,irrigation,80,0.353454217531646
2018-12-31,irrigation,80,0.351844898840425
2019-01-01,irrigation,80,0.350454232818202
2019-01-02,irrigation,80,0.349027151810495
2019-01-03,irrigation,80,0.347855358529598
2019-01-04,irrigation,80,0.346777864964658
2019-01-05,irrigation,80,0.345825089906391
2019-01-06,irrigation,80,0.344863270191436
2019-01-07,irrigation,80,0.344053824425812
2019-01-08,irrigation,80,0.34320570594386
2019-01-09,irrigation,80,0.342438558528298
2019-01-10,irrigation,80,0.341920733451843
2019-01-11,irrigation,80,0.341282896493611
2019-01-12,irrigation,80,0.340719103813171
2019-01-13,irrigation,80,0.342427401291697
2019-01-14,irrigation,80,0.367230694825278
2019-01-15,irrigation,80,0.363519336619276
2019-01-16,irrigation,80,0.361706210284272
2019-01-17,irrigation,80,0.360092292440699
2019-01-18,irrigation,80,0.358579325675964
2019-01-19,irrigation,80,0.357193858099265
2019-01-20,irrigation,80,0.355871565947544
2019-01-21,irrigation,80,0.3546201756126
2019-01-22,irrigation,80,0.35328782864769
2019-01-23,irrigation,80,0.351955823647349
2019-01-24,irrigation,80,0.350907470471588
2019-01-25,irrigation,80,0.349990758644907
2019-01-26,irrigation,80,0.348972352251335
2019-01-27,irrigation,80,0.347700886475412
2019-01-28,irrigation,80,0.346599784810492
2019-01-29,irrigation,80,0.346251273155212
2019-01-30,irrigation,80,0.345838351581619
2019-01-31,irrigation,80,0.345471517935579
2019-02-01,irrigation,80,0.344926786267878
2019-02-02,irrigation,80,0.344117073809847
2019-02-03,irrigation,80,0.3440509557724
2019-02-04,irrigation,80,0.344251633865168
2019-02-05,irrigation,80,0.344266130045841
2019-02-06,irrigation,80,0.344089771287514
2019-02-07,irrigation,80,0.343621848438515
2019-02-08,irrigation,80,0.343031239509583
2019-02-09,irrigation,80,0.342634571727953
2019-02-10,irrigation,80,0.342070603370667
2019-02-11,irrigation,80,0.341859536421926
2019-02-12,irrigation,80,0.343432134076169
2019-02-13,irrigation,80,0.344642347285622
2019-02-14,irrigation,80,0.345122101432399
2019-02-15,irrigation,80,0.345055495312339
2019-02-16,irrigation,80,0.344759722257915
2019-02-17,irrigation,80,0.344418944196498
2019-02-18,irrigation,80,0.344007981701901
2019-02-19,irrigation,80,0.343575439765068
2019-02-20,irrigation,80,0.343098845230906
2019-02-21,irrigation,80,0.342601838010423
2019-02-22,irrigation,80,0.342041117145169
2019-02-23,irrigation,80,0.341398024559021
2019-02-24,irrigation,80,0.340803089120487
2019-02-25,irrigation,80,0.340219525169552
2019-02-26,irrigation,80,0.33950846195221
2019-02-27,irrigation,80,0.338660775485792
2019-02-28,irrigation,80,0.337787461280823
2019-03-01,irrigation,80,0.336853719772177
2019-03-02,irrigation,80,0.336118046359012
2019-03-03,irrigation,80,0.33535487305277
2019-03-04,irrigation,80,0.334252656774318
2019-03-05,irrigation,80,0.333569080704137
2019-03-06,irrigation,80,0.332747311843069
2019-03-07,irrigation,80,0.331754657103527
2019-03-08,irrigation,80,0.331081366539001
2019-03-09,irrigation,80,0.330177432494895
2019-03-10,irrigation,80,0.329010043395193
2019-03-11,irrigation,80,0.32865398683046
2019-03-12,irrigation,80,0.32829757012819
2019-03-13,irrigation,80,0.327827664425499
2019-03-14,irrigation,80,0.327512505430924
2019-03-15,irrigation,80,0.32711181390192
2019-03-16,irrigation,80,0.328853682254223
2019-03-17,irrigation,80,0.330230786973925
2019-03-18,irrigation,80,0.330864739903944
2019-03-19,irrigation,80,0.330782280069716
2019-03-20,irrigation,80,0.330408016505994
2019-03-21,irrigation,80,0.329729909592486
2019-03-22,irrigation,80,0.328788924217224
2019-03-23,irrigation,80,0.327576432479055
2019-03-24,irrigation,80,0.326275473393892
2019-03-25,irrigation,80,0.324903988838196
2019-03-26,irrigation,80,0.323559699058533
2019-03-27,irrigation,80,0.322153290281905
2019-03-28,irrigation,80,0.320736303155721
2019-03-29,irrigation,80,0.319078613080476
2019-03-30,irrigation,80,0.317187857627869
2019-03-31,irrigation,80,0.315163652771398
2019-04-01,irrigation,80,0.313060259819031
2019-04-02,irrigation,80,0.310993149406032
2019-04-03,irrigation,80,0.308976239100816
2019-04-04,irrigation,80,0.307298391241776
2019-04-05,irrigation,80,0.30818438228808
2019-04-06,irrigation,80,0.308623423325388
2019-04-07,irrigation,80,0.308658456802368
2019-04-08,irrigation,80,0.308416829445594
2019-04-09,irrigation,80,0.307096436613751
2019-04-10,irrigation,80,0.305581784248352
2019-04-11,irrigation,80,0.304387408306724
2019-04-12,irrigation,80,0.302895086188065
2019-04-13,irrigation,80,0.30095580527657
2019-04-14,irrigation,80,0.29895826640882
2019-04-15,irrigation,80,0.29698171769419
2019-04-16,irrigation,80,0.294596202911869
2019-04-17,irrigation,80,0.292145727308173
2019-04-18,irrigation,80,0.288951528699774
2019-04-19,irrigation,80,0.285257316142955
2019-04-20,irrigation,80,0.281144642829895
2019-04-21,irrigation,80,0.276710538111235
2019-04-22,irrigation,80,0.271814978993
2019-04-23,irrigation,80,0.267303139230479
2019-04-24,irrigation,80,0.263421162555092
2019-04-25,irrigation,80,0.259622642617477
2019-04-26,irrigation,80,0.255889225006104
2019-04-27,irrigation,80,0.256900596618652
2019-04-28,irrigation,80,0.25726375579834
2019-04-29,irrigation,80,0.256486689294172
2019-04-30,irrigation,80,0.25458479278966
2019-05-01,irrigation,80,0.251885152615999
2019-05-02,irrigation,80,0.248744168281555
2019-05-03,irrigation,80,0.246604006164952
2019-05-04,irrigation,80,0.243644088443957
2019-05-05,irrigation,80,0.241017389297485
2019-05-06,irrigation,80,0.238518505598369
2019-05-07,irrigation,80,0.235545385762265
2019-05-08,irrigation,80,0.233253693580627
2019-05-09,irrigation,80,0.232570115641544
2019-05-10,irrigation,80,0.234787932195162
2019-05-11,irrigation,80,0.235157108306885
2019-05-12,irrigation,80,0.234926634075126
2019-05-13,irrigation,80,0.233748838776036
2019-05-14,irrigation,80,0.232246269800628
2019-05-15,irrigation,80,0.229811265343114
2019-05-16,irrigation,80,0.227366205516614
2019-05-17,irrigation,80,0.224569911828634
2019-05-18,irrigation,80,0.223030850510848
2019-05-19,irrigation,80,0.223157000541687
2019-05-20,irrigation,80,0.223546243173144
2019-05-21,irrigation,80,0.226065379945855
2019-05-22,irrigation,80,0.227920963136773
2019-05-23,irrigation,80,0.2272790184885
2019-05-24,irrigation,80,0.226162669784144
2019-05-25,irrigation,80,0.22571352732809
2019-05-26,irrigation,80,0.225646677017212
2019-05-27,irrigation,80,0.225294899940491
2019-05-28,irrigation,80,0.227272915840149
2019-05-29,irrigation,80,0.241682045083297
2019-05-30,irrigation,80,0.239099454879761
2019-05-31,irrigation,80,0.237631474545127
2019-06-01,irrigation,80,0.235596537590027
2019-06-02,irrigation,80,0.23316258756738
2019-06-03,irrigation,80,0.23047587018264
2019-06-04,irrigation,80,0.227398586273193
2019-06-05,irrigation,80,0.224000523466813
2019-06-06,irrigation,80,0.22231295514614
2019-06-07,irrigation,80,0.219596431380824
2019-06-08,irrigation,80,0.216229215672142
2019-06-09,irrigation,80,0.214018594842208
2019-06-10,irrigation,80,0.213249277817576
2019-06-11,irrigation,80,0.212707903259679
2019-06-12,irrigation,80,0.213913757926539
2019-06-13,irrigation,80,0.213432621202971
2019-06-14,irrigation,80,0.211755704879761
2019-06-15,irrigation,80,0.209503345622995
2019-06-16,irrigation,80,0.208085100525304
2019-06-17,irrigation,80,0.205147057898501
2019-06-18,irrigation,80,0.200173664093018
2019-06-19,irrigation,80,0.194917638160347
2019-06-20,irrigation,80,0.190772860426652
2019-06-21,irrigation,80,0.188075011334521
2019-06-22,irrigation,80,0.18546178645276
2019-06-23,irrigation,80,0.188057570959392
2019-06-24,irrigation,80,0.186501875854712
2019-06-25,irrigation,80,0.183046123605025
2019-06-26,irrigation,80,0.178539982594942
2019-06-27,irrigation,80,0.173837359328019
2019-06-28,irrigation,80,0.169532422768442
2019-06-29,irrigation,80,0.165829439414175
2019-06-30,irrigation,80,0.162739281905325
2019-07-01,irrigation,80,0.160020694983633
2019-07-02,irrigation,80,0.157025431817578
2019-07-03,irrigation,80,0.158301856440883
2019-07-04,irrigation,80,0.160758709907532
2019-07-05,irrigation,80,0.16112628735994
2019-07-06,irrigation,80,0.16285388469696
2019-07-07,irrigation,80,0.163345338435883
2019-07-08,irrigation,80,0.163819527626038
2019-07-09,irrigation,80,0.164904514864871
2019-07-10,irrigation,80,0.16515634059906
2019-07-11,irrigation,80,0.165330267705415
2019-07-12,irrigation,80,0.165513512711776
2019-07-13,irrigation,80,0.16478702218909
2019-07-14,irrigation,80,0.164126513423471
2019-07-15,irrigation,80,0.162553455981802
2019-07-16,irrigation,80,0.16396126507127
2019-07-17,irrigation,80,0.166902145084582
2019-07-18,irrigation,80,0.172641939865915
2019-07-19,irrigation,80,0.177426630232249
2019-07-20,irrigation,80,0.179621624946594
2019-07-21,irrigation,80,0.180271288470218
2019-07-22,irrigation,80,0.180509641546952
2019-07-23,irrigation,80,0.179572785661576
2019-07-24,irrigation,80,0.178079038168255
2019-07-25,irrigation,80,0.176721964720783
2019-07-26,irrigation,80,0.179444865929453
2019-07-27,irrigation,80,0.188767712994626
2019-07-28,irrigation,80,0.187179200774745
2019-07-29,irrigation,80,0.186482364503961
2019-07-30,irrigation,80,0.190175815632469
2019-07-31,irrigation,80,0.193398754973161
2019-08-01,irrigation,80,0.194905269127277
2019-08-02,irrigation,80,0.195679142985072
2019-08-03,irrigation,80,0.196286139237253
2019-08-04,irrigation,80,0.197194914663992
2019-08-05,irrigation,80,0.196242418596821
2019-08-06,irrigation,80,0.193569257464948
2019-08-07,irrigation,80,0.190385648656933
2019-08-08,irrigation,80,0.191532243673105
2019-08-09,irrigation,80,0.190918486276183
2019-08-10,irrigation,80,0.188166437752436
2019-08-11,irrigation,80,0.186165223874544
2019-08-12,irrigation,80,0.183043599128723
2019-08-13,irrigation,80,0.184609326098828
2019-08-14,irrigation,80,0.184545033605475
2019-08-15,irrigation,80,0.182791747043007
2019-08-16,irrigation,80,0.179973936080933
2019-08-17,irrigation,80,0.175966127044276
2019-08-18,irrigation,80,0.171005461512327
2019-08-19,irrigation,80,0.166789360062406
2019-08-20,irrigation,80,0.167717201333297
2019-08-21,irrigation,80,0.16843935615138
2019-08-22,irrigation,80,0.170197507205762
2019-08-23,irrigation,80,0.171238589286804
2019-08-24,irrigation,80,0.171574277803052
2019-08-25,irrigation,80,0.171046445341385
2019-08-26,irrigation,80,0.169487466203406
2019-08-27,irrigation,80,0.167641885155126
2019-08-28,irrigation,80,0.165468217127801
2019-08-29,irrigation,80,0.162928561946075
2019-08-30,irrigation,80,0.160812867566159
2019-08-31,irrigation,80,0.160220114220964
2019-09-01,irrigation,80,0.160391879769157
2019-09-02,irrigation,80,0.160500719672755
2019-09-03,irrigation,80,0.160751746077287
2019-09-04,irrigation,80,0.160301238612125
2019-09-05,irrigation,80,0.160578649922421
2019-09-06,irrigation,80,0.161048910627481
2019-09-07,irrigation,80,0.160842103456196
2019-09-08,irrigation,80,0.160699534148313
2019-09-09,irrigation,80,0.160330859728999
2019-09-10,irrigation,80,0.159446296691895
2019-09-11,irrigation,80,0.158795213699341
2019-09-12,irrigation,80,0.158852187457838
2019-09-13,irrigation,80,0.158630441113522
2019-09-14,irrigation,80,0.15843036428411
2019-09-15,irrigation,80,0.158482387693305
2019-09-16,irrigation,80,0.158556243996871
2019-09-17,irrigation,80,0.158814239501953
2019-09-18,irrigation,80,0.159707412217793
2019-09-19,irrigation,80,0.160908653610631
2019-09-20,irrigation,80,0.162360865191409
2019-09-21,irrigation,80,0.16477415561676
2019-09-22,irrigation,80,0.17093949501331
2019-09-23,irrigation,80,0.178243520887274
2019-09-24,irrigation,80,0.184674608961065
2019-09-25,irrigation,80,0.189851590032163
2019-09-26,irrigation,80,0.194601814434483
2019-09-27,irrigation,80,0.198703673788566
2019-09-28,irrigation,80,0.211089070299838
2019-09-29,irrigation,80,0.228396365768031
2019-09-30,irrigation,80,0.234656740238792
2019-10-01,irrigation,80,0.23813749765095
2019-10-02,irrigation,80,0.240736801749782
2019-10-03,irrigation,80,0.245606307481465
2019-10-04,irrigation,80,0.249246816635132
2019-10-05,irrigation,80,0.252363514392934
2019-10-06,irrigation,80,0.253497962700693
2019-10-07,irrigation,80,0.256108582967607
2019-10-08,irrigation,80,0.257981425848146
2019-10-09,irrigation,80,0.259775617649774
2019-10-10,irrigation,80,0.264749924598202
2019-10-11,irrigation,80,0.263491368293762
2019-10-12,irrigation,80,0.263421603466602
2019-10-13,irrigation,80,0.264003562927246
2019-10-14,irrigation,80,0.264257310491393
2019-10-15,irrigation,80,0.265725216954937
2019-10-16,irrigation,80,0.271036837295883
2019-10-17,irrigation,80,0.278472763373363
2019-10-18,irrigation,80,0.288430316573695
2019-10-19,irrigation,80,0.289904689788818
2019-10-20,irrigation,80,0.288966435067197
2019-10-21,irrigation,80,0.28875826917864
2019-10-22,irrigation,80,0.293439197289316
2019-10-23,irrigation,80,0.299829553975771
2019-10-24,irrigation,80,0.301030895093254
2019-10-25,irrigation,80,0.301438126062092
2019-10-26,irrigation,80,0.301226069006114
2019-10-27,irrigation,80,0.300463342666626
2019-10-28,irrigation,80,0.299245749272798
2019-10-29,irrigation,80,0.298579369200037
2019-10-30,irrigation,80,0.29839708252957
2019-10-31,irrigation,80,0.298266405306364
2019-11-01,irrigation,80,0.298469305038452
2019-11-02,irrigation,80,0.298894204089516
2019-11-03,irrigation,80,0.299429233199672
2019-11-04,irrigation,80,0.300470209874605
2019-11-05,irrigation,80,0.305973982810974
2019-11-06,irrigation,80,0.316659892483761
2019-11-07,irrigation,80,0.320748019218445
2019-11-08,irrigation,80,0.323966575421785
2019-11-09,irrigation,80,0.328808030831186
2019-11-10,irrigation,80,0.331347976152734
2019-11-11,irrigation,80,0.332167927842391
2019-11-12,irrigation,80,0.332193545040331
2019-11-13,irrigation,80,0.331901491064774
2019-11-14,irrigation,80,0.331416768776743
2019-11-15,irrigation,80,0.331835714139436
2019-11-16,irrigation,80,0.334092297826342
2019-11-17,irrigation,80,0.335584139823914
2019-11-18,irrigation,80,0.336730282864672
2019-11-19,irrigation,80,0.337904382296666
2019-11-20,irrigation,80,0.33823647373601
2019-11-21,irrigation,80,0.338554754508169
2019-11-22,irrigation,80,0.338478093672795
2019-11-23,irrigation,80,0.337869289575472
2019-11-24,irrigation,80,0.337057830515794
2019-11-25,irrigation,80,0.336364502492158
2019-11-26,irrigation,80,0.335670272425601
2019-11-27,irrigation,80,0.334985612317135
2019-11-28,irrigation,80,0.33507188127396
2019-11-29,irrigation,80,0.337248750096072
2019-11-30,irrigation,80,0.344584228637371
2019-12-01,irrigation,80,0.346686399925463
2019-12-02,irrigation,80,0.347070636140539
2019-12-03,irrigation,80,0.346562361717224
2019-12-04,irrigation,80,0.346039833921067
2019-12-05,irrigation,80,0.345556562574286
2019-12-06,irrigation,80,0.344899695477587
2019-12-07,irrigation,80,0.344167991688377
2019-12-08,irrigation,80,0.343410959745708
2019-12-09,irrigation,80,0.342709554120114
2019-12-10,irrigation,80,0.342341445699465
2019-12-11,irrigation,80,0.342917824293438
2019-12-12,irrigation,80,0.343352059522375
2019-12-13,irrigation,80,0.343239575816739
2019-12-14,irrigation,80,0.345152792177702
2019-12-15,irrigation,80,0.350534438905364
2019-12-16,irrigation,80,0.353913121191411
2019-12-17,irrigation,80,0.360229837768956
2019-12-18,irrigation,80,0.361134656439436
2019-12-19,irrigation,80,0.359195431408129
2019-12-20,irrigation,80,0.356891543814477
2019-12-21,irrigation,80,0.35495707988739
2019-12-22,irrigation,80,0.365078720795481
2019-12-23,irrigation,80,0.368778668453819
2019-12-24,irrigation,80,0.370641392908598
2019-12-25,irrigation,80,0.374586467967188
2019-12-26,irrigation,80,0.368466842049047
2019-12-27,irrigation,80,0.374310031439129
2019-12-28,irrigation,80,0.372490286325154
2019-12-29,irrigation,80,0.368535113585623
2019-12-30,irrigation,80,0.366472468198054
2019-12-31,irrigation,80,0.364138725751725
2020-01-01,irrigation,80,0.362110767210339
2020-01-02,irrigation,80,0.360324597860637
2020-01-03,irrigation,80,0.358577013768648
2020-01-04,irrigation,80,0.356898284348235
2020-01-05,irrigation,80,0.355482257039923
2020-01-06,irrigation,80,0.354210567474365
2020-01-07,irrigation,80,0.353067429815935
2020-01-08,irrigation,80,0.351897702719036
2020-01-09,irrigation,80,0.350779222859187
2020-01-10,irrigation,80,0.349832727063087
2020-01-11,irrigation,80,0.349027316946732
2020-01-12,irrigation,80,0.348012112065365
2020-01-13,irrigation,80,0.347105598449707
2020-01-14,irrigation,80,0.346364953643397
2020-01-15,irrigation,80,0.345864557467009
2020-01-16,irrigation,80,0.345139390090011
2020-01-17,irrigation,80,0.344492733854997
2020-01-18,irrigation,80,0.343345115539875
2020-01-19,irrigation,80,0.343004039500622
2020-01-20,irrigation,80,0.342618209186353
2020-01-21,irrigation,80,0.342170464818982
2020-01-22,irrigation,80,0.341632173688788
2020-01-23,irrigation,80,0.341136979303862
2020-01-24,irrigation,80,0.340723566005104
2020-01-25,irrigation,80,0.340376444364849
2020-01-26,irrigation,80,0.339926672985679
2020-01-27,irrigation,80,0.339695909709439
2020-01-28,irrigation,80,0.339600989415424
2020-01-29,irrigation,80,0.339473431988766
2020-01-30,irrigation,80,0.343256085316785
2020-01-31,irrigation,80,0.346269870306316
2020-02-01,irrigation,80,0.348287200927734
2020-02-02,irrigation,80,0.351340930085433
2020-02-03,irrigation,80,0.381859306536223
2020-02-04,irrigation,80,0.369456135842108
2020-02-05,irrigation,80,0.367093372344971
2020-02-06,irrigation,80,0.365397553192942
2020-02-07,irrigation,80,0.363870325841402
2020-02-08,irrigation,80,0.362350035669555
2020-02-09,irrigation,80,0.361452118221082
2020-02-10,irrigation,80,0.360778253454911
2020-02-11,irrigation,80,0.357712883434322
2020-02-12,irrigation,80,0.356358283695422
2020-02-13,irrigation,80,0.355093932151794
2020-02-14,irrigation,80,0.354528555314725
2020-02-15,irrigation,80,0.355845589653776
2020-02-16,irrigation,80,0.35615144177487
2020-02-17,irrigation,80,0.355616546915828
2020-02-18,irrigation,80,0.354915356636047
2020-02-19,irrigation,80,0.353821749121184
2020-02-20,irrigation,80,0.352980072372838
2020-02-21,irrigation,80,0.351984960474866
2020-02-22,irrigation,80,0.35089197840696
2020-02-23,irrigation,80,0.349713816391794
2020-02-24,irrigation,80,0.348431789032302
2020-02-25,irrigation,80,0.347152173895585
2020-02-26,irrigation,80,0.346042539032381
2020-02-27,irrigation,80,0.345062648451358
2020-02-28,irrigation,80,0.344063869291564
2020-02-29,irrigation,80,0.343063908376192
2020-03-01,irrigation,80,0.343936800956726
2020-03-02,irrigation,80,0.347039015242394
2020-03-03,irrigation,80,0.34890563974291
2020-03-04,irrigation,80,0.350022582505879
2020-03-05,irrigation,80,0.350062211581087
2020-03-06,irrigation,80,0.352939175886643
2020-03-07,irrigation,80,0.355050773620605
2020-03-08,irrigation,80,0.355154312620772
2020-03-09,irrigation,80,0.354370800219084
2020-03-10,irrigation,80,0.355925592082879
2020-03-11,irrigation,80,0.370070279773913
2020-03-12,irrigation,80,0.366521233608848
2020-03-13,irrigation,80,0.364660346382543
2020-03-14,irrigation,80,0.363167981398733
2020-03-15,irrigation,80,0.361349514644063
2020-03-16,irrigation,80,0.359261274036608
2020-03-17,irrigation,80,0.357260536796168
2020-03-18,irrigation,80,0.35519323348999
2020-03-19,irrigation,80,0.353077436346757
2020-03-20,irrigation,80,0.350983357496785
2020-03-21,irrigation,80,0.34896911239624
2020-03-22,irrigation,80,0.347142448425293
2020-03-23,irrigation,80,0.345519702992541
2020-03-24,irrigation,80,0.343931307541697
2020-03-25,irrigation,80,0.342339606435675
2020-03-26,irrigation,80,0.340641487322356
2020-03-27,irrigation,80,0.340108584956119
2020-03-28,irrigation,80,0.337381298389841
2020-03-29,irrigation,80,0.335660076141357
2020-03-30,irrigation,80,0.334109880163314
2020-03-31,irrigation,80,0.332774338776694
2020-04-01,irrigation,80,0.33107798405697503
2020-04-02,irrigation,80,0.329270397186279
2020-04-03,irrigation,80,0.327382548482795
2020-04-04,irrigation,80,0.325443488587724
2020-04-05,irrigation,80,0.323385429382324
2020-04-06,irrigation,80,0.321115722515281
2020-04-07,irrigation,80,0.318882590088253
2020-04-08,irrigation,80,0.316506706421479
2020-04-09,irrigation,80,0.31413501739502
2020-04-10,irrigation,80,0.312065286937513
2020-04-11,irrigation,80,0.311050650008181
2020-04-12,irrigation,80,0.307489540300871
2020-04-13,irrigation,80,0.303466651514957
2020-04-14,irrigation,80,0.300777089989332
2020-04-15,irrigation,80,0.297758446944387
2020-04-16,irrigation,80,0.294387999484414
2020-04-17,irrigation,80,0.29075046840467
2020-04-18,irrigation,80,0.286833227847485
2020-04-19,irrigation,80,0.282933257146752
2020-04-20,irrigation,80,0.27891329634817
2020-04-21,irrigation,80,0.274000887088743
2020-04-22,irrigation,80,0.268267243162115
2020-04-23,irrigation,80,0.26114408493042
2020-04-24,irrigation,80,0.254157783508301
2020-04-25,irrigation,80,0.247719478607178
2020-04-26,irrigation,80,0.242601135531572
2020-04-27,irrigation,80,0.239086961445056
2020-04-28,irrigation,80,0.239121869182749
2020-04-29,irrigation,80,0.239826927787379
2020-04-30,irrigation,80,0.24103877116464
2020-05-01,irrigation,80,0.242983218142861
2020-05-02,irrigation,80,0.245320224761963
2020-05-03,irrigation,80,0.246770570226883
2020-05-04,irrigation,80,0.246738144558136
2020-05-05,irrigation,80,0.246592590332031
2020-05-06,irrigation,80,0.24774693221875
2020-05-07,irrigation,80,0.246771452477638
2020-05-08,irrigation,80,0.244900591800087
2020-05-09,irrigation,80,0.242546306772435
2020-05-10,irrigation,80,0.239862431375604
2020-05-11,irrigation,80,0.239360638882252
2020-05-12,irrigation,80,0.239422910389147
2020-05-13,irrigation,80,0.238717914560353
2020-05-14,irrigation,80,0.237061923177619
2020-05-15,irrigation,80,0.234630428818279
2020-05-16,irrigation,80,0.231696940572638
2020-05-17,irrigation,80,0.216690731048584
2020-05-18,irrigation,80,0.212473913995843
2020-05-19,irrigation,80,0.207613910624855
2020-05-20,irrigation,80,0.203249335289001
2020-05-21,irrigation,80,0.199090695381165
2020-05-22,irrigation,80,0.194939215721623
2020-05-23,irrigation,80,0.191296227434848
2020-05-24,irrigation,80,0.190977526662391
2020-05-25,irrigation,80,0.18939037322998
2020-05-26,irrigation,80,0.186342906951904
2020-05-27,irrigation,80,0.183719182014465
2020-05-28,irrigation,80,0.182538747787476
2020-05-29,irrigation,80,0.181261849403381
2020-05-30,irrigation,80,0.180665735696491
2020-05-31,irrigation,80,0.180298047681009
2020-06-01,irrigation,80,0.179722700620952
2020-06-02,irrigation,80,0.178902365282962
2020-06-03,irrigation,80,0.178109073638916
2020-06-04,irrigation,80,0.177708561487187
2020-06-05,irrigation,80,0.178399520171316
2020-06-06,irrigation,80,0.179234145064103
2020-06-07,irrigation,80,0.180539945633181
2020-06-08,irrigation,80,0.210967066915412
2020-06-09,irrigation,80,0.229731768055966
2020-06-10,irrigation,80,0.266169654243871
2020-06-11,irrigation,80,0.273680419921875
2020-06-12,irrigation,80,0.289974798963098
2020-06-13,irrigation,80,0.293979528864981
2020-06-14,irrigation,80,0.296688423156738
2020-06-15,irrigation,80,0.29891534644679
2020-06-16,irrigation,80,0.298979245890742
2020-06-17,irrigation,80,0.299047395003469
2020-06-18,irrigation,80,0.30208676277323
2020-06-19,irrigation,80,0.303376134370503
2020-06-20,irrigation,80,0.304156486712004
2020-06-21,irrigation,80,0.303088240116201
2020-06-22,irrigation,80,0.300901581212094
2020-06-23,irrigation,80,0.301103343963623
2020-06-24,irrigation,80,0.305578079223633
2020-06-25,irrigation,80,0.309926855080873
2020-06-26,irrigation,80,0.310927796871104
2020-06-27,irrigation,80,0.311410255432129
2020-06-28,irrigation,80,0.311253242492676
2020-06-29,irrigation,80,0.313063729062994
2020-06-30,irrigation,80,0.315768436244064
2020-07-01,irrigation,80,0.313142734843699
2020-07-02,irrigation,80,0.310188362523129
2020-07-03,irrigation,80,0.307658502345924
2020-07-04,irrigation,80,0.305382899434943
2020-07-05,irrigation,80,0.304354604505345
2020-07-06,irrigation,80,0.301346341584858
2020-07-07,irrigation,80,0.296237503621696
2020-07-08,irrigation,80,0.291853929820814
2020-07-09,irrigation,80,0.288551255468559
2020-07-10,irrigation,80,0.284913324054919
2020-07-11,irrigation,80,0.283744685122841
2020-07-12,irrigation,80,0.285327479934045
2020-07-13,irrigation,80,0.289262700532612
2020-07-14,irrigation,80,0.289633013901492
2020-07-15,irrigation,80,0.288798322692564
2020-07-16,irrigation,80,0.288100235587672
2020-07-17,irrigation,80,0.287161453557945
2020-07-18,irrigation,80,0.284460773468018
2020-07-19,irrigation,80,0.280044690383108
2020-07-20,irrigation,80,0.275824456632471
2020-07-21,irrigation,80,0.271669083243784
2020-07-22,irrigation,80,0.269667377471924
2020-07-23,irrigation,80,0.271313064656359
2020-07-24,irrigation,80,0.274676570892334
2020-07-25,irrigation,80,0.27371940612793
2020-07-26,irrigation,80,0.27049044548197
2020-07-27,irrigation,80,0.265452861785889
2020-07-28,irrigation,80,0.263463434665761
2020-07-29,irrigation,80,0.261495619743101
2020-07-30,irrigation,80,0.258747575860274
2020-07-31,irrigation,80,0.253465486024555
2020-08-01,irrigation,80,0.248253985060022
2020-08-02,irrigation,80,0.24617065685567
2020-08-03,irrigation,80,0.247631267748381
2020-08-04,irrigation,80,0.250127744827445
2020-08-05,irrigation,80,0.248001594543457
2020-08-06,irrigation,80,0.246024704381039
2020-08-07,irrigation,80,0.244228763225765
2020-08-08,irrigation,80,0.241627753237461
2020-08-09,irrigation,80,0.238883404905825
2020-08-10,irrigation,80,0.236641508805124
2020-08-11,irrigation,80,0.236105455498946
2020-08-12,irrigation,80,0.236071973226105
2020-08-13,irrigation,80,0.23510103225708
2020-08-14,irrigation,80,0.235300169693796
2020-08-15,irrigation,80,0.23654541638023
2020-08-16,irrigation,80,0.23663402497141
2020-08-17,irrigation,80,0.236979921441329
2020-08-18,irrigation,80,0.23798625042564
2020-08-19,irrigation,80,0.238327140808105
2020-08-20,irrigation,80,0.237947082711761
2020-08-21,irrigation,80,0.236930179595947
2020-08-22,irrigation,80,0.236866177006772
2020-08-23,irrigation,80,0.237858966225072
2020-08-24,irrigation,80,0.236412909359307
2020-08-25,irrigation,80,0.235723025092352
2020-08-26,irrigation,80,0.23478212958888
2020-08-27,irrigation,80,0.233879909515381
2020-08-28,irrigation,80,0.234334392547607
2020-08-29,irrigation,80,0.235550911150481
2020-08-30,irrigation,80,0.240881404876709
2020-08-31,irrigation,80,0.262383383901496
2020-09-01,irrigation,80,0.270809010551598
2020-09-02,irrigation,80,0.273986895912572
2020-09-03,irrigation,80,0.276666361357036
2020-09-04,irrigation,80,0.281842993083753
2020-09-05,irrigation,80,0.287173067996376
2020-09-06,irrigation,80,0.294807579901911
2020-09-07,irrigation,80,0.304021370134856
2020-09-08,irrigation,80,0.308424127076802
2020-09-09,irrigation,80,0.311128887267186
2020-09-10,irrigation,80,0.312627762041594
2020-09-11,irrigation,80,0.313568997147102
2020-09-12,irrigation,80,0.31392848711772
2020-09-13,irrigation,80,0.313759651500194
2020-09-14,irrigation,80,0.312971960770456
2020-09-15,irrigation,80,0.311784475226151
2020-09-16,irrigation,80,0.310838297994513
2020-09-17,irrigation,80,0.309371882977972
2020-09-18,irrigation,80,0.307358102860403
2020-09-19,irrigation,80,0.307858238220215
2020-09-20,irrigation,80,0.307453066976447
2020-09-21,irrigation,80,0.307341980629779
2020-09-22,irrigation,80,0.30733529665649
2020-09-23,irrigation,80,0.307758275701645
2020-09-24,irrigation,80,0.308729369561856
2020-09-25,irrigation,80,0.310772823936061
2020-09-26,irrigation,80,0.31822809821681
2020-09-27,irrigation,80,0.330562377412802
2020-09-28,irrigation,80,0.341997277044481
2020-09-29,irrigation,80,0.342784671783447
2020-09-30,irrigation,80,0.341046539263096
2020-10-01,irrigation,80,0.338906570539322
2020-10-02,irrigation,80,0.336541347431042
2020-10-03,irrigation,80,0.347634716033936
2020-10-04,irrigation,80,0.353792934417725
2020-10-05,irrigation,80,0.352722137532336
2020-10-06,irrigation,80,0.354263994526623
2020-10-07,irrigation,80,0.362370433807373
2020-10-08,irrigation,80,0.363762588500977
2020-10-09,irrigation,80,0.364568532219659
2020-10-10,irrigation,80,0.36578114807539
2020-10-11,irrigation,80,0.367830417727036
2020-10-12,irrigation,80,0.368851757049561
2020-10-13,irrigation,80,0.370084112228886
2020-10-14,irrigation,80,0.371060724700552
2020-10-15,irrigation,80,0.373409026514747
2020-10-16,irrigation,80,0.377023601732756
2020-10-17,irrigation,80,0.373442039143732
2020-10-18,irrigation,80,0.373497491302231
2020-10-19,irrigation,80,0.373388245995875
2020-10-20,irrigation,80,0.373183766816792
2020-10-21,irrigation,80,0.368755994262436
2020-10-22,irrigation,80,0.364895085337982
2020-10-23,irrigation,80,0.36168394352741
2020-10-24,irrigation,80,0.359474405158407
2020-10-25,irrigation,80,0.357727700179569
2020-10-26,irrigation,80,0.355888785052988
2020-10-27,irrigation,80,0.355652353426319
2020-10-28,irrigation,80,0.35533206543782
2020-10-29,irrigation,80,0.35451335689232
2020-10-30,irrigation,80,0.353134847467798
2020-10-31,irrigation,80,0.351554329748825
2020-11-01,irrigation,80,0.349788665168163
2020-11-02,irrigation,80,0.348093254164318
2020-11-03,irrigation,80,0.346495746604005
2020-11-04,irrigation,80,0.345180791180474
2020-11-05,irrigation,80,0.343821218062769
2020-11-06,irrigation,80,0.342492724339349
2020-11-07,irrigation,80,0.341235227427138
2020-11-08,irrigation,80,0.339851221281441
2020-11-09,irrigation,80,0.338788298374307
2020-11-10,irrigation,80,0.337656680326045
2020-11-11,irrigation,80,0.336643005245421
2020-11-12,irrigation,80,0.335783575418429
2020-11-13,irrigation,80,0.334925207806595
2020-11-14,irrigation,80,0.334045151120308
2020-11-15,irrigation,80,0.333089158702794
2020-11-16,irrigation,80,0.332219654537608
2020-11-17,irrigation,80,0.331458251471043
2020-11-18,irrigation,80,0.330794632763669
2020-11-19,irrigation,80,0.330131016910807
2020-11-20,irrigation,80,0.329320805376508
2020-11-21,irrigation,80,0.328678769970433
2020-11-22,irrigation,80,0.32860776956351
2020-11-23,irrigation,80,0.327653820238615
2020-11-24,irrigation,80,0.3271769635205
2020-11-25,irrigation,80,0.326663465198718
2020-11-26,irrigation,80,0.326293482730263
2020-11-27,irrigation,80,0.325961856842041
2020-11-28,irrigation,80,0.325596779194008
2020-11-29,irrigation,80,0.325299259211422
2020-11-30,irrigation,80,0.325114767273223
2020-12-01,irrigation,80,0.324716865223439
2020-12-02,irrigation,80,0.324311583609757
2020-12-03,irrigation,80,0.323983218927808
2020-12-04,irrigation,80,0.32361787026273803
2020-12-05,irrigation,80,0.323657732267377
2020-12-06,irrigation,80,0.3236908963172
2020-12-07,irrigation,80,0.323296334154166
2020-12-08,irrigation,80,0.323505733462458
2020-12-09,irrigation,80,0.324360182344778
2020-12-10,irrigation,80,0.324800835346127
2020-12-11,irrigation,80,0.325197339731132
2020-12-12,irrigation,80,0.325626176138411
2020-12-13,irrigation,80,0.327200667345703
2020-12-14,irrigation,80,0.32674147616027
2020-12-15,irrigation,80,0.32716793895232
2020-12-16,irrigation,80,0.327866338746297
2020-12-17,irrigation,80,0.328119276870232
2020-12-18,irrigation,80,0.328169688063966
2020-12-19,irrigation,80,0.328826682345872
2020-12-20,irrigation,80,0.328197914380706
2020-12-21,irrigation,80,0.328312313124614
2020-12-22,irrigation,80,0.328490211780176
2020-12-23,irrigation,80,0.329133063137734
2020-12-24,irrigation,80,0.33038725697717
2020-12-25,irrigation,80,0.331537881303745
2020-12-26,irrigation,80,0.333236731465846
2020-12-27,irrigation,80,0.334302307731227
2020-12-28,irrigation,80,0.334888432544211
2020-12-29,irrigation,80,0.335500995518862
2020-12-30,irrigation,80,0.335875385931702
2020-12-31,irrigation,80,0.336103734693299
2021-01-01,irrigation,80,0.336133601012104
2021-01-02,irrigation,80,0.336184837806932
2021-01-03,irrigation,80,0.336175378718049
2021-01-04,irrigation,80,0.335912386040939
2021-01-05,irrigation,80,0.335792395744739
2021-01-06,irrigation,80,0.335633484527485
2021-01-07,irrigation,80,0.33531828788019
2021-01-08,irrigation,80,0.335061043579678
2021-01-09,irrigation,80,0.334839638918271
2021-01-10,irrigation,80,0.334692186972174
2021-01-11,irrigation,80,0.335504014386768
2021-01-12,irrigation,80,0.334759365989704
2021-01-13,irrigation,80,0.334126607218096
2021-01-14,irrigation,80,0.333645225275757
2021-01-15,irrigation,80,0.33571817260746
2021-01-16,irrigation,80,0.34167567822872
2021-01-17,irrigation,80,0.346380799930817
2021-01-18,irrigation,80,0.348252732117421
2021-01-19,irrigation,80,0.348956585007312
2021-01-20,irrigation,80,0.349285144884668
2021-01-21,irrigation,80,0.349186505344379
2021-01-22,irrigation,80,0.350421806814715
2021-01-23,irrigation,80,0.353420088709824
2021-01-24,irrigation,80,0.355385245617459
2021-01-25,irrigation,80,0.355516953871877
2021-01-26,irrigation,80,0.355194548995929
2021-01-27,irrigation,80,0.354674822166511
2021-01-28,irrigation,80,0.366600391897926
2021-01-29,irrigation,80,0.392904212667013
2021-01-30,irrigation,80,0.397863742873162
2021-01-31,irrigation,80,0.395117427159184
2021-02-01,irrigation,80,0.393058813671983
2021-02-02,irrigation,80,0.395262210728461
2021-02-03,irrigation,80,0.395092021349441
2021-02-04,irrigation,80,0.393506906592328
2021-02-05,irrigation,80,0.379810870833787
2021-02-06,irrigation,80,0.375493143266798
2021-02-07,irrigation,80,0.372407657141083
2021-02-08,irrigation,80,0.370115701885315
2021-02-09,irrigation,80,0.368261347463841
2021-02-10,irrigation,80,0.366460984371579
2021-02-11,irrigation,80,0.364915829197273
2021-02-12,irrigation,80,0.36328059609491
2021-02-13,irrigation,80,0.361642357192923
2021-02-14,irrigation,80,0.360146026957014
2021-02-15,irrigation,80,0.358888496198152
2021-02-16,irrigation,80,0.357494875188459
2021-02-17,irrigation,80,0.356377107851565
2021-02-18,irrigation,80,0.355319014793815
2021-02-19,irrigation,80,0.35425564447607
2021-02-20,irrigation,80,0.353080128713456
2021-02-21,irrigation,80,0.351955975783499
2021-02-22,irrigation,80,0.350786736739309
2021-02-23,irrigation,80,0.349631250338545
2021-02-24,irrigation,80,0.348324839610135
2021-02-25,irrigation,80,0.347066361093041
2021-02-26,irrigation,80,0.346251738698859
2021-02-27,irrigation,80,0.345646008755298
2021-02-28,irrigation,80,0.345105145103053
2021-03-01,irrigation,80,0.343358762640702
2021-03-02,irrigation,80,0.342375501267453
2021-03-03,irrigation,80,0.340981741560266
2021-03-04,irrigation,80,0.339920809254224
2021-03-05,irrigation,80,0.338378745631168
2021-03-06,irrigation,80,0.335545037319786
2021-03-07,irrigation,80,0.334298715491044
2021-03-08,irrigation,80,0.333050962950054
2021-03-09,irrigation,80,0.331892143411839
2021-03-10,irrigation,80,0.330639565282337
2021-03-11,irrigation,80,0.329097760250694
2021-03-12,irrigation,80,0.327548778341706
2021-03-13,irrigation,80,0.326451594763881
2021-03-14,irrigation,80,0.325487501125186
2021-03-15,irrigation,80,0.324974577167038
2021-03-16,irrigation,80,0.324467038572168
2021-03-17,irrigation,80,0.324086150921309
2021-03-18,irrigation,80,0.323761346905828
2021-03-19,irrigation,80,0.323131871200037
2021-03-20,irrigation,80,0.322706357161313
2021-03-21,irrigation,80,0.322315198191336
2021-03-22,irrigation,80,0.321861879649915
2021-03-23,irrigation,80,0.321081117226322
2021-03-24,irrigation,80,0.320054466572214
2021-03-25,irrigation,80,0.318936075913279
2021-03-26,irrigation,80,0.317251571471587
2021-03-27,irrigation,80,0.315811130010517
2021-03-28,irrigation,80,0.31483125144557
2021-03-29,irrigation,80,0.313113285835409
2021-03-30,irrigation,80,0.311199967434532
2021-03-31,irrigation,80,0.309011069794385
2021-04-01,irrigation,80,0.306684247468647
2021-04-02,irrigation,80,0.304234171761644
2021-04-03,irrigation,80,0.302018232445968
2021-04-04,irrigation,80,0.299960055903385
2021-04-05,irrigation,80,0.297535171508789
2021-04-06,irrigation,80,0.295108576235564
2021-04-07,irrigation,80,0.293874379408987
2021-04-08,irrigation,80,0.292805249918499
2021-04-09,irrigation,80,0.290420776367187
2021-04-10,irrigation,80,0.286932287730936
2021-04-11,irrigation,80,0.282746524409244
2021-04-12,irrigation,80,0.279595037522268
2021-04-13,irrigation,80,0.276705214048687
2021-04-14,irrigation,80,0.273571472167969
2021-04-15,irrigation,80,0.270546031550357
2021-04-16,irrigation,80,0.26717428689254
2021-04-17,irrigation,80,0.26312672646876
2021-04-18,irrigation,80,0.258349006616801
2021-04-19,irrigation,80,0.253349778195645
2021-04-20,irrigation,80,0.247604990526857
2021-04-21,irrigation,80,0.241650343964375
2021-04-22,irrigation,80,0.236272289476897
2021-04-23,irrigation,80,0.230322374645032
2021-04-24,irrigation,80,0.224301818044562
2021-04-25,irrigation,80,0.218552823765558
2021-04-26,irrigation,80,0.215067596435547
2021-04-27,irrigation,80,0.212811470031738
2021-04-28,irrigation,80,0.207704825299851
2021-04-29,irrigation,80,0.206409587860107
2021-04-30,irrigation,80,0.208569558595356
2021-05-01,irrigation,80,0.20963535268256
2021-05-02,irrigation,80,0.211162985952277
2021-05-03,irrigation,80,0.211016398379677
2021-05-04,irrigation,80,0.20930970859848
2021-05-05,irrigation,80,0.207756878903038
2021-05-06,irrigation,80,0.20587926864624
2021-05-07,irrigation,80,0.206695173765484
2021-05-08,irrigation,80,0.208371962898656
2021-05-09,irrigation,80,0.208455451892712
2021-05-10,irrigation,80,0.208692931317269
2021-05-11,irrigation,80,0.210005031342202
2021-05-12,irrigation,80,0.210860588056643
2021-05-13,irrigation,80,0.211746826171875
2021-05-14,irrigation,80,0.211669268446834
2021-05-15,irrigation,80,0.212690877010948
2021-05-16,irrigation,80,0.21397331237793
2021-05-17,irrigation,80,0.217272295213894
2021-05-18,irrigation,80,0.223548775125057
2021-05-19,irrigation,80,0.226214344426205
2021-05-20,irrigation,80,0.242780352140728
2021-05-21,irrigation,80,0.261561750851774
2021-05-22,irrigation,80,0.266706354631181
2021-05-23,irrigation,80,0.269412833590791
2021-05-24,irrigation,80,0.296447781464038
2021-05-25,irrigation,80,0.298117452420686
2021-05-26,irrigation,80,0.297369593949227
2021-05-27,irrigation,80,0.310407775422894
2021-05-28,irrigation,80,0.32406268119812
2021-05-29,irrigation,80,0.327815648129112
2021-05-30,irrigation,80,0.329450242142928
2021-05-31,irrigation,80,0.330474255947357
2021-06-01,irrigation,80,0.33075315434348
2021-06-02,irrigation,80,0.33045657885702
2021-06-03,irrigation,80,0.330872168848591
2021-06-04,irrigation,80,0.330817113424602
2021-06-05,irrigation,80,0.331567271132218
2021-06-06,irrigation,80,0.335513464951679
2021-06-07,irrigation,80,0.335421463025511
2021-06-08,irrigation,80,0.33617087590067
2021-06-09,irrigation,80,0.337544721142042
2021-06-10,irrigation,80,0.337195823820014
2021-06-11,irrigation,80,0.335361261223625
2021-06-12,irrigation,80,0.33331350251248
2021-06-13,irrigation,80,0.330668945077724
2021-06-14,irrigation,80,0.327673514345859
2021-06-15,irrigation,80,0.324298640397879
2021-06-16,irrigation,80,0.320574650764465
2021-06-17,irrigation,80,0.316626336822852
2021-06-18,irrigation,80,0.312549813768231
2021-06-19,irrigation,80,0.308964538574219
2021-06-20,irrigation,80,0.305669088801505
2021-06-21,irrigation,80,0.302495226358113
2021-06-22,irrigation,80,0.300685902394747
2021-06-23,irrigation,80,0.302602129233511
2021-06-24,irrigation,80,0.305679924079234
2021-06-25,irrigation,80,0.311549711227417
2021-06-26,irrigation,80,0.314527039832257
2021-06-27,irrigation,80,0.313550841827008
2021-06-28,irrigation,80,0.311938556033319
2021-06-29,irrigation,80,0.311660561561585
2021-06-30,irrigation,80,0.312979435193229
2021-07-01,irrigation,80,0.31345425676737
2021-07-02,irrigation,80,0.31276631694358
2021-07-03,irrigation,80,0.311591946148129
2021-07-04,irrigation,80,0.313725470482035
2021-07-05,irrigation,80,0.315269313917007
2021-07-06,irrigation,80,0.311950766245524
2021-07-07,irrigation,80,0.314667989329288
2021-07-08,irrigation,80,0.319986275622719
2021-07-09,irrigation,80,0.339153782432317
2021-07-10,irrigation,80,0.343722467128801
2021-07-11,irrigation,80,0.346025939190641
2021-07-12,irrigation,80,0.346500704638234
2021-07-13,irrigation,80,0.354467735728385
2021-07-14,irrigation,80,0.372157800323085
2021-07-15,irrigation,80,0.385699090162023
2021-07-16,irrigation,80,0.391881322860718
2021-07-17,irrigation,80,0.379101799679764
2021-07-18,irrigation,80,0.373720299212423
2021-07-19,irrigation,80,0.367038029173146
2021-07-20,irrigation,80,0.356446184040668
2021-07-21,irrigation,80,0.357086354516358
2021-07-22,irrigation,80,0.353655019233635
2021-07-23,irrigation,80,0.351068465237121
2021-07-24,irrigation,80,0.347925146755419
2021-07-25,irrigation,80,0.345427656173706
2021-07-26,irrigation,80,0.34360816022183
2021-07-27,irrigation,80,0.34255434052274
2021-07-28,irrigation,80,0.343237961799868
2021-07-29,irrigation,80,0.343916585368495
2021-07-30,irrigation,80,0.342501633618473
2021-07-31,irrigation,80,0.342315839466296
2021-08-01,irrigation,80,0.345048450670744
2021-08-02,irrigation,80,0.348225835095281
2021-08-03,irrigation,80,0.345947630674821
2021-08-04,irrigation,80,0.347695398330689
2021-08-05,irrigation,80,0.351893409409585
2021-08-06,irrigation,80,0.350229644067102
2021-08-07,irrigation,80,0.349528424614354
2021-08-08,irrigation,80,0.355777744364455
2021-08-09,irrigation,80,0.354042360388817
2021-08-10,irrigation,80,0.352857124757192
2021-08-11,irrigation,80,0.349992872488281
2021-08-12,irrigation,80,0.347870219671989
2021-08-13,irrigation,80,0.347092175430306
2021-08-14,irrigation,80,0.34697105076002
2021-08-15,irrigation,80,0.347086750024041
2021-08-16,irrigation,80,0.344342445040337
2021-08-17,irrigation,80,0.344043618424954
2021-08-18,irrigation,80,0.343103649656289
2021-08-19,irrigation,80,0.342218537330627
2021-08-20,irrigation,80,0.341429384633114
2021-08-21,irrigation,80,0.339451345369762
2021-08-22,irrigation,80,0.337896345977954
2021-08-23,irrigation,80,0.337331169740453
2021-08-24,irrigation,80,0.336285008841743
2021-08-25,irrigation,80,0.336957197958251
2021-08-26,irrigation,80,0.337380860779657
2021-08-27,irrigation,80,0.335729000685778
2021-08-28,irrigation,80,0.33286865642469
2021-08-29,irrigation,80,0.328840864834033
2021-08-30,irrigation,80,0.326752868644622
2021-08-31,irrigation,80,0.324716369478326
2021-09-01,irrigation,80,0.322783323338157
2021-09-02,irrigation,80,0.321223729284186
2021-09-03,irrigation,80,0.318704052024833
2021-09-04,irrigation,80,0.317010611872519
2021-09-05,irrigation,80,0.315434184987494
2021-09-06,irrigation,80,0.326776330843585
2021-09-07,irrigation,80,0.32476708094279
2021-09-08,irrigation,80,0.322132534897118
2021-09-09,irrigation,80,0.319218222300212
2021-09-10,irrigation,80,0.318550851721513
2021-09-11,irrigation,80,0.321862901187112
2021-09-12,irrigation,80,0.320990403493245
2021-09-13,irrigation,80,0.31979275745792
2021-09-14,irrigation,80,0.318749141693115
2021-09-15,irrigation,80,0.320944013093647
2021-09-16,irrigation,80,0.327126662271065
2021-09-17,irrigation,80,0.32819378434566
2021-09-18,irrigation,80,0.328484049345318
2021-09-19,irrigation,80,0.336886492612069
2021-09-20,irrigation,80,0.358048884073893
2021-09-21,irrigation,80,0.363161150614421
2021-09-22,irrigation,80,0.36119376561975
2021-09-23,irrigation,80,0.360028096918474
2021-09-24,irrigation,80,0.358854940983287
2021-09-25,irrigation,80,0.357718962953802
2021-09-26,irrigation,80,0.35779911784549
2021-09-27,irrigation,80,0.358700509322317
2021-09-28,irrigation,80,0.35858115676447
2021-09-29,irrigation,80,0.359290345509847
2021-09-30,irrigation,80,0.360538037618001
2021-10-01,irrigation,80,0.358421513406854
2021-10-02,irrigation,80,0.357561111450195
2021-10-03,irrigation,80,0.356249405041076
2021-10-04,irrigation,80,0.35763365427653
2021-10-05,irrigation,80,0.365427644294605
2021-10-06,irrigation,80,0.369725477653637
2021-10-07,irrigation,80,0.369115670522054
2021-10-08,irrigation,80,0.367277851773981
2021-10-09,irrigation,80,0.367666939809813
2021-10-10,irrigation,80,0.367514610290527
2021-10-11,irrigation,80,0.367281295040198
2021-10-12,irrigation,80,0.366643206278483
2021-10-13,irrigation,80,0.363879680633545
2021-10-14,irrigation,80,0.350875109083692
2021-10-15,irrigation,80,0.348549517074064
2021-10-16,irrigation,80,0.346218321075098
2021-10-17,irrigation,80,0.344046611283955
2021-10-18,irrigation,80,0.341852751184017
2021-10-19,irrigation,80,0.339601539059689
2021-10-20,irrigation,80,0.337278655453732
2021-10-21,irrigation,80,0.334775699565285
2021-10-22,irrigation,80,0.333663789849532
2021-10-23,irrigation,80,0.33257236248435
2021-10-24,irrigation,80,0.331313716289311
2021-10-25,irrigation,80,0.32998960344415
2021-10-26,irrigation,80,0.32882186186941
2021-10-27,irrigation,80,0.32773062756187
2021-10-28,irrigation,80,0.326503022680891
2021-10-29,irrigation,80,0.324824865742734
2021-10-30,irrigation,80,0.322799118443539
2021-10-31,irrigation,80,0.321290999313218
2021-11-01,irrigation,80,0.319339442253113
2021-11-02,irrigation,80,0.318896789299814
2021-11-03,irrigation,80,0.318705744053136
2021-11-04,irrigation,80,0.318789957343164
2021-11-05,irrigation,80,0.318894954614348
2021-11-06,irrigation,80,0.318869706991092
2021-11-07,irrigation,80,0.318760361276308
2021-11-08,irrigation,80,0.318645179105564
2021-11-09,irrigation,80,0.318621834288252
2021-11-10,irrigation,80,0.318101447506955
2021-11-11,irrigation,80,0.317651744641756
2021-11-12,irrigation,80,0.317355467394779
2021-11-13,irrigation,80,0.317095263761323
2021-11-14,irrigation,80,0.316907871138847
2021-11-15,irrigation,80,0.316750934289955
2021-11-16,irrigation,80,0.316637801120156
2021-11-17,irrigation,80,0.316517395161568
2021-11-18,irrigation,80,0.316330947865297
2021-11-19,irrigation,80,0.315932815513044
2021-11-20,irrigation,80,0.315631178052802
2021-11-21,irrigation,80,0.315308434331503
2021-11-22,irrigation,80,0.315173990544834
2021-11-23,irrigation,80,0.315022921562195
2021-11-24,irrigation,80,0.314785898359198
2021-11-25,irrigation,80,0.3143394947052
2021-11-26,irrigation,80,0.313939764651846
2021-11-27,irrigation,80,0.31374491353585
2021-11-28,irrigation,80,0.313656159349679
2021-11-29,irrigation,80,0.313504546592334
2021-11-30,irrigation,80,0.313325042729949
2021-12-01,irrigation,80,0.312965304726049
2021-12-02,irrigation,80,0.312634360322045
2021-12-03,irrigation,80,0.312727045505605
2021-12-04,irrigation,80,0.311864387448688
2021-12-05,irrigation,80,0.31424770923371
2021-12-06,irrigation,80,0.31715685103802
2021-12-07,irrigation,80,0.318560024355591
2021-12-08,irrigation,80,0.318665407080399
2021-12-09,irrigation,80,0.319371445304469
2021-12-10,irrigation,80,0.327355173345198
2021-12-11,irrigation,80,0.329486630088405
2021-12-12,irrigation,80,0.330808754508377
2021-12-13,irrigation,80,0.331771782992179
2021-12-14,irrigation,80,0.33235387918174
2021-12-15,irrigation,80,0.332655779520671
2021-12-16,irrigation,80,0.332969394228984
2021-12-17,irrigation,80,0.333195859489711
2021-12-18,irrigation,80,0.333180362299869
2021-12-19,irrigation,80,0.333218987782796
2021-12-20,irrigation,80,0.333147146517592
2021-12-21,irrigation,80,0.333037274678548
2021-12-22,irrigation,80,0.332931783347933
2021-12-23,irrigation,80,0.33277847903154
2021-12-24,irrigation,80,0.332553323337773
2021-12-25,irrigation,80,0.33236127884008
2021-12-26,irrigation,80,0.331343831497627
2021-12-27,irrigation,80,0.331220240375104
2021-12-28,irrigation,80,0.354303477800974
2021-12-29,irrigation,80,0.388049741010594
2021-12-30,irrigation,80,0.397066116333008
2021-12-31,irrigation,80,0.381282291630871
2022-01-01,irrigation,80,0.373662103799402
2022-01-02,irrigation,80,0.370870920484502
2022-01-03,irrigation,80,0.368428923931908
2022-01-04,irrigation,80,0.366054452749399
2022-01-05,irrigation,80,0.363805654081704
2022-01-06,irrigation,80,0.362676975852565
2022-01-07,irrigation,80,0.361673851483079
2022-01-08,irrigation,80,0.360398157249799
2022-01-09,irrigation,80,0.358540882632901
2022-01-10,irrigation,80,0.357609276709249
2022-01-11,irrigation,80,0.35722667152288
2022-01-12,irrigation,80,0.356869133620234
2022-01-13,irrigation,80,0.35626094190164
2022-01-14,irrigation,80,0.355450377649792
2022-01-15,irrigation,80,0.354446313714468
2022-01-16,irrigation,80,0.353419607062089
2022-01-17,irrigation,80,0.35255246614155
2022-01-18,irrigation,80,0.351742983420285
2022-01-19,irrigation,80,0.327642036220624
2022-01-20,irrigation,80,0.33210787445574
2022-01-21,irrigation,80,0.349553439579521
2022-01-22,irrigation,80,0.348979781187322
2022-01-23,irrigation,80,0.348438134296391
2022-01-24,irrigation,80,0.347885122179388
2022-01-25,irrigation,80,0.347327846278018
2022-01-26,irrigation,80,0.346742350671977
2022-01-27,irrigation,80,0.346160626873114
2022-01-28,irrigation,80,0.345616269864534
2022-01-29,irrigation,80,0.345089746192081
2022-01-30,irrigation,80,0.34455043536418
2022-01-31,irrigation,80,0.343605378706928
2022-02-01,irrigation,80,0.342920637197615
2022-02-02,irrigation,80,0.341740204932842
2022-02-03,irrigation,80,0.32855009650997
2022-02-04,irrigation,80,0.332529457581125
2022-02-05,irrigation,80,0.334948310805718
2022-02-06,irrigation,80,0.336062073809035
2022-02-07,irrigation,80,0.337419450188676
2022-02-08,irrigation,80,0.342215068147142
2022-02-09,irrigation,80,0.343676100527104
2022-02-10,irrigation,80,0.343470482434133
2022-02-11,irrigation,80,0.34288375417737
2022-02-12,irrigation,80,0.34209101541962
2022-02-13,irrigation,80,0.341212024880471
2022-02-14,irrigation,80,0.340367693073681
2022-02-15,irrigation,80,0.339531526988993
2022-02-16,irrigation,80,0.338536928812663
2022-02-17,irrigation,80,0.33772448217795
2022-02-18,irrigation,80,0.338517467792218
2022-02-19,irrigation,80,0.33858859257771
2022-02-20,irrigation,80,0.33801151575068
2022-02-21,irrigation,80,0.337368116180435
2022-02-22,irrigation,80,0.336602203058265
2022-02-23,irrigation,80,0.33581229956083
2022-02-24,irrigation,80,0.334852102472541
2022-02-25,irrigation,80,0.333908498869843
2022-02-26,irrigation,80,0.332856947398649
2022-02-27,irrigation,80,0.331997851496157
2022-02-28,irrigation,80,0.331328045562026
2022-03-01,irrigation,80,0.330654905167566
2022-03-02,irrigation,80,0.329901757709123
2022-03-03,irrigation,80,0.329107788991554
2022-03-04,irrigation,80,0.328284228082653
2022-03-05,irrigation,80,0.327538583253559
2022-03-06,irrigation,80,0.326867985374049
2022-03-07,irrigation,80,0.326232675972395
2022-03-08,irrigation,80,0.325626796375621
2022-03-09,irrigation,80,0.324952408943304
2022-03-10,irrigation,80,0.32410654947905
2022-03-11,irrigation,80,0.323204919066024
2022-03-12,irrigation,80,0.322210353650545
2022-03-13,irrigation,80,0.321065575752885
2022-03-14,irrigation,80,0.319915301693708
2022-03-15,irrigation,80,0.318649026303525
2022-03-16,irrigation,80,0.317667695652639
2022-03-17,irrigation,80,0.316957506220391
2022-03-18,irrigation,80,0.315208519742867
2022-03-19,irrigation,80,0.313883960903726
2022-03-20,irrigation,80,0.312129954061201
2022-03-21,irrigation,80,0.310347613819858
2022-03-22,irrigation,80,0.308504621211054
2022-03-23,irrigation,80,0.306638123969595
2022-03-24,irrigation,80,0.304791686734467
2022-03-25,irrigation,80,0.302879521687826
2022-03-26,irrigation,80,0.300848685596006
2022-03-27,irrigation,80,0.298677315977662
2022-03-28,irrigation,80,0.296502536650627
2022-03-29,irrigation,80,0.294223841963134
2022-03-30,irrigation,80,0.292331816529933
2022-03-31,irrigation,80,0.290991544623124
2022-04-01,irrigation,80,0.289905433253238
2022-04-02,irrigation,80,0.289443518941863
2022-04-03,irrigation,80,0.288666084624173
2022-04-04,irrigation,80,0.287376145978851
2022-04-05,irrigation,80,0.285247200800281
2022-04-06,irrigation,80,0.282799848475561
2022-04-07,irrigation,80,0.280917929754497
2022-04-08,irrigation,80,0.279910331045547
2022-04-09,irrigation,80,0.281049000354523
2022-04-10,irrigation,80,0.281503951493881
2022-04-11,irrigation,80,0.280892971265223
2022-04-12,irrigation,80,0.279746537212418
2022-04-13,irrigation,80,0.278348922528719
2022-04-14,irrigation,80,0.276560906119969
2022-04-15,irrigation,80,0.274365481120514
2022-04-16,irrigation,80,0.271806539635909
2022-04-17,irrigation,80,0.268669520246013
2022-04-18,irrigation,80,0.265493919790864
2022-04-19,irrigation,80,0.261759896250856
2022-04-20,irrigation,80,0.257379406305233
2022-04-21,irrigation,80,0.252921862451654
2022-04-22,irrigation,80,0.248021058808871
2022-04-23,irrigation,80,0.243037276505878
2022-04-24,irrigation,80,0.240077056605429
2022-04-25,irrigation,80,0.23876296569323
2022-04-26,irrigation,80,0.23662420443823
2022-04-27,irrigation,80,0.232313623081435
2022-04-28,irrigation,80,0.226418414988416
2022-04-29,irrigation,80,0.220061223050381
2022-04-30,irrigation,80,0.215238657283397
2022-05-01,irrigation,80,0.213053267437431
2022-05-02,irrigation,80,0.208324895975274
2022-05-03,irrigation,80,0.204549780121932
2022-05-04,irrigation,80,0.202064055460965
2022-05-05,irrigation,80,0.201976636927179
2022-05-06,irrigation,80,0.202328861618191
2022-05-07,irrigation,80,0.199412279086403
2022-05-08,irrigation,80,0.195705670406944
2022-05-09,irrigation,80,0.19251583180529
2022-05-10,irrigation,80,0.189304381150466
2022-05-11,irrigation,80,0.186229205889392
2022-05-12,irrigation,80,0.184889618838354
2022-05-13,irrigation,80,0.186114956653381
2022-05-14,irrigation,80,0.202571193040935
2022-05-15,irrigation,80,0.198776687726822
2022-05-16,irrigation,80,0.196790056329024
2022-05-17,irrigation,80,0.197102183223438
2022-05-18,irrigation,80,0.196184682344135
2022-05-19,irrigation,80,0.195003941681676
2022-05-20,irrigation,80,0.194151412772937
2022-05-21,irrigation,80,0.192395888869029
2022-05-22,irrigation,80,0.191644493272913
2022-05-23,irrigation,80,0.192420915773338
2022-05-24,irrigation,80,0.197084035546994
2022-05-25,irrigation,80,0.208086897146261
2022-05-26,irrigation,80,0.20800829326956
2022-05-27,irrigation,80,0.207573180463761
2022-05-28,irrigation,80,0.206539188652708
2022-05-29,irrigation,80,0.20651871458013
2022-05-30,irrigation,80,0.204955835350129
2022-05-31,irrigation,80,0.204034767150879
2022-06-01,irrigation,80,0.206151241795045
2022-06-02,irrigation,80,0.210774302760787
2022-06-03,irrigation,80,0.213195127305632
2022-06-04,irrigation,80,0.219943246311248
2022-06-05,irrigation,80,0.224333428602952
2022-06-06,irrigation,80,0.225950204625303
2022-06-07,irrigation,80,0.226172016143799
2022-06-08,irrigation,80,0.228708090681849
2022-06-09,irrigation,80,0.227790820812889
2022-06-10,irrigation,80,0.228161183870756
2022-06-11,irrigation,80,0.227142007191976
2022-06-12,irrigation,80,0.225225454823355
2022-06-13,irrigation,80,0.22324305811236
2022-06-14,irrigation,80,0.221272771341937
2022-06-15,irrigation,80,0.219249465741609
2022-06-16,irrigation,80,0.216911549320448
2022-06-17,irrigation,80,0.214282665252686
2022-06-18,irrigation,80,0.21122833105234
2022-06-19,irrigation,80,0.208006508554419
2022-06-20,irrigation,80,0.204704056857677
2022-06-21,irrigation,80,0.20165872650452701
2022-06-22,irrigation,80,0.200445978238872
2022-06-23,irrigation,80,0.19989944165454
2022-06-24,irrigation,80,0.202119279669932
2022-06-25,irrigation,80,0.20470669923781
2022-06-26,irrigation,80,0.205505107489607
2022-06-27,irrigation,80,0.204022842274413
2022-06-28,irrigation,80,0.203944000575853
2022-06-29,irrigation,80,0.211846519423882
2022-06-30,irrigation,80,0.214286509612059
2022-07-01,irrigation,80,0.214054422347988
2022-07-02,irrigation,80,0.215553525324498
2022-07-03,irrigation,80,0.215450362897487
2022-07-04,irrigation,80,0.214354592172147
2022-07-05,irrigation,80,0.218995251792322
2022-07-06,irrigation,80,0.221761556440784
2022-07-07,irrigation,80,0.226099623133627
2022-07-08,irrigation,80,0.235424020466052
2022-07-09,irrigation,80,0.240715753396622
2022-07-10,irrigation,80,0.241125387693706
2022-07-11,irrigation,80,0.239100479496635
2022-07-12,irrigation,80,0.236338911481232
2022-07-13,irrigation,80,0.235172889021717
2022-07-14,irrigation,80,0.233040193095894
2022-07-15,irrigation,80,0.229630941633499
2022-07-16,irrigation,80,0.225545544162873
2022-07-17,irrigation,80,0.221125290457536
2022-07-18,irrigation,80,0.215229521183912
2022-07-19,irrigation,80,0.208073417024749
2022-07-20,irrigation,80,0.200664602362591
2022-07-21,irrigation,80,0.197350803915403
2022-07-22,irrigation,80,0.193677865875973
2022-07-23,irrigation,80,0.188824291285018
2022-07-24,irrigation,80,0.184980562809362
2022-07-25,irrigation,80,0.181462004966581
2022-07-26,irrigation,80,0.179269745358989
2022-07-27,irrigation,80,0.177291715457645
2022-07-28,irrigation,80,0.175080091281363
2022-07-29,irrigation,80,0.174438013500637
2022-07-30,irrigation,80,0.174209313967275
2022-07-31,irrigation,80,0.172356924921628
2022-08-01,irrigation,80,0.170438379601833
2022-08-02,irrigation,80,0.168559755303009
2022-08-03,irrigation,80,0.166723141839318
2022-08-04,irrigation,80,0.164965452283447
2022-08-05,irrigation,80,0.163884367240987
2022-08-06,irrigation,80,0.163972403979402
2022-08-07,irrigation,80,0.164659713176971
2022-08-08,irrigation,80,0.164347259170858
2022-08-09,irrigation,80,0.164503212765376
2022-08-10,irrigation,80,0.164086848360646
2022-08-11,irrigation,80,0.163400726151048
2022-08-12,irrigation,80,0.162534783094324
2022-08-13,irrigation,80,0.161645679937201
2022-08-14,irrigation,80,0.160996754101896
2022-08-15,irrigation,80,0.160540686546013
2022-08-16,irrigation,80,0.160032570461834
2022-08-17,irrigation,80,0.159565314349185
2022-08-18,irrigation,80,0.158304444813696
2022-08-19,irrigation,80,0.158515761989331
2022-08-20,irrigation,80,0.169966109269881
2022-08-21,irrigation,80,0.179127519953321
2022-08-22,irrigation,80,0.181939823084175
2022-08-23,irrigation,80,0.182476231898636
2022-08-24,irrigation,80,0.182194854051639
2022-08-25,irrigation,80,0.181641545084226
2022-08-26,irrigation,80,0.180018338695767
2022-08-27,irrigation,80,0.184284893813243
2022-08-28,irrigation,80,0.189835582753663
2022-08-29,irrigation,80,0.19032534366255
2022-08-30,irrigation,80,0.190213383107946
2022-08-31,irrigation,80,0.190406918582366
2022-09-01,irrigation,80,0.190373024801065
2022-09-02,irrigation,80,0.190046717939321
2022-09-03,irrigation,80,0.189577284026564
2022-09-04,irrigation,80,0.189896277971165
2022-09-05,irrigation,80,0.189777598915711
2022-09-06,irrigation,80,0.189045451007189
2022-09-07,irrigation,80,0.188737539627084
2022-09-08,irrigation,80,0.189975859340234
2022-09-09,irrigation,80,0.193101823088052
2022-09-10,irrigation,80,0.193657862138908
2022-09-11,irrigation,80,0.193758436635876
2022-09-12,irrigation,80,0.193544315374228
2022-09-13,irrigation,80,0.193488768898142
2022-09-14,irrigation,80,0.19356857691895
2022-09-15,irrigation,80,0.193531356443439
2022-09-16,irrigation,80,0.194593760228296
2022-09-17,irrigation,80,0.195575470222957
2022-09-18,irrigation,80,0.195809473857212
2022-09-19,irrigation,80,0.196347698052081
2022-09-20,irrigation,80,0.197417018746817
2022-09-21,irrigation,80,0.199464337198358
2022-09-22,irrigation,80,0.199037601636804
2022-09-23,irrigation,80,0.199214500278848
2022-09-24,irrigation,80,0.199462926003241
2022-09-25,irrigation,80,0.201252778043672
2022-09-26,irrigation,80,0.2041593974753
2022-09-27,irrigation,80,0.208436022060652
2022-09-28,irrigation,80,0.216955914768515
2022-09-29,irrigation,80,0.236191224313915
2022-09-30,irrigation,80,0.24639750523607
2022-10-01,irrigation,80,0.250351310757035
2022-10-02,irrigation,80,0.257949131335194
2022-10-03,irrigation,80,0.269422204690745
2022-10-04,irrigation,80,0.280962002869193
2022-10-05,irrigation,80,0.267898834309679
2022-10-06,irrigation,80,0.275766415892093
2022-10-07,irrigation,80,0.278742392166801
2022-10-08,irrigation,80,0.280586069547213
2022-10-09,irrigation,80,0.283446995604018
2022-10-10,irrigation,80,0.286123193594126
2022-10-11,irrigation,80,0.287649450568367
2022-10-12,irrigation,80,0.303577010783743
2022-10-13,irrigation,80,0.304652482719832
2022-10-14,irrigation,80,0.306055277890762
2022-10-15,irrigation,80,0.308648907208274
2022-10-16,irrigation,80,0.310925054264123
2022-10-17,irrigation,80,0.310795464837649
2022-10-18,irrigation,80,0.310399851213422
2022-10-19,irrigation,80,0.310083060130011
2022-10-20,irrigation,80,0.309912087600543
2022-10-21,irrigation,80,0.31150764325906
2022-10-22,irrigation,80,0.321791858073344
2022-10-23,irrigation,80,0.321770020171398
2022-10-24,irrigation,80,0.320832257701266
2022-10-25,irrigation,80,0.332895836246252
2022-10-26,irrigation,80,0.329500767863389
2022-10-27,irrigation,80,0.326012587290938
2022-10-28,irrigation,80,0.322649393527202
2022-10-29,irrigation,80,0.319241672767192
2022-10-30,irrigation,80,0.315911011946829
2022-10-31,irrigation,80,0.312924732190234
2022-11-01,irrigation,80,0.310346528995804
2022-11-02,irrigation,80,0.308531781743324
2022-11-03,irrigation,80,0.30689760834456
2022-11-04,irrigation,80,0.305118828969644
2022-11-05,irrigation,80,0.304335518324718
2022-11-06,irrigation,80,0.303759118413475
2022-11-07,irrigation,80,0.303308522608163
2022-11-08,irrigation,80,0.302707842169329
2022-11-09,irrigation,80,0.301958406789395
2022-11-10,irrigation,80,0.301211541501008
2022-11-11,irrigation,80,0.300874248660076
2022-11-12,irrigation,80,0.300250751038044
2022-11-13,irrigation,80,0.299557772868467
2022-11-14,irrigation,80,0.2982518940965
2022-11-15,irrigation,80,0.297844210914944
2022-11-16,irrigation,80,0.298251654307048
2022-11-17,irrigation,80,0.299025210467252
2022-11-18,irrigation,80,0.298926386685185
2022-11-19,irrigation,80,0.300946208273037
2022-11-20,irrigation,80,0.302278902660797
2022-11-21,irrigation,80,0.302669428941849
2022-11-22,irrigation,80,0.302179232508392
2022-11-23,irrigation,80,0.302220475025579
2022-11-24,irrigation,80,0.301965702303323
2022-11-25,irrigation,80,0.302748968147953
2022-11-26,irrigation,80,0.30277344199726
2022-11-27,irrigation,80,0.302689930597941
2022-11-28,irrigation,80,0.30226650717303
2022-11-29,irrigation,80,0.301510058242188
2022-11-30,irrigation,80,0.301069312768295
2022-12-01,irrigation,80,0.301021385531054
2022-12-02,irrigation,80,0.300767607939871
2022-12-03,irrigation,80,0.300615429266905
2022-12-04,irrigation,80,0.300352340535668
2022-12-05,irrigation,80,0.299966372776009
2022-12-06,irrigation,80,0.299806940725167
2022-12-07,irrigation,80,0.299553203726305
2022-12-08,irrigation,80,0.299207934459304
2022-12-09,irrigation,80,0.298986877168464
2022-12-10,irrigation,80,0.297728460647967
2022-12-11,irrigation,80,0.298226176697377
2022-12-12,irrigation,80,0.298660309338629
2022-12-13,irrigation,80,0.29917297852345
2022-12-14,irrigation,80,0.299456616853934
2022-12-15,irrigation,80,0.299191925149632
2022-12-16,irrigation,80,0.298889082394167
2022-12-17,irrigation,80,0.298980309940246
2022-12-18,irrigation,80,0.299326933685812
2022-12-19,irrigation,80,0.299491568060555
2022-12-20,irrigation,80,0.299383555689166
2022-12-21,irrigation,80,0.299111596309777
2022-12-22,irrigation,80,0.274423322175678
2022-12-23,irrigation,80,0.32074258574992
2022-12-24,irrigation,80,0.384702726357036
2022-12-25,irrigation,80,0.356998545137518
2022-12-26,irrigation,80,0.343893511751865
2022-12-27,irrigation,80,0.338811375109118
2022-12-28,irrigation,80,0.335648029395436
2022-12-29,irrigation,80,0.333283295317605
2022-12-30,irrigation,80,0.331005311105766
2022-12-31,irrigation,80,0.324212743637714
2023-01-01,irrigation,80,0.307259344285534
2023-01-02,irrigation,80,0.328143995280847
2023-01-03,irrigation,80,0.327577444223257
2023-01-04,irrigation,80,0.325352734385849
2023-01-05,irrigation,80,0.323915307937876
2023-01-06,irrigation,80,0.322465056308389
2023-01-07,irrigation,80,0.321159844203302
2023-01-08,irrigation,80,0.320123815007982
2023-01-09,irrigation,80,0.351092707857173
2023-01-10,irrigation,80,0.35454583937122
2023-01-11,irrigation,80,0.337827557149002
2023-01-12,irrigation,80,0.33803961814718
2023-01-13,irrigation,80,0.337528466396644
2023-01-14,irrigation,80,0.336813779730546
2023-01-15,irrigation,80,0.335475765606593
2023-01-16,irrigation,80,0.334148938054624
2023-01-17,irrigation,80,0.332753701881693
2023-01-18,irrigation,80,0.33181808946965
2023-01-19,irrigation,80,0.331070044045589
2023-01-20,irrigation,80,0.330552311475104
2023-01-21,irrigation,80,0.330245800586457
2023-01-22,irrigation,80,0.352401263897236
2023-01-23,irrigation,80,0.351774475791238
2023-01-24,irrigation,80,0.350997337928185
2023-01-25,irrigation,80,0.350317528907289
2023-01-26,irrigation,80,0.349476291822351
2023-01-27,irrigation,80,0.348616981506348
2023-01-28,irrigation,80,0.347506908660239
2023-01-29,irrigation,80,0.347082198293585
2023-01-30,irrigation,80,0.346648553077211
2023-01-31,irrigation,80,0.313904855147652
2023-02-01,irrigation,80,0.313188914976258
2023-02-02,irrigation,80,0.311730348320418
2023-02-03,irrigation,80,0.311291366923939
2023-02-04,irrigation,80,0.333909123738607
2023-02-05,irrigation,80,0.344103825345952
2023-02-06,irrigation,80,0.343699645996094
2023-02-07,irrigation,80,0.310220563461013
2023-02-08,irrigation,80,0.310656495638658
2023-02-09,irrigation,80,0.311216345315624
2023-02-10,irrigation,80,0.311395149523534
2023-02-11,irrigation,80,0.311249985171019
2023-02-12,irrigation,80,0.310931368249297
2023-02-13,irrigation,80,0.310552530093154
2023-02-14,irrigation,80,0.310126419719468
2023-02-15,irrigation,80,0.309746896844161
2023-02-16,irrigation,80,0.309345867322839
2023-02-17,irrigation,80,0.308879922025947
2023-02-18,irrigation,80,0.308810289326836
2023-02-19,irrigation,80,0.308478355072285
2023-02-20,irrigation,80,0.308248378672498
2023-02-21,irrigation,80,0.307757023578023
2023-02-22,irrigation,80,0.307246189686355
2023-02-23,irrigation,80,0.306235187747407
2023-02-24,irrigation,80,0.305764030280432
2023-02-25,irrigation,80,0.305077215670448
2023-02-26,irrigation,80,0.304579459059012
2023-02-27,irrigation,80,0.304151685263521
2023-02-28,irrigation,80,0.30372897499486
2023-03-01,irrigation,80,0.303388958719284
2023-03-02,irrigation,80,0.303092484505819
2023-03-03,irrigation,80,0.302745776865277
2023-03-04,irrigation,80,0.302328430891583
2023-03-05,irrigation,80,0.301902572899534
2023-03-06,irrigation,80,0.301638172479769
2023-03-07,irrigation,80,0.306034094403318
2023-03-08,irrigation,80,0.300104525097809
2023-03-09,irrigation,80,0.297879137801206
2023-03-10,irrigation,80,0.298385757369856
2023-03-11,irrigation,80,0.308056036897062
2023-03-12,irrigation,80,0.322045551516595
2023-03-13,irrigation,80,0.32364697405087
2023-03-14,irrigation,80,0.347734260850804
2023-03-15,irrigation,80,0.343582313152303
2023-03-16,irrigation,80,0.338110893483748
2023-03-17,irrigation,80,0.33399978355758
2023-03-18,irrigation,80,0.330367466190405
2023-03-19,irrigation,80,0.327072576428136
2023-03-20,irrigation,80,0.323687032565736
2023-03-21,irrigation,80,0.322607368335389
2023-03-22,irrigation,80,0.320903566427398
2023-03-23,irrigation,80,0.318898051245171
2023-03-24,irrigation,80,0.31653494583933
2023-03-25,irrigation,80,0.314934054257577
2023-03-26,irrigation,80,0.314865896910952
2023-03-27,irrigation,80,0.317582792876869
2023-03-28,irrigation,80,0.319702231303583
2023-03-29,irrigation,80,0.31914317978753
2023-03-30,irrigation,80,0.31827474897022
2023-03-31,irrigation,80,0.316893787730419
2023-04-01,irrigation,80,0.325103658097322
2023-04-02,irrigation,80,0.328400165803971
2023-04-03,irrigation,80,0.326654099358453
2023-04-04,irrigation,80,0.324167993931869
2023-04-05,irrigation,80,0.321672717381884
2023-04-06,irrigation,80,0.319320782402134
2023-04-07,irrigation,80,0.317021479973426
2023-04-08,irrigation,80,0.315317958885115
2023-04-09,irrigation,80,0.313614489481999
2023-04-10,irrigation,80,0.311947465472751
2023-04-11,irrigation,80,0.310355000618177
2023-04-12,irrigation,80,0.308711431905417
2023-04-13,irrigation,80,0.307575608325261
2023-04-14,irrigation,80,0.306110783112355
2023-04-15,irrigation,80,0.304815309523595
2023-04-16,irrigation,80,0.303709022204081
2023-04-17,irrigation,80,0.302217792209826
2023-04-18,irrigation,80,0.300593519352934
2023-04-19,irrigation,80,0.299101228907041
2023-04-20,irrigation,80,0.29757024813921
2023-04-21,irrigation,80,0.296641016173781
2023-04-22,irrigation,80,0.295636135584029
2023-04-23,irrigation,80,0.294461220189145
2023-04-24,irrigation,80,0.293225376067623
2023-04-25,irrigation,80,0.291718693783409
2023-04-26,irrigation,80,0.290539153856876
2023-04-27,irrigation,80,0.289002290336035
2023-04-28,irrigation,80,0.287272483607639
2023-04-29,irrigation,80,0.284017715386465
2023-04-30,irrigation,80,0.284359286938979
2023-05-01,irrigation,80,0.284180272010595
2023-05-02,irrigation,80,0.292786518565395
2023-05-03,irrigation,80,0.29595322563119
2023-05-04,irrigation,80,0.296137953833352
2023-05-05,irrigation,80,0.295614509045761
2023-05-06,irrigation,80,0.294375836556418
2023-05-07,irrigation,80,0.292437957533708
2023-05-08,irrigation,80,0.291049291037955
2023-05-09,irrigation,80,0.289486064518214
2023-05-10,irrigation,80,0.28803832025239
2023-05-11,irrigation,80,0.286605591408084
2023-05-12,irrigation,80,0.284880463463818
2023-05-13,irrigation,80,0.283310849114738
2023-05-14,irrigation,80,0.2818574283434
2023-05-15,irrigation,80,0.279861747064898
2023-05-16,irrigation,80,0.277667291269755
2023-05-17,irrigation,80,0.276332567899655
2023-05-18,irrigation,80,0.276875433670847
2023-05-19,irrigation,80,0.280545609386255
2023-05-20,irrigation,80,0.2798036386932
2023-05-21,irrigation,80,0.277634131011143
2023-05-22,irrigation,80,0.276195566748548
2023-05-23,irrigation,80,0.274889960525729
2023-05-24,irrigation,80,0.274033240349062
2023-05-25,irrigation,80,0.273294265860519
2023-05-26,irrigation,80,0.271809351083004
2023-05-27,irrigation,80,0.26982361373081
2023-05-28,irrigation,80,0.268738040679267
2023-05-29,irrigation,80,0.266906826231215
2023-05-30,irrigation,80,0.265144365391833
2023-05-31,irrigation,80,0.263624292291621
2023-06-01,irrigation,80,0.262255652229082
2023-06-02,irrigation,80,0.260358134183017
2023-06-03,irrigation,80,0.258791184770888
2023-06-04,irrigation,80,0.258092139291425
2023-06-05,irrigation,80,0.25768709897102
2023-06-06,irrigation,80,0.25560012586189
2023-06-07,irrigation,80,0.253302509356768
2023-06-08,irrigation,80,0.250976626439222
2023-06-09,irrigation,80,0.249579702925809
2023-06-10,irrigation,80,0.248598048365708
2023-06-11,irrigation,80,0.246700647602911
2023-06-12,irrigation,80,0.24254173066881
2023-06-13,irrigation,80,0.2377718374016
2023-06-14,irrigation,80,0.232059440362766
2023-06-15,irrigation,80,0.225377996363733
2023-06-16,irrigation,80,0.219915233119842
2023-06-17,irrigation,80,0.214856378582941
2023-06-18,irrigation,80,0.209800303518634
2023-06-19,irrigation,80,0.20598395941914
2023-06-20,irrigation,80,0.201230834507015
2023-06-21,irrigation,80,0.197129287236836
2023-06-22,irrigation,80,0.195397136966269
2023-06-23,irrigation,80,0.194863857620064
2023-06-24,irrigation,80,0.193709754720766
2023-06-25,irrigation,80,0.192494827906291
2023-06-26,irrigation,80,0.1905676642556
2023-06-27,irrigation,80,0.187877823679071
2023-06-28,irrigation,80,0.18540224476137
2023-06-29,irrigation,80,0.183239995244022
2023-06-30,irrigation,80,0.18489126191623
2023-07-01,irrigation,80,0.192269810862925
2023-07-02,irrigation,80,0.192898839029993
2023-07-03,irrigation,80,0.191941727071569
2023-07-04,irrigation,80,0.191658690036871
2023-07-05,irrigation,80,0.189856280451236
2023-07-06,irrigation,80,0.18875585422181199
2023-07-07,irrigation,80,0.185673628913032
2023-07-08,irrigation,80,0.183495921722236
2023-07-09,irrigation,80,0.180004486670861
2023-07-10,irrigation,80,0.177076408190605
2023-07-11,irrigation,80,0.174311847214545
2023-07-12,irrigation,80,0.172680170944667
2023-07-13,irrigation,80,0.191982659315452
2023-07-14,irrigation,80,0.195509232415093
2023-07-18,irrigation,80,0.118038940429687
2023-07-20,irrigation,80,0.134957885742188
2023-07-21,irrigation,80,0.023126220703125
2023-07-22,irrigation,80,0.0578933715820313
2023-07-23,irrigation,80,0.00364379882812499
2023-07-27,irrigation,80,0.157268490998641
2023-07-28,irrigation,80,0.141379271093969
2023-07-29,irrigation,80,0.176107583724104
2023-07-30,irrigation,80,0.177262926101685
2023-07-31,irrigation,80,0.176678958692049
2023-08-01,irrigation,80,0.174117519980983
2023-08-02,irrigation,80,0.193180046081543
2023-08-03,irrigation,80,0.166428544897782
2023-08-04,irrigation,80,0.163341546058655
2023-08-05,irrigation,80,0.160810706740931
2023-08-06,irrigation,80,0.160093140602112
2023-08-07,irrigation,80,0.158889794600637
2023-08-08,irrigation,80,0.159290719032288
2023-08-09,irrigation,80,0.158789576229296
2023-08-10,irrigation,80,0.157397317886353
2023-08-11,irrigation,80,0.156019038150185
2023-08-12,irrigation,80,0.154898023103413
2023-08-13,irrigation,80,0.154335165023804
2023-08-14,irrigation,80,0.153847274011354
2023-08-15,irrigation,80,0.153511682491153
2023-08-16,irrigation,80,0.15289888381958
2023-08-17,irrigation,80,0.152944445610046
2023-08-18,irrigation,80,0.153678543500911
2023-08-19,irrigation,80,0.15351277512639
2023-08-20,irrigation,80,0.153177261352539
2023-08-21,irrigation,80,0.152714579070669
2023-08-22,irrigation,80,0.152217292785645
2023-08-23,irrigation,80,0.151739634463662
2023-08-24,irrigation,80,0.15118553797404
2023-08-25,irrigation,80,0.135918966929118
2023-08-26,irrigation,80,0.135834170829542
2023-08-27,irrigation,80,0.13551664352417
2023-08-28,irrigation,80,0.226821398420003
2023-08-29,irrigation,80,0.273425325427139
2023-08-30,irrigation,80,0.277176316579183
2023-08-31,irrigation,80,0.284074560801188
2023-09-01,irrigation,80,0.281722036997477
2023-09-02,irrigation,80,0.282767951512524
2023-09-03,irrigation,80,0.279384661222759
2023-09-04,irrigation,80,0.272996648152669
2023-09-05,irrigation,80,0.270085589090983
2023-09-06,irrigation,80,0.268517239888509
2023-09-07,irrigation,80,0.263915409032602
2023-09-08,irrigation,80,0.259789180755615
2023-09-09,irrigation,80,0.256101512908936
2023-09-10,irrigation,80,0.252618689798695
2023-09-11,irrigation,80,0.24916721596029
2023-09-12,irrigation,80,0.245985126495361
2023-09-13,irrigation,80,0.243896961212158
2023-09-14,irrigation,80,0.243022831044299
2023-09-15,irrigation,80,0.241289249219392
2023-09-16,irrigation,80,0.239192358652751
2023-09-17,irrigation,80,0.236776099288673
2023-09-18,irrigation,80,0.234512318687612
2023-09-19,irrigation,80,0.234744638953471
2023-09-20,irrigation,80,0.237534106212928
2023-09-21,irrigation,80,0.240434580906508
2023-09-22,irrigation,80,0.240976778666178
2023-09-23,irrigation,80,0.242744954427083
2023-09-24,irrigation,80,0.244781081885622
2023-09-25,irrigation,80,0.245454382816328
2023-09-26,irrigation,80,0.27643647332256
2023-09-27,irrigation,80,0.274200904650844
2023-09-28,irrigation,80,0.272583645588874
2023-09-29,irrigation,80,0.271630281649138
2023-09-30,irrigation,80,0.270721568559345
2023-10-01,irrigation,80,0.270225283221195
2023-10-02,irrigation,80,0.26992542568006
2023-10-03,irrigation,80,0.272792652782641
2023-10-04,irrigation,80,0.271011632116217
2023-10-05,irrigation,80,0.26708382631603
2023-10-06,irrigation,80,0.265601105385638
2023-10-07,irrigation,80,0.26419865154339
2023-10-08,irrigation,80,0.263106262104509
2023-10-09,irrigation,80,0.262004262155757
2023-10-10,irrigation,80,0.259238008625163
2023-10-11,irrigation,80,0.256333131095997
2023-10-12,irrigation,80,0.253359518019109
2023-10-13,irrigation,80,0.250692861958554
2023-10-14,irrigation,80,0.249522594150744
2023-10-15,irrigation,80,0.250179339469747
2023-10-16,irrigation,80,0.251104168891907
2023-10-17,irrigation,80,0.252050236149838
2023-10-18,irrigation,80,0.252689002401217
2023-10-19,irrigation,80,0.253497398179963
2023-10-20,irrigation,80,0.252870410601838
2023-10-21,irrigation,80,0.256950197219849
2023-10-22,irrigation,80,0.258537720379077
2023-10-23,irrigation,80,0.260409543137801
2023-10-24,irrigation,80,0.261264192360252
2023-10-25,irrigation,80,0.265826003447359
2023-10-26,irrigation,80,0.272916143066005
2023-10-27,irrigation,80,0.29172326914644
2023-10-28,irrigation,80,0.292232877078809
2023-10-29,irrigation,80,0.289172464351505
2023-10-30,irrigation,80,0.290681757825486
2023-10-31,irrigation,80,0.307529457579268
2023-11-01,irrigation,80,0.313996374983537
2023-11-02,irrigation,80,0.324013117825464
2023-11-03,irrigation,80,0.335544496586448
2023-11-04,irrigation,80,0.33280498382359
2023-11-05,irrigation,80,0.37637730631556
2023-11-06,irrigation,80,0.353063529416135
2023-11-07,irrigation,80,0.342241918162296
2023-11-08,irrigation,80,0.336753772167449
2023-11-09,irrigation,80,0.332654861901936
2023-11-10,irrigation,80,0.330713964464416
2023-11-11,irrigation,80,0.333510620719508
2023-11-12,irrigation,80,0.334890845235758
2023-11-13,irrigation,80,0.351773892703809
2023-11-14,irrigation,80,0.39848941275948
2023-11-15,irrigation,80,0.410551554561329
2023-11-16,irrigation,80,0.356770664911388
2023-11-17,irrigation,80,0.345924689895228
2023-11-18,irrigation,80,0.340580498293826
2023-11-19,irrigation,80,0.336798240762008
2023-11-20,irrigation,80,0.334654442807461
2023-11-21,irrigation,80,0.332904307214837
2023-11-22,irrigation,80,0.331416137797835
2023-11-23,irrigation,80,0.329879253788998
2023-11-24,irrigation,80,0.328190334102208
2023-11-25,irrigation,80,0.326510653746756
2023-11-26,irrigation,80,0.324845932910317
2023-11-27,irrigation,80,0.323292297815022
2023-11-28,irrigation,80,0.323831734657288
2023-11-29,irrigation,80,0.331339772542318
2023-11-30,irrigation,80,0.333705460397821
2023-12-01,irrigation,80,0.393173192425778
2023-12-02,irrigation,80,0.39341549240061
2023-12-03,irrigation,80,0.362995940007662
2023-12-04,irrigation,80,0.350251103771761
2023-12-05,irrigation,80,0.345282506056355
2023-12-06,irrigation,80,0.341939328846179
2023-12-07,irrigation,80,0.33941811205959
2023-12-08,irrigation,80,0.337033888415286
2023-12-09,irrigation,80,0.34368256871137
2023-12-10,irrigation,80,0.412788974109449
2023-12-11,irrigation,80,0.414035547156083
2023-12-12,irrigation,80,0.416779175317301
2023-12-13,irrigation,80,0.417528017990266
2023-12-14,irrigation,80,0.411721320905183
2023-12-15,irrigation,80,0.362138153879266
2023-12-16,irrigation,80,0.350738079171432
2023-12-17,irrigation,80,0.345861493662784
2023-12-18,irrigation,80,0.342456762163263
2023-12-19,irrigation,80,0.339648155733559
2023-12-20,irrigation,80,0.337114898280094
2023-12-21,irrigation,80,0.334722422047665
2023-12-22,irrigation,80,0.332852721465261
2023-12-23,irrigation,80,0.331637171193173
2023-12-24,irrigation,80,0.330327316916403
2023-12-25,irrigation,80,0.329036868053748
2023-12-26,irrigation,80,0.327720343065422
2023-12-27,irrigation,80,0.326528409405759
2023-12-28,irrigation,80,0.325276875170188
2023-12-29,irrigation,80,0.324095142616537
2023-12-30,irrigation,80,0.322983462514162
2023-12-31,irrigation,80,0.321860617437929
2024-01-01,irrigation,80,0.320392569730114
2024-01-02,irrigation,80,0.319761179120917
2024-01-03,irrigation,80,0.318682164857529
2024-01-04,irrigation,80,0.320059491677621
2024-01-05,irrigation,80,0.32330567385021
2024-01-06,irrigation,80,0.3263204351171
2024-01-07,irrigation,80,0.328868976643211
2024-01-08,irrigation,80,0.329166670966923
2024-01-09,irrigation,80,0.328389313848395
2024-01-10,irrigation,80,0.327462700035377
2024-01-11,irrigation,80,0.326469951177898
2024-01-12,irrigation,80,0.325438172531555
2024-01-13,irrigation,80,0.324326777698478
2024-01-14,irrigation,80,0.323403644454973
2024-01-15,irrigation,80,0.322395674805892
2024-01-16,irrigation,80,0.321591916335257
2024-01-17,irrigation,80,0.320890262257746
2024-01-18,irrigation,80,0.339046387923391
2024-01-19,irrigation,80,0.351832111703114
2024-01-20,irrigation,80,0.347334468490199
2024-01-21,irrigation,80,0.343499550066496
2024-01-22,irrigation,80,0.34022211576763
2024-01-23,irrigation,80,0.339241701929193
2024-01-24,irrigation,80,0.339438271090005
2024-01-25,irrigation,80,0.338250327201066
2024-01-26,irrigation,80,0.336552921051675
2024-01-27,irrigation,80,0.334598440616689
2024-01-28,irrigation,80,0.333301269086985
2024-01-29,irrigation,80,0.331798341244893
2024-01-30,irrigation,80,0.330317277096688
2024-01-31,irrigation,80,0.328870708555283
2024-02-01,irrigation,80,0.32748302685587
2024-02-02,irrigation,80,0.326138042180829
2024-02-03,irrigation,80,0.324951704426816
2024-02-04,irrigation,80,0.323797820241828
2024-02-05,irrigation,80,0.32284085818548103
2024-02-06,irrigation,80,0.321795620653005
2024-02-07,irrigation,80,0.320788311610087
2024-02-08,irrigation,80,0.318936485996755
2024-02-09,irrigation,80,0.318546960479335
2024-02-10,irrigation,80,0.318187631054928
2024-02-11,irrigation,80,0.317873995141246
2024-02-12,irrigation,80,0.317394425492538
2024-02-13,irrigation,80,0.316907732110274
2024-02-14,irrigation,80,0.316200762798912
2024-02-15,irrigation,80,0.315407379802905
2024-02-16,irrigation,80,0.314549423267967
2024-02-17,irrigation,80,0.313730381434869
2024-02-18,irrigation,80,0.312881974170083
2024-02-19,irrigation,80,0.312151773352372
2024-02-20,irrigation,80,0.311095634008709
2024-02-21,irrigation,80,0.310475387168112
2024-02-22,irrigation,80,0.309097761354948
2024-02-23,irrigation,80,0.310646198172318
2024-02-24,irrigation,80,0.318669351025632
2024-02-25,irrigation,80,0.31981846286404497
2024-02-26,irrigation,80,0.319330454114117
2024-02-27,irrigation,80,0.318631417123895
2024-02-28,irrigation,80,0.317768386294033
2024-02-29,irrigation,80,0.316731863774751
2024-03-01,irrigation,80,0.315265691827686
2024-03-02,irrigation,80,0.314365688123201
2024-03-03,irrigation,80,0.313507497564275
2024-03-04,irrigation,80,0.312808270854886
2024-03-05,irrigation,80,0.312157108695617
2024-03-06,irrigation,80,0.311454977487263
2024-03-07,irrigation,80,0.310406148140431
2024-03-08,irrigation,80,0.309423861017686
2024-03-09,irrigation,80,0.308414615917313
2024-03-10,irrigation,80,0.307041530609131
2024-03-11,irrigation,80,0.305630432419387
2024-03-12,irrigation,80,0.306226098038181
2024-03-13,irrigation,80,0.306318274297212
2024-03-14,irrigation,80,0.306107128181757
2024-03-15,irrigation,80,0.305734552835163
2024-03-16,irrigation,80,0.304747983242603
2024-03-17,irrigation,80,0.304680642830698
2024-03-18,irrigation,80,0.303592057730022
2024-03-19,irrigation,80,0.309752649508025
2024-03-20,irrigation,80,0.312757329689829
2024-03-21,irrigation,80,0.312683646222378
2024-03-22,irrigation,80,0.312030907681114
2024-03-23,irrigation,80,0.311067341252377
2024-03-24,irrigation,80,0.310191463286773
2024-03-25,irrigation,80,0.308896425146806
2024-03-26,irrigation,80,0.307385168577495
2024-03-27,irrigation,80,0.306113171577454
2024-03-28,irrigation,80,0.305301005586665
2024-03-29,irrigation,80,0.304683487038863
2024-03-30,irrigation,80,0.303693624327725
2024-03-31,irrigation,80,0.302726957912808
2024-04-01,irrigation,80,0.303202690218491
2024-04-02,irrigation,80,0.303245305011147
2024-04-03,irrigation,80,0.302971891208832
2024-04-04,irrigation,80,0.302525059800399
2024-04-05,irrigation,80,0.301536798477173
2024-04-06,irrigation,80,0.300349354743958
2024-04-07,irrigation,80,0.299111672702589
2024-04-08,irrigation,80,0.297598958015442
2024-04-09,irrigation,80,0.296229100227356
2024-04-10,irrigation,80,0.295753121376038
2024-04-11,irrigation,80,0.294777326081928
2024-04-12,irrigation,80,0.293389329472421
2024-04-13,irrigation,80,0.291625801846802
2024-04-14,irrigation,80,0.289569067955017
2024-04-15,irrigation,80,0.287636613845825
2024-04-16,irrigation,80,0.285910532739969
2024-04-17,irrigation,80,0.284489172293211
2024-04-18,irrigation,80,0.283845639228821
2024-04-19,irrigation,80,0.28287672344007
2024-04-20,irrigation,80,0.28145740032196
2024-04-21,irrigation,80,0.280773305892944
2024-04-22,irrigation,80,0.280221164101049
2024-04-23,irrigation,80,0.278979706764221
2024-04-24,irrigation,80,0.276907730102539
2024-04-25,irrigation,80,0.274765992164612
2024-04-26,irrigation,80,0.271608200826143
2024-04-27,irrigation,80,0.267829876736324
2024-04-28,irrigation,80,0.263707327842712
2024-04-29,irrigation,80,0.25992024899063
2024-04-30,irrigation,80,0.252637939682733
2024-05-01,irrigation,80,0.246609807014465
2024-05-02,irrigation,80,0.243667984008789
2024-05-03,irrigation,80,0.242595741965554
2024-05-04,irrigation,80,0.240678020276521
2024-05-05,irrigation,80,0.235819388941715
2024-05-06,irrigation,80,0.231690668445685
2024-05-07,irrigation,80,0.231666409341913
2024-05-08,irrigation,80,0.236159388642562
2024-05-09,irrigation,80,0.237652956459584
2024-05-10,irrigation,80,0.23671037466769
2024-05-11,irrigation,80,0.235259914398193
2024-05-12,irrigation,80,0.233378520764803
2024-05-13,irrigation,80,0.232424569129944
2024-05-14,irrigation,80,0.231635525352076
2024-05-15,irrigation,80,0.229835724830627
2024-05-16,irrigation,80,0.228420805931091
2024-05-17,irrigation,80,0.229736980386833
2024-05-18,irrigation,80,0.229045228093095
2024-05-19,irrigation,80,0.228430334586644
2024-05-20,irrigation,80,0.22774426489514
2024-05-21,irrigation,80,0.227609205245972
2024-05-22,irrigation,80,0.227751940774878
2024-05-23,irrigation,80,0.23960553947248
2024-05-24,irrigation,80,0.250328350067139
2024-05-25,irrigation,80,0.25375124479595
2024-05-26,irrigation,80,0.255607894008931
2024-05-27,irrigation,80,0.258698682795714
2024-05-28,irrigation,80,0.265407299995422
2024-05-29,irrigation,80,0.274184370040894
2024-05-30,irrigation,80,0.281246948242187
2024-05-31,irrigation,80,0.289014649391174
2024-06-01,irrigation,80,0.296467702765214
2024-06-02,irrigation,80,0.29619288444519
2024-06-03,irrigation,80,0.297705936581397
2024-06-04,irrigation,80,0.297238802909851
2024-06-05,irrigation,80,0.296477716915299
2024-06-11,irrigation,80,0.294544982910156
2024-06-12,irrigation,80,0.293336179964986
2024-06-13,irrigation,80,0.291643381118774
2024-06-14,irrigation,80,0.290629839897156
2024-06-15,irrigation,80,0.29136266708374
2024-06-16,irrigation,80,0.29785213470459
2024-06-17,irrigation,80,0.298753523826599
2024-06-18,irrigation,80,0.297428779853018
2024-06-19,irrigation,80,0.295301342010498
2024-06-20,irrigation,80,0.294317195674473
2024-06-21,irrigation,80,0.300423288345337
2024-06-22,irrigation,80,0.30658073980624
2024-06-23,irrigation,80,0.309301658894153
2024-06-24,irrigation,80,0.307470835635537
2024-06-25,irrigation,80,0.303646111739309
2024-06-26,irrigation,80,0.299922442436218
2024-06-27,irrigation,80,0.295720744132996
2024-06-28,irrigation,80,0.290281701087952
2024-06-29,irrigation,80,0.285052257080762
2024-06-30,irrigation,80,0.281259298324585
2024-07-01,irrigation,80,0.276134181022644
2024-07-02,irrigation,80,0.268166208267212
2024-07-03,irrigation,80,0.259104251861572
2024-07-04,irrigation,80,0.251310515403748
2024-07-05,irrigation,80,0.239927411079407
2024-07-06,irrigation,80,0.231304216384888
2024-07-07,irrigation,80,0.236809515953064
2024-07-08,irrigation,80,0.237115597724915
2024-07-09,irrigation,80,0.22964129447937
2024-07-10,irrigation,80,0.221386655171712
2024-07-11,irrigation,80,0.214297262827555
2024-07-12,irrigation,80,0.209598321348662
2024-07-13,irrigation,80,0.210987452456826
2024-07-14,irrigation,80,0.208456131784539
2024-07-15,irrigation,80,0.2032990137736
2024-07-16,irrigation,80,0.198359870910645
2024-07-17,irrigation,80,0.197755782072915
2024-07-18,irrigation,80,0.195325088500977
2024-07-19,irrigation,80,0.190373974294972
2024-07-20,irrigation,80,0.183312342730241
2024-07-21,irrigation,80,0.177490234375
2024-07-22,irrigation,80,0.175440565745036
2024-07-23,irrigation,80,0.169067414936266
2024-07-24,irrigation,80,0.161860148111979
2024-07-25,irrigation,80,0.155516656239827
2024-07-26,irrigation,80,0.153740443848727
2024-07-27,irrigation,80,0.152211062113444
2024-07-28,irrigation,80,0.150733704753157
2024-07-29,irrigation,80,0.149078515064543
2024-07-30,irrigation,80,0.147160212198893
2024-07-31,irrigation,80,0.145565281918174
2024-08-01,irrigation,80,0.144465527507786
2024-08-02,irrigation,80,0.144823265972757
2024-08-03,irrigation,80,0.145049008087175
2024-08-04,irrigation,80,0.145121807391827
2024-08-05,irrigation,80,0.144191741943359
2024-08-06,irrigation,80,0.143999260796441
2024-08-07,irrigation,80,0.143449888053015
2024-08-08,irrigation,80,0.142508640481968
2024-08-09,irrigation,80,0.142163189037426
2024-08-10,irrigation,80,0.140382308959961
2024-08-11,irrigation,80,0.139321358998617
2024-08-12,irrigation,80,0.138327111119252
2024-08-13,irrigation,80,0.138067498116317
2024-08-14,irrigation,80,0.138468757093998
2024-08-15,irrigation,80,0.138554656743202
2024-08-16,irrigation,80,0.138423252105713
2024-08-17,irrigation,80,0.13813414330576
2024-08-18,irrigation,80,0.137227814773033
2024-08-19,irrigation,80,0.137271614715474
2024-08-20,irrigation,80,0.137979087359694
2024-08-21,irrigation,80,0.138769721984863
2024-08-22,irrigation,80,0.139269955952962
2024-08-23,irrigation,80,0.139995200914338
2024-08-24,irrigation,80,0.140826543827206
2024-08-25,irrigation,80,0.141796971371299
2024-08-26,irrigation,80,0.143646076198121
2024-08-27,irrigation,80,0.145419406890869
2024-08-28,irrigation,80,0.14661291996015
2024-08-29,irrigation,80,0.195761013031006
2024-08-30,irrigation,80,0.147732321421305
2024-08-31,irrigation,80,0.193255949020386
2024-09-01,irrigation,80,0.192408875985579
2024-09-02,irrigation,80,0.147140245939556
2024-09-03,irrigation,80,0.14761749903361
2024-09-04,irrigation,80,0.147593576531661
2024-09-05,irrigation,80,0.147935763272372
2024-09-06,irrigation,80,0.148423258463542
2024-09-07,irrigation,80,0.148369630177816
2024-09-08,irrigation,80,0.148704329708166
2024-09-09,irrigation,80,0.147956735711349
2024-09-10,irrigation,80,0.159265058784075
2024-09-11,irrigation,80,0.17665328176398
2024-09-12,irrigation,80,0.190594502153772
2024-09-13,irrigation,80,0.202199300130208
2024-09-14,irrigation,80,0.213283102563087
2024-09-15,irrigation,80,0.219003423055013
2024-09-16,irrigation,80,0.22310832341512
2024-09-17,irrigation,80,0.22667293548584
2024-09-18,irrigation,80,0.23022094965782
2024-09-19,irrigation,80,0.232984110639261
2024-09-20,irrigation,80,0.235267675726571
2024-09-21,irrigation,80,0.236830953873552
2024-09-22,irrigation,80,0.237859566785721
2024-09-23,irrigation,80,0.239598242441813
2024-09-24,irrigation,80,0.242090690587162
2024-09-25,irrigation,80,0.245506477355957
2024-09-26,irrigation,80,0.262572075358608
2024-09-27,irrigation,80,0.315674729780717
2024-09-28,irrigation,80,0.311656634012858
2024-09-29,irrigation,80,0.30883023011057
2024-09-30,irrigation,80,0.306339364302786
2024-10-01,irrigation,80,0.304366358706826
2024-10-02,irrigation,80,0.342245199893569
2024-10-03,irrigation,80,0.329392200568222
2024-10-04,irrigation,80,0.323651790618896
2024-10-05,irrigation,80,0.320033327738444
2024-10-06,irrigation,80,0.31786216100057
2024-10-07,irrigation,80,0.316800276438395
2024-10-08,irrigation,80,0.31573371887207
2024-10-09,irrigation,80,0.333563690678778
2024-10-10,irrigation,80,0.351440070912808
2024-10-11,irrigation,80,0.33301960627238
2024-10-12,irrigation,80,0.327002112070719
2024-10-13,irrigation,80,0.329303232828776
2024-10-14,irrigation,80,0.331684907277425
2024-10-15,irrigation,80,0.330957253774007
2024-10-16,irrigation,80,0.363345738290272
2024-10-17,irrigation,80,0.361137372393941
2024-10-18,irrigation,80,0.359588527679443
2024-10-19,irrigation,80,0.360497397906569
2024-10-20,irrigation,80,0.360987424850464
2024-10-21,irrigation,80,0.360624364904455
2024-10-22,irrigation,80,0.36010917763961
2024-10-23,irrigation,80,0.359975473504317
2024-10-24,irrigation,80,0.359629551288395
2024-10-25,irrigation,80,0.358301782608032
2024-10-26,irrigation,80,0.355651187896729
2024-10-27,irrigation,80,0.352170024671053
2024-10-28,irrigation,80,0.348989152908325
2024-10-29,irrigation,80,0.346152973175049
2024-10-30,irrigation,80,0.343588786878084
2024-10-31,irrigation,80,0.341286387342088
2024-11-01,irrigation,80,0.339221572875977
2024-11-02,irrigation,80,0.3373610496521
2024-11-03,irrigation,80,0.3356614112854
2024-11-04,irrigation,80,0.334220446309736
2024-11-05,irrigation,80,0.336206817626953
2024-11-06,irrigation,80,0.33497314453125
2024-11-07,irrigation,80,0.333815574645996
2024-11-08,irrigation,80,0.332671356201172
2024-11-09,irrigation,80,0.331537818908691
2024-11-10,irrigation,80,0.330547142028809
2024-11-11,irrigation,80,0.32952241897583
2024-11-12,irrigation,80,0.328469657897949
2024-11-13,irrigation,80,0.32837085723877
2024-11-14,irrigation,80,0.328075122833252
2024-11-15,irrigation,80,0.327760028839111
2024-11-16,irrigation,80,0.327478981018066
2024-11-17,irrigation,80,0.32701301574707
2024-11-18,irrigation,80,0.326509666442871
2024-11-19,irrigation,80,0.325764656066895
2024-11-20,irrigation,80,0.32820930480957
2024-11-21,irrigation,80,0.33546314239502
2024-11-22,irrigation,80,0.336571311950684
2024-11-23,irrigation,80,0.338471221923828
2024-11-24,irrigation,80,0.339768314361572
2024-11-25,irrigation,80,0.339788341522217
2024-11-26,irrigation,80,0.342978611996299
2024-11-27,irrigation,80,0.348890018463135
2024-11-28,irrigation,80,0.350490188598633
2024-11-29,irrigation,80,0.350815296173096
2024-11-30,irrigation,80,0.350449466705322
2024-12-01,irrigation,80,0.350177097320557
2024-12-02,irrigation,80,0.349389362335205
2024-12-03,irrigation,80,0.347688388824463
2024-12-04,irrigation,80,0.347586917877197
2024-12-05,irrigation,80,0.346815872192383
2024-12-06,irrigation,80,0.346100234985352
2024-12-07,irrigation,80,0.347566223144531
2024-12-08,irrigation,80,0.348019504547119
2024-12-09,irrigation,80,0.348265838623047
2024-12-10,irrigation,80,0.347902679443359
2024-12-11,irrigation,80,0.347175693511963
2024-12-12,irrigation,80,0.346414661407471
2024-12-13,irrigation,80,0.34647274017334
2024-12-14,irrigation,80,0.344558143615723
2024-12-15,irrigation,80,0.343570137023926
2024-12-16,irrigation,80,0.342638874053955
2024-12-17,irrigation,80,0.341707611083984
2024-12-18,irrigation,80,0.340692234039307
2024-12-19,irrigation,80,0.3394118309021
2024-12-20,irrigation,80,0.338535976409912
2024-12-21,irrigation,80,0.340005970001221
2024-12-22,irrigation,80,0.341909885406494
2024-12-23,irrigation,80,0.350769233703613
2024-12-24,irrigation,80,0.353315353393555
2024-12-25,irrigation,80,0.354559707641602
2024-12-26,irrigation,80,0.354306697845459
2024-12-27,irrigation,80,0.353171157836914
2024-12-28,irrigation,80,0.351679801940918
2024-12-29,irrigation,80,0.350195121765137
2024-12-30,irrigation,80,0.348807907104492
2024-12-31,irrigation,80,1.12977571487427
2025-01-01,irrigation,80,1.12897681152611
2025-01-02,irrigation,80,1.12856607437134
2025-01-03,irrigation,80,1.12863082885742
2025-01-04,irrigation,80,1.12964531580607
2025-01-05,irrigation,80,1.12977437973022
2025-01-06,irrigation,80,1.1294223467509
2025-01-07,irrigation,80,1.13114822421158
2025-01-08,irrigation,80,1.13102652231852
2025-01-09,irrigation,80,1.13121009057028
2025-01-10,irrigation,80,1.13034025828044
2025-01-11,irrigation,80,1.13106145858765
2025-01-12,irrigation,80,1.13085117340088
2025-01-13,irrigation,80,1.13014510472616
2025-01-14,irrigation,80,1.12893635431925
2025-01-15,irrigation,80,1.12797861099243
2025-01-16,irrigation,80,1.12747259140015
2025-01-17,irrigation,80,1.12699505488078
2025-01-18,irrigation,80,1.12660385767619
2025-01-19,irrigation,80,1.12583793004354
2025-01-20,irrigation,80,1.12438929875692
2025-01-21,irrigation,80,1.12374219894409
2025-01-22,irrigation,80,1.1234689394633
2025-01-23,irrigation,80,1.1230959892273
2025-01-24,irrigation,80,1.12260154088338
2025-01-25,irrigation,80,1.12284876505534
2025-01-26,irrigation,80,1.12295157114665
2025-01-27,irrigation,80,1.12185252507528
2025-01-28,irrigation,80,1.12343778610229
2025-01-29,irrigation,80,1.12651863098145
2025-01-30,irrigation,80,1.12799218495687
2025-01-31,irrigation,80,1.12765506108602
2025-02-01,irrigation,80,1.12671534220378
2025-02-02,irrigation,80,1.12435903549194
2025-02-03,irrigation,80,1.12371327082316
2025-02-04,irrigation,80,1.12341063817342
2025-02-05,irrigation,80,1.12322223369892
2025-02-06,irrigation,80,1.12205924987793
2025-02-07,irrigation,80,1.12165692647298
2025-02-08,irrigation,80,1.12141710649457
2025-02-09,irrigation,80,1.11980641682943
2025-02-10,irrigation,80,1.11762479146322
2025-02-11,irrigation,80,1.11658361568786
2025-02-12,irrigation,80,1.11560916900635
2025-02-13,irrigation,80,1.11535348892212
2025-02-14,irrigation,80,1.11459512710571
2025-02-15,irrigation,80,1.11415898005168
2025-02-16,irrigation,80,1.11333030064901
2025-02-17,irrigation,80,1.11313670476278
2025-02-18,irrigation,80,1.1128315485961
2025-04-02,irrigation,80,1.0962690249894
2025-04-03,irrigation,80,1.09547104070867
2025-04-04,irrigation,80,1.09402523040771
2025-04-05,irrigation,80,1.09371814727783
2025-04-06,irrigation,80,1.09219096501668
2025-04-07,irrigation,80,1.09118270874023
2025-04-08,irrigation,80,1.08974208831787
2025-04-09,irrigation,80,1.08725389982525
2025-04-10,irrigation,80,1.08532522101151
2025-04-11,irrigation,80,1.0834724230644
2025-04-12,irrigation,80,1.08108624808396
2025-04-13,irrigation,80,1.08024365107218
2025-04-14,irrigation,80,1.0782616297404
2025-04-15,irrigation,80,1.07595728824013
2025-04-16,irrigation,80,1.08075872153567
2025-04-17,irrigation,80,1.11284484863281
2025-04-18,irrigation,80,1.11269874572754
2025-04-19,irrigation,80,1.11791270942019
2025-04-20,irrigation,80,1.12360490163167
2025-04-21,irrigation,80,1.12022943496704
2025-04-22,irrigation,80,1.11838382085164
2025-04-23,irrigation,80,1.11724612587377
2025-04-24,irrigation,80,1.11438706715902
2025-04-25,irrigation,80,1.1124755859375
2025-04-26,irrigation,80,1.11097460295025
2025-04-27,irrigation,80,1.10977741442229
2025-04-28,irrigation,80,1.10838915506999
2025-04-29,irrigation,80,1.10747836430868
2025-04-30,irrigation,80,1.10658211121767
2025-05-01,irrigation,80,1.10409377415975
2025-05-02,irrigation,80,1.10146376291911
2025-05-03,irrigation,80,1.10170667351427
2025-05-04,irrigation,80,1.10118894577026
2025-05-05,irrigation,80,1.10742621170847
2025-05-06,irrigation,80,1.10892776477645
2025-05-07,irrigation,80,1.10874910053454
2025-05-08,irrigation,80,1.10865573883057
2025-05-09,irrigation,80,1.10865705842534
2025-05-10,irrigation,80,1.11079116821289
2025-05-11,irrigation,80,1.11051203409831
2025-05-12,irrigation,80,1.11005986531576
2025-05-13,irrigation,80,1.10998776753743
2025-05-14,irrigation,80,1.11055987675985
2025-05-15,irrigation,80,1.10987272262573
2025-05-16,irrigation,80,1.11043259302775
2025-05-17,irrigation,80,1.10982888539632
2025-05-18,irrigation,80,1.10952303668909
2025-05-19,irrigation,80,1.10751615825452
2025-05-20,irrigation,80,1.10645163853963
2025-05-21,irrigation,80,1.10670911287007
2025-05-22,irrigation,80,1.10745722452799
2025-05-23,irrigation,80,1.10726340846012
2025-05-24,irrigation,80,1.10681702295939
2025-05-25,irrigation,80,1.10645626703898
2025-05-26,irrigation,80,1.1060186068217
2025-05-27,irrigation,80,1.10640906937312
2025-05-28,irrigation,80,1.10601944772821
2025-05-29,irrigation,80,1.10640757878621
2025-05-30,irrigation,80,1.10596435546875
2025-05-31,irrigation,80,1.10614455540975
2025-06-01,irrigation,80,1.10579140981038
2025-06-02,irrigation,80,1.10544671309622
2025-06-03,irrigation,80,1.10983578364054
2025-06-04,irrigation,80,1.11085885143258
2025-06-05,irrigation,80,1.11000312169393
2025-06-06,irrigation,80,1.1087481589862
2025-06-07,irrigation,80,1.10813071803043
2025-06-08,irrigation,80,1.10770880548578
2025-06-09,irrigation,80,1.10631434122721
2025-06-10,irrigation,80,1.10486882527669
2025-06-11,irrigation,80,1.1041760393568
2025-06-12,irrigation,80,1.10314535599028
2025-06-13,irrigation,80,1.1025665918986
2025-06-14,irrigation,80,1.10135828653971
2025-06-15,irrigation,80,1.10083602269491
2025-06-16,irrigation,80,1.09989163080851
2025-06-17,irrigation,80,1.0985520362854
2025-06-18,irrigation,80,1.09786871659128
2025-06-19,irrigation,80,1.09727830886841
2025-06-20,irrigation,80,1.0963612874349
2025-06-21,irrigation,80,1.09469134727221
2025-06-22,irrigation,80,1.09294616699219
2025-06-23,irrigation,80,1.09172833760579
2025-06-24,irrigation,80,1.09063611482319
2025-06-25,irrigation,80,1.08925609588623
2025-06-26,irrigation,80,1.08886146946957
2025-06-27,irrigation,80,1.08765371222245
2025-06-28,irrigation,80,1.08691794947574
2025-06-29,irrigation,80,1.0849609375
2025-06-30,irrigation,80,1.0839118109809
2025-07-04,irrigation,80,1.07577061508641
2025-07-05,irrigation,80,1.07266269696653
2025-07-06,irrigation,80,1.07010256449382
2025-07-07,irrigation,80,1.06884419123332
2025-07-08,irrigation,80,1.0674516359965
2025-07-09,irrigation,80,1.06676626205444
2025-07-10,irrigation,80,1.0664137840271
2025-07-11,irrigation,80,1.06542342336554
2025-07-12,irrigation,80,1.06410218993867
2025-07-13,irrigation,80,1.0631833022439099
2025-07-14,irrigation,80,1.06206477483114
2025-07-15,irrigation,80,1.06180397435238
2025-07-16,irrigation,80,1.06145115902549
2025-07-17,irrigation,80,1.05896701812744
2025-07-18,irrigation,80,1.05781034770765
2025-07-19,irrigation,80,1.05722398757935
2025-07-20,irrigation,80,1.05703484217326
2025-07-21,irrigation,80,1.05710805257161
2025-07-22,irrigation,80,1.05660304019326
2025-07-23,irrigation,80,1.0556160291036
2025-07-24,irrigation,80,1.05594080874794
2025-07-25,irrigation,80,1.05418542226156
2025-07-26,irrigation,80,1.05311663945516
2025-07-27,irrigation,80,1.05372475071957
2025-07-28,irrigation,80,1.0535623550415
2025-07-29,irrigation,80,1.0541774113973
2025-07-30,irrigation,80,1.05785929361979
2025-07-31,irrigation,80,1.06375595728556
2025-08-01,irrigation,80,1.0676038424174
2014-04-11,irrigation_stop,80,0.286583228676567
2014-04-12,irrigation_stop,80,0.284490357703084
2014-04-13,irrigation_stop,80,0.284604707934245
2014-04-14,irrigation_stop,80,0.283650977410357
2014-04-15,irrigation_stop,80,0.282868045715772
2014-04-16,irrigation_stop,80,0.281330200272065
2014-04-17,irrigation_stop,80,0.280913906018935
2014-04-18,irrigation_stop,80,0.279625789325599
2014-04-19,irrigation_stop,80,0.275919992863614
2014-04-20,irrigation_stop,80,0.277154517961126
2014-04-21,irrigation_stop,80,0.279149493404127
2014-04-22,irrigation_stop,80,0.279958324317857
2014-04-23,irrigation_stop,80,0.280528093933786
2014-04-24,irrigation_stop,80,0.280482697644859
2014-04-25,irrigation_stop,80,0.280050353996769
2014-04-26,irrigation_stop,80,0.27964932996226
2014-04-27,irrigation_stop,80,0.274277287550951
2014-04-28,irrigation_stop,80,0.273566270210014
2014-04-29,irrigation_stop,80,0.277056291036479
2014-04-30,irrigation_stop,80,0.283537656962719
2014-05-01,irrigation_stop,80,0.28853995963312
2014-05-02,irrigation_stop,80,0.289767038917847
2014-05-03,irrigation_stop,80,0.292084758092339
2014-05-04,irrigation_stop,80,0.291961243133027
2014-05-05,irrigation_stop,80,0.291986016004441
2014-05-06,irrigation_stop,80,0.293631806991983
2014-05-07,irrigation_stop,80,0.290595820378774
2014-05-08,irrigation_stop,80,0.288974226159004
2014-05-13,irrigation_stop,80,0.285074024325843
2014-05-14,irrigation_stop,80,0.284330010789791
2014-05-15,irrigation_stop,80,0.283843840226601
2014-05-16,irrigation_stop,80,0.282882349471249
2014-05-17,irrigation_stop,80,0.283273918244407
2014-05-18,irrigation_stop,80,0.283020637669221
2014-05-19,irrigation_stop,80,0.282612235097612
2014-05-20,irrigation_stop,80,0.281728063292619
2014-05-21,irrigation_stop,80,0.281110808554655
2014-05-22,irrigation_stop,80,0.279951004150647
2014-05-23,irrigation_stop,80,0.276465999133448
2014-05-24,irrigation_stop,80,0.275720111143197
2014-05-25,irrigation_stop,80,0.274650975108638
2014-05-26,irrigation_stop,80,0.273217724820247
2014-05-27,irrigation_stop,80,0.271514488030174
2014-05-28,irrigation_stop,80,0.271083903939995
2014-05-29,irrigation_stop,80,0.271039301458817
2014-05-30,irrigation_stop,80,0.270210622796717
2014-05-31,irrigation_stop,80,0.269258683568939
2014-06-01,irrigation_stop,80,0.267947557400595
2014-06-02,irrigation_stop,80,0.267382165258098
2014-06-03,irrigation_stop,80,0.266244670544381
2014-06-04,irrigation_stop,80,0.263710596109737
2014-06-05,irrigation_stop,80,0.263457787942076
2014-06-06,irrigation_stop,80,0.263594507858607
2014-06-07,irrigation_stop,80,0.263422156622532
2014-06-08,irrigation_stop,80,0.262983084769473
2014-06-09,irrigation_stop,80,0.261670977659017
2014-06-10,irrigation_stop,80,0.260200061882606
2014-06-11,irrigation_stop,80,0.259020979617889
2014-06-12,irrigation_stop,80,0.25735496047544
2014-06-13,irrigation_stop,80,0.255313148059414
2014-06-14,irrigation_stop,80,0.252691835639054
2014-06-15,irrigation_stop,80,0.251718723205387
2014-06-16,irrigation_stop,80,0.250986963755073
2014-06-17,irrigation_stop,80,0.249231531935342
2014-06-18,irrigation_stop,80,0.247815363366067
2014-06-19,irrigation_stop,80,0.247271276102516
2014-06-20,irrigation_stop,80,0.246506568192107
2014-06-21,irrigation_stop,80,0.245975707531654
2014-06-22,irrigation_stop,80,0.244679568083189
2014-06-23,irrigation_stop,80,0.242107790551693
2014-06-24,irrigation_stop,80,0.239643906572765
2014-06-25,irrigation_stop,80,0.240029241051232
2014-06-26,irrigation_stop,80,0.239271940415404
2014-06-27,irrigation_stop,80,0.238579812010001
2014-06-28,irrigation_stop,80,0.237428332919855
2014-06-29,irrigation_stop,80,0.234566741914272
2014-06-30,irrigation_stop,80,0.234121031351331
2014-07-01,irrigation_stop,80,0.233537864934677
2014-07-02,irrigation_stop,80,0.231475239706836
2014-07-03,irrigation_stop,80,0.232043478455775
2014-07-04,irrigation_stop,80,0.231752749563309
2014-07-05,irrigation_stop,80,0.230527814444857
2014-07-06,irrigation_stop,80,0.230420696957237
2014-07-07,irrigation_stop,80,0.227407622542735
2014-07-08,irrigation_stop,80,0.222852402234543
2014-07-09,irrigation_stop,80,0.223096997070845
2014-07-10,irrigation_stop,80,0.219635734409217
2014-07-11,irrigation_stop,80,0.219704557823815
2014-07-12,irrigation_stop,80,0.220598925431228
2014-07-13,irrigation_stop,80,0.220491585695792
2014-07-14,irrigation_stop,80,0.220333444189363
2014-07-15,irrigation_stop,80,0.220701347459795
2014-07-16,irrigation_stop,80,0.220634551238579
2014-07-17,irrigation_stop,80,0.220895804427997
2014-07-18,irrigation_stop,80,0.220882459011412
2014-07-19,irrigation_stop,80,0.220234920471874
2014-07-20,irrigation_stop,80,0.218222160100237
2014-07-21,irrigation_stop,80,0.213745374671097
2014-07-22,irrigation_stop,80,0.213589494605525
2014-07-23,irrigation_stop,80,0.214613393410554
2014-07-24,irrigation_stop,80,0.21290341693217
2014-07-25,irrigation_stop,80,0.213289006587108
2014-07-26,irrigation_stop,80,0.212108518886513
2014-07-27,irrigation_stop,80,0.213344409466468
2014-07-28,irrigation_stop,80,0.213043604207843
2014-07-29,irrigation_stop,80,0.29534366577621
2014-07-30,irrigation_stop,80,0.337218403377465
2014-07-31,irrigation_stop,80,0.3306881546875
2014-08-01,irrigation_stop,80,0.324456212520659
2014-08-02,irrigation_stop,80,0.317858859282654
2014-08-03,irrigation_stop,80,0.312522455625238
2014-08-04,irrigation_stop,80,0.309862317361111
2014-08-05,irrigation_stop,80,0.306662420935689
2014-08-06,irrigation_stop,80,0.303002832511509
2014-08-07,irrigation_stop,80,0.300693286843082
2014-08-08,irrigation_stop,80,0.297849860710347
2014-08-09,irrigation_stop,80,0.296778080515705
2014-08-10,irrigation_stop,80,0.297665437280475
2014-08-11,irrigation_stop,80,0.29598600760148
2014-08-12,irrigation_stop,80,0.295713473667848
2014-08-13,irrigation_stop,80,0.296605390150668
2014-08-14,irrigation_stop,80,0.297163422720587
2014-08-15,irrigation_stop,80,0.297279820850541
2014-08-16,irrigation_stop,80,0.297325439189159
2014-08-17,irrigation_stop,80,0.296088714264367
2014-08-18,irrigation_stop,80,0.295297040240672
2014-08-19,irrigation_stop,80,0.293236107155655
2014-08-20,irrigation_stop,80,0.291251091167763
2014-08-21,irrigation_stop,80,0.289545225358576
2014-08-22,irrigation_stop,80,0.287800950974844
2014-08-23,irrigation_stop,80,0.286060264430119
2014-08-24,irrigation_stop,80,0.28436943869152
2014-08-25,irrigation_stop,80,0.281507199864766
2014-08-26,irrigation_stop,80,0.279516778834541
2014-08-27,irrigation_stop,80,0.282853063307749
2014-08-28,irrigation_stop,80,0.287988715174428
2014-08-29,irrigation_stop,80,0.290005341186466
2014-08-30,irrigation_stop,80,0.290506556522531
2014-08-31,irrigation_stop,80,0.289237120784263
2014-09-01,irrigation_stop,80,0.287854703924661
2014-09-02,irrigation_stop,80,0.286009044749696
2014-09-03,irrigation_stop,80,0.28488257798782
2014-09-04,irrigation_stop,80,0.283465389899537
2014-09-05,irrigation_stop,80,0.282131082860914
2014-09-06,irrigation_stop,80,0.281126751850369
2014-09-07,irrigation_stop,80,0.279555623811953
2014-09-08,irrigation_stop,80,0.277772451649015
2014-09-09,irrigation_stop,80,0.27513225368776
2014-09-10,irrigation_stop,80,0.273631351656674
2014-09-11,irrigation_stop,80,0.271202062248227
2014-09-12,irrigation_stop,80,0.268231551664105
2014-09-13,irrigation_stop,80,0.266110446422454
2014-09-14,irrigation_stop,80,0.263839867056365
2014-09-15,irrigation_stop,80,0.26136140645024
2014-09-16,irrigation_stop,80,0.258730273530977
2014-09-17,irrigation_stop,80,0.255706782454407
2014-09-18,irrigation_stop,80,0.252665954338857
2014-09-19,irrigation_stop,80,0.249499105993851
2014-09-20,irrigation_stop,80,0.24664692071639
2014-09-21,irrigation_stop,80,0.242892836331714
2014-09-22,irrigation_stop,80,0.240950156638561
2014-09-23,irrigation_stop,80,0.238226832304348
2014-09-24,irrigation_stop,80,0.236317638854594
2014-09-25,irrigation_stop,80,0.234974165358843
2014-09-26,irrigation_stop,80,0.232548390337358
2014-09-27,irrigation_stop,80,0.231007444113615
2014-09-28,irrigation_stop,80,0.229192195282979
2014-09-29,irrigation_stop,80,0.227153148158428
2014-09-30,irrigation_stop,80,0.224884645187106
2014-10-01,irrigation_stop,80,0.223658025497817
2014-10-02,irrigation_stop,80,0.222401025900863
2014-10-03,irrigation_stop,80,0.220308766660978
2014-10-04,irrigation_stop,80,0.219113213652753
2014-10-05,irrigation_stop,80,0.217108180506457
2014-10-06,irrigation_stop,80,0.213618993854568
2014-10-07,irrigation_stop,80,0.213751694489365
2014-10-08,irrigation_stop,80,0.213709058404554
2014-10-09,irrigation_stop,80,0.21350402237743701
2014-10-10,irrigation_stop,80,0.212680242427976
2014-10-16,irrigation_stop,80,0.205119005702162
2014-10-17,irrigation_stop,80,0.205004315488804
2014-10-18,irrigation_stop,80,0.204506364409061
2014-10-19,irrigation_stop,80,0.204413397467317
2014-10-20,irrigation_stop,80,0.204637382286824
2014-10-21,irrigation_stop,80,0.204220225193441
2014-10-22,irrigation_stop,80,0.202017431944062
2014-10-23,irrigation_stop,80,0.201697731961593
2014-10-24,irrigation_stop,80,0.18836664471317
2014-10-25,irrigation_stop,80,0.171999194680851
2014-10-26,irrigation_stop,80,0.171719327315424
2014-10-27,irrigation_stop,80,0.171425338368056
2014-10-28,irrigation_stop,80,0.171123196147661
2014-10-29,irrigation_stop,80,0.170779808333333
2014-10-30,irrigation_stop,80,0.170340089236111
2014-10-31,irrigation_stop,80,0.169785930119681
2014-11-01,irrigation_stop,80,0.169210480134612
2014-11-02,irrigation_stop,80,0.168564898958333
2014-11-03,irrigation_stop,80,0.167796648958333
2014-11-04,irrigation_stop,80,0.166975055913743
2014-11-05,irrigation_stop,80,0.164145884616228
2014-11-06,irrigation_stop,80,0.162459825688962
2014-11-07,irrigation_stop,80,0.162512009895833
2014-11-08,irrigation_stop,80,0.162858288715278
2014-11-09,irrigation_stop,80,0.163104688101243
2014-11-10,irrigation_stop,80,0.163337859533991
2014-11-11,irrigation_stop,80,0.163509376611842
2014-11-12,irrigation_stop,80,0.16374181819285
2014-11-13,irrigation_stop,80,0.163958084926901
2014-11-14,irrigation_stop,80,0.164315176430921
2014-11-15,irrigation_stop,80,0.164552029727199
2014-11-16,irrigation_stop,80,0.165115183404605
2014-11-17,irrigation_stop,80,0.166473862847222
2014-11-18,irrigation_stop,80,0.168476361968202
2014-11-19,irrigation_stop,80,0.170980066666667
2014-11-20,irrigation_stop,80,0.17408287528143301
2014-11-21,irrigation_stop,80,0.177830979523026
2014-11-22,irrigation_stop,80,0.181764811111111
2014-11-23,irrigation_stop,80,0.185922559548611
2014-11-24,irrigation_stop,80,0.190017674258041
2014-11-25,irrigation_stop,80,0.193765252693713
2014-11-26,irrigation_stop,80,0.197062323090278
2014-11-27,irrigation_stop,80,0.19980324656981
2014-11-28,irrigation_stop,80,0.201951193341174
2014-11-29,irrigation_stop,80,0.203602259501096
2014-11-30,irrigation_stop,80,0.204839558035453
2014-12-01,irrigation_stop,80,0.205966241553985
2014-12-02,irrigation_stop,80,0.207128546370692
2014-12-03,irrigation_stop,80,0.208174291419179
2014-12-04,irrigation_stop,80,0.209096017026681
2014-12-05,irrigation_stop,80,0.209977300575658
2014-12-06,irrigation_stop,80,0.211070297947734
2014-12-07,irrigation_stop,80,0.212011779130117
2014-12-08,irrigation_stop,80,0.212788750605792
2014-12-09,irrigation_stop,80,0.213560464509456
2014-12-10,irrigation_stop,80,0.21440762315424
2014-12-11,irrigation_stop,80,0.215451720985015
2014-12-12,irrigation_stop,80,0.216361603819444
2014-12-13,irrigation_stop,80,0.216841969136425
2014-12-14,irrigation_stop,80,0.217173334526681
2014-12-15,irrigation_stop,80,0.217362431659357
2014-12-16,irrigation_stop,80,0.217396796988771
2014-12-17,irrigation_stop,80,0.217572145659722
2014-12-18,irrigation_stop,80,0.217857203645833
2014-12-19,irrigation_stop,80,0.217868587920322
2014-12-20,irrigation_stop,80,0.218774326388889
2014-12-21,irrigation_stop,80,0.21960743096674
2014-12-22,irrigation_stop,80,0.222462535025585
2014-12-23,irrigation_stop,80,0.226119119141082
2014-12-24,irrigation_stop,80,0.22983309056652
2014-12-25,irrigation_stop,80,0.233395976666225
2014-12-26,irrigation_stop,80,0.236190061458333
2014-12-27,irrigation_stop,80,0.238518148951867
2014-12-28,irrigation_stop,80,0.240504080185493
2014-12-29,irrigation_stop,80,0.242370816010599
2014-12-30,irrigation_stop,80,0.243849844275258
2014-12-31,irrigation_stop,80,0.24500560954418
2015-01-01,irrigation_stop,80,0.246180882115696
2015-01-02,irrigation_stop,80,0.247354293929377
2015-01-03,irrigation_stop,80,0.248436719145189
2015-01-04,irrigation_stop,80,0.258615322388523
2015-01-05,irrigation_stop,80,0.292395136294546
2015-01-06,irrigation_stop,80,0.302626945544782
2015-01-07,irrigation_stop,80,0.3026506899949
2015-01-08,irrigation_stop,80,0.301375539813159
2015-01-09,irrigation_stop,80,0.29980049638436
2015-01-10,irrigation_stop,80,0.298644073832071
2015-01-11,irrigation_stop,80,0.297796292739899
2015-01-12,irrigation_stop,80,0.297362464508032
2015-01-13,irrigation_stop,80,0.296889505327658
2015-01-14,irrigation_stop,80,0.296696691469451
2015-01-15,irrigation_stop,80,0.296271387820188
2015-01-16,irrigation_stop,80,0.295829944634885
2015-01-17,irrigation_stop,80,0.295554904550439
2015-01-18,irrigation_stop,80,0.295390444728535
2015-01-19,irrigation_stop,80,0.295502681359649
2015-01-20,irrigation_stop,80,0.295464389047894
2015-01-21,irrigation_stop,80,0.295234790930515
2015-01-22,irrigation_stop,80,0.294997177379274
2015-01-23,irrigation_stop,80,0.294705322717665
2015-01-24,irrigation_stop,80,0.294316992013889
2015-01-25,irrigation_stop,80,0.293718227083333
2015-01-26,irrigation_stop,80,0.293156595182749
2015-01-27,irrigation_stop,80,0.292742835467836
2015-01-28,irrigation_stop,80,0.292201339236111
2015-01-29,irrigation_stop,80,0.291548489186769
2015-01-30,irrigation_stop,80,0.291568184375
2015-01-31,irrigation_stop,80,0.293525004798977
2015-02-01,irrigation_stop,80,0.295984721354167
2015-02-02,irrigation_stop,80,0.297571090277778
2015-02-03,irrigation_stop,80,0.2984316953125
2015-02-04,irrigation_stop,80,0.298925254861111
2015-02-05,irrigation_stop,80,0.29892811525402
2015-02-06,irrigation_stop,80,0.29871229363689
2015-02-07,irrigation_stop,80,0.298490869618056
2015-02-08,irrigation_stop,80,0.298211325846126
2015-02-09,irrigation_stop,80,0.297976149652778
2015-02-10,irrigation_stop,80,0.297774727083333
2015-02-11,irrigation_stop,80,0.297316885763889
2015-02-12,irrigation_stop,80,0.296899117218567
2015-02-13,irrigation_stop,80,0.296544805208333
2015-02-14,irrigation_stop,80,0.296070031423611
2015-02-15,irrigation_stop,80,0.29633467623538
2015-02-16,irrigation_stop,80,0.299629863375443
2015-02-17,irrigation_stop,80,0.306377038724415
2015-02-18,irrigation_stop,80,0.312362921527778
2015-02-19,irrigation_stop,80,0.314933324495614
2015-02-20,irrigation_stop,80,0.315278845659722
2015-02-21,irrigation_stop,80,0.314637998090278
2015-02-22,irrigation_stop,80,0.314518162196637
2015-02-23,irrigation_stop,80,0.315540918790205
2015-02-24,irrigation_stop,80,0.316964400694444
2015-02-25,irrigation_stop,80,0.318224864495614
2015-02-26,irrigation_stop,80,0.318599961260965
2015-02-27,irrigation_stop,80,0.318146766319444
2015-02-28,irrigation_stop,80,0.317203002730263
2015-03-01,irrigation_stop,80,0.316012890451389
2015-03-02,irrigation_stop,80,0.318077784632675
2015-03-03,irrigation_stop,80,0.332583661097906
2015-03-04,irrigation_stop,80,0.336248217013889
2015-03-05,irrigation_stop,80,0.334539474965278
2015-03-06,irrigation_stop,80,0.331928017278874
2015-03-07,irrigation_stop,80,0.329348105031067
2015-03-08,irrigation_stop,80,0.326850058533654
2015-03-09,irrigation_stop,80,0.324424013464597
2015-03-10,irrigation_stop,80,0.32209175816155
2015-03-11,irrigation_stop,80,0.31982924985594
2015-03-12,irrigation_stop,80,0.317576446180556
2015-03-13,irrigation_stop,80,0.315531778993056
2015-03-14,irrigation_stop,80,0.313692676584663
2015-03-15,irrigation_stop,80,0.31195013004386
2015-03-16,irrigation_stop,80,0.310260159815424
2015-03-17,irrigation_stop,80,0.308431647383041
2015-03-18,irrigation_stop,80,0.306572273368056
2015-03-19,irrigation_stop,80,0.304740186621641
2015-03-20,irrigation_stop,80,0.302991577938596
2015-03-21,irrigation_stop,80,0.301352012891082
2015-03-22,irrigation_stop,80,0.299874317534722
2015-03-23,irrigation_stop,80,0.298691229407895
2015-03-24,irrigation_stop,80,0.297326097756242
2015-03-25,irrigation_stop,80,0.295885885089547
2015-03-26,irrigation_stop,80,0.294651907675827
2015-03-27,irrigation_stop,80,0.293529854141082
2015-03-28,irrigation_stop,80,0.292208780458699
2015-03-29,irrigation_stop,80,0.29099523912098
2015-03-30,irrigation_stop,80,0.290791931847588
2015-03-31,irrigation_stop,80,0.306073488368056
2015-04-01,irrigation_stop,80,0.315848906202485
2015-04-02,irrigation_stop,80,0.317143923689693
2015-04-03,irrigation_stop,80,0.316418636733506
2015-04-04,irrigation_stop,80,0.315108280208333
2015-04-05,irrigation_stop,80,0.313726929266401
2015-04-06,irrigation_stop,80,0.312147958333333
2015-04-07,irrigation_stop,80,0.310522887699196
2015-04-08,irrigation_stop,80,0.308835746458333
2015-04-09,irrigation_stop,80,0.307086865741959
2015-04-10,irrigation_stop,80,0.3052289140625
2015-04-11,irrigation_stop,80,0.303367326739384
2015-04-12,irrigation_stop,80,0.301587405902778
2015-04-13,irrigation_stop,80,0.29978804602868
2015-04-14,irrigation_stop,80,0.297898966585402
2015-04-15,irrigation_stop,80,0.29591721095943
2015-04-16,irrigation_stop,80,0.293933547428728
2015-04-17,irrigation_stop,80,0.292248233082968
2015-04-18,irrigation_stop,80,0.290902481790936
2015-04-19,irrigation_stop,80,0.28931104371345
2015-04-20,irrigation_stop,80,0.287661038687866
2015-04-21,irrigation_stop,80,0.285889270351703
2015-04-22,irrigation_stop,80,0.283909671527778
2015-04-23,irrigation_stop,80,0.281870034995567
2015-04-24,irrigation_stop,80,0.279876940023913
2015-04-25,irrigation_stop,80,0.277954792852705
2015-04-26,irrigation_stop,80,0.276392955577485
2015-04-27,irrigation_stop,80,0.274776229709901
2015-04-28,irrigation_stop,80,0.273412090186404
2015-04-29,irrigation_stop,80,0.272020637657164
2015-04-30,irrigation_stop,80,0.270608514583333
2015-05-01,irrigation_stop,80,0.279054308680556
2015-05-02,irrigation_stop,80,0.3162015671875
2015-05-03,irrigation_stop,80,0.362188063541667
2015-05-04,irrigation_stop,80,0.380995456238799
2015-05-05,irrigation_stop,80,0.376969312478984
2015-05-06,irrigation_stop,80,0.367231387196207
2015-05-07,irrigation_stop,80,0.357779752172973
2015-05-08,irrigation_stop,80,0.35056754683114
2015-05-09,irrigation_stop,80,0.344699974268468
2015-05-10,irrigation_stop,80,0.339361911695076
2015-05-11,irrigation_stop,80,0.334450724876543
2015-05-12,irrigation_stop,80,0.329848706785609
2015-05-13,irrigation_stop,80,0.325470760220411
2015-05-14,irrigation_stop,80,0.321494594539513
2015-05-15,irrigation_stop,80,0.320488036081871
2015-05-16,irrigation_stop,80,0.328559899479167
2015-05-17,irrigation_stop,80,0.329505527816155
2015-05-18,irrigation_stop,80,0.327225748090278
2015-05-19,irrigation_stop,80,0.324733232347074
2015-05-20,irrigation_stop,80,0.32271362429078
2015-05-21,irrigation_stop,80,0.320486090498903
2015-05-22,irrigation_stop,80,0.318063612293494
2015-05-23,irrigation_stop,80,0.315762351259643
2015-05-24,irrigation_stop,80,0.313344805208333
2015-05-25,irrigation_stop,80,0.310887082557624
2015-05-26,irrigation_stop,80,0.308650775794956
2015-05-27,irrigation_stop,80,0.306410573534357
2015-05-28,irrigation_stop,80,0.303833013194444
2015-05-29,irrigation_stop,80,0.301016645833333
2015-05-30,irrigation_stop,80,0.298339315345395
2015-05-31,irrigation_stop,80,0.295707820990497
2015-06-01,irrigation_stop,80,0.292881518464912
2015-06-02,irrigation_stop,80,0.290108108972953
2015-06-03,irrigation_stop,80,0.287147112810673
2015-06-04,irrigation_stop,80,0.2840671046875
2015-06-05,irrigation_stop,80,0.280971117708333
2015-06-06,irrigation_stop,80,0.2776867796875
2015-06-07,irrigation_stop,80,0.274204226343202
2015-06-08,irrigation_stop,80,0.271244278645833
2015-06-09,irrigation_stop,80,0.269085373402778
2015-06-10,irrigation_stop,80,0.266965475173611
2015-06-11,irrigation_stop,80,0.263675591348995
2015-06-12,irrigation_stop,80,0.259911678472222
2015-06-13,irrigation_stop,80,0.255569842417763
2015-06-14,irrigation_stop,80,0.251752519036915
2015-06-15,irrigation_stop,80,0.248193222743056
2015-06-16,irrigation_stop,80,0.244066766334648
2015-06-17,irrigation_stop,80,0.239380394097222
2015-06-18,irrigation_stop,80,0.233838999652778
2015-06-19,irrigation_stop,80,0.228877465277778
2015-06-20,irrigation_stop,80,0.227292112326389
2015-06-21,irrigation_stop,80,0.225074658159722
2015-06-22,irrigation_stop,80,0.220553405555556
2015-06-23,irrigation_stop,80,0.216007588541667
2015-06-24,irrigation_stop,80,0.213685212152778
2015-06-25,irrigation_stop,80,0.209320094535819
2015-06-26,irrigation_stop,80,0.203763942320906
2015-06-27,irrigation_stop,80,0.198375339583333
2015-06-28,irrigation_stop,80,0.19293627340826
2015-06-29,irrigation_stop,80,0.187551225
2015-06-30,irrigation_stop,80,0.182132855555556
2015-07-01,irrigation_stop,80,0.177269918099415
2015-07-02,irrigation_stop,80,0.172649054228801
2015-07-03,irrigation_stop,80,0.168390605175439
2015-07-04,irrigation_stop,80,0.1641688515625
2015-07-05,irrigation_stop,80,0.16036401250000001
2015-07-06,irrigation_stop,80,0.157277723872442
2015-07-07,irrigation_stop,80,0.154818963395468
2015-07-08,irrigation_stop,80,0.152665120833333
2015-07-09,irrigation_stop,80,0.150424763541667
2015-07-10,irrigation_stop,80,0.148047841969563
2015-07-11,irrigation_stop,80,0.145808484722222
2015-07-12,irrigation_stop,80,0.143664677179568
2015-07-13,irrigation_stop,80,0.141700686631944
2015-07-14,irrigation_stop,80,0.139868510827851
2015-07-15,irrigation_stop,80,0.1383158828125
2015-07-16,irrigation_stop,80,0.136689024005848
2015-07-17,irrigation_stop,80,0.135228574720395
2015-07-18,irrigation_stop,80,0.134041127072368
2015-07-19,irrigation_stop,80,0.133213996006944
2015-07-20,irrigation_stop,80,0.132674017925804
2015-07-21,irrigation_stop,80,0.131760665972222
2015-07-22,irrigation_stop,80,0.130800118591009
2015-07-23,irrigation_stop,80,0.130286903037281
2015-07-24,irrigation_stop,80,0.129443978298611
2015-07-25,irrigation_stop,80,0.127677893342471
2015-07-26,irrigation_stop,80,0.128771836111111
2015-07-27,irrigation_stop,80,0.128265182788743
2015-07-28,irrigation_stop,80,0.12949167433114
2015-07-29,irrigation_stop,80,0.130236849826389
2015-07-30,irrigation_stop,80,0.130692707415936
2015-07-31,irrigation_stop,80,0.1302129234375
2015-08-01,irrigation_stop,80,0.129050820498082
2015-08-02,irrigation_stop,80,0.129080370590278
2015-08-03,irrigation_stop,80,0.129976468461027
2015-08-04,irrigation_stop,80,0.130346881517108
2015-08-05,irrigation_stop,80,0.130101462585892
2015-08-06,irrigation_stop,80,0.129302123106725
2015-08-07,irrigation_stop,80,0.128135630902778
2015-08-08,irrigation_stop,80,0.126830751909722
2015-08-09,irrigation_stop,80,0.125973474152047
2015-08-10,irrigation_stop,80,0.12469549158443
2015-08-11,irrigation_stop,80,0.127584359389775
2015-08-12,irrigation_stop,80,0.128515580544474
2015-08-13,irrigation_stop,80,0.128927034375
2015-08-14,irrigation_stop,80,0.127829333506944
2015-08-15,irrigation_stop,80,0.127653625
2015-08-16,irrigation_stop,80,0.12875754063231
2015-08-17,irrigation_stop,80,0.129535492540205
2015-08-18,irrigation_stop,80,0.130367219965278
2015-08-19,irrigation_stop,80,0.130969135868056
2015-08-20,irrigation_stop,80,0.131787015625
2015-08-21,irrigation_stop,80,0.132331392467339
2015-08-22,irrigation_stop,80,0.132817345587439
2015-08-23,irrigation_stop,80,0.133517485287858
2015-08-24,irrigation_stop,80,0.133906906076389
2015-08-25,irrigation_stop,80,0.134237177026681
2015-08-26,irrigation_stop,80,0.134762130206506
2015-08-27,irrigation_stop,80,0.134697162483199
2015-08-28,irrigation_stop,80,0.134495017555894
2015-08-29,irrigation_stop,80,0.134246203043981
2015-08-30,irrigation_stop,80,0.133788248044988
2015-08-31,irrigation_stop,80,0.132919842623375
2015-09-01,irrigation_stop,80,0.132478779295475
2015-09-02,irrigation_stop,80,0.132590441840278
2015-09-03,irrigation_stop,80,0.131888841319444
2015-09-04,irrigation_stop,80,0.130759331851126
2015-09-05,irrigation_stop,80,0.129423918923611
2015-09-06,irrigation_stop,80,0.128012461284722
2015-09-07,irrigation_stop,80,0.126474372916667
2015-09-08,irrigation_stop,80,0.1250339734375
2015-09-09,irrigation_stop,80,0.123425440891813
2015-09-10,irrigation_stop,80,0.122071401277412
2015-09-11,irrigation_stop,80,0.120799780279605
2015-09-12,irrigation_stop,80,0.120146389060673
2015-09-13,irrigation_stop,80,0.119457678723404
2015-09-14,irrigation_stop,80,0.117829999833699
2015-09-15,irrigation_stop,80,0.119097476734284
2015-09-16,irrigation_stop,80,0.120030313402778
2015-09-17,irrigation_stop,80,0.12053308409174
2015-09-18,irrigation_stop,80,0.121460983700658
2015-09-19,irrigation_stop,80,0.121773510763889
2015-09-20,irrigation_stop,80,0.121455350798611
2015-09-21,irrigation_stop,80,0.120891260416667
2015-09-22,irrigation_stop,80,0.120351289409722
2015-09-23,irrigation_stop,80,0.119883656597222
2015-09-24,irrigation_stop,80,0.119549988715278
2015-09-25,irrigation_stop,80,0.118792277604167
2015-09-26,irrigation_stop,80,0.118100576736111
2015-09-27,irrigation_stop,80,0.117338577958699
2015-09-28,irrigation_stop,80,0.116832937397661
2015-09-29,irrigation_stop,80,0.116194762326389
2015-09-30,irrigation_stop,80,0.115373201736111
2015-10-01,irrigation_stop,80,0.114352836182383
2015-10-02,irrigation_stop,80,0.113393532465278
2015-10-03,irrigation_stop,80,0.112667230208333
2015-10-04,irrigation_stop,80,0.112087503819444
2015-10-05,irrigation_stop,80,0.111588527777778
2015-10-06,irrigation_stop,80,0.110531038059211
2015-10-07,irrigation_stop,80,0.110550585763889
2015-10-08,irrigation_stop,80,0.111736821472953
2015-10-09,irrigation_stop,80,0.112214766224415
2015-10-10,irrigation_stop,80,0.112505500938967
2015-10-12,irrigation_stop,80,0.112350456855872
2015-10-13,irrigation_stop,80,0.112178609497442
2015-10-14,irrigation_stop,80,0.111921334027778
2015-10-15,irrigation_stop,80,0.111932609285453
2015-10-16,irrigation_stop,80,0.112066076399854
2015-10-17,irrigation_stop,80,0.112496518923611
2015-10-18,irrigation_stop,80,0.112696048256579
2015-10-19,irrigation_stop,80,0.112760338357091
2015-10-20,irrigation_stop,80,0.112928063512427
2015-10-21,irrigation_stop,80,0.112852225868056
2015-10-22,irrigation_stop,80,0.112593639983553
2015-10-23,irrigation_stop,80,0.112420799544956
2015-10-24,irrigation_stop,80,0.112155093079313
2015-10-25,irrigation_stop,80,0.111939504937866
2015-10-26,irrigation_stop,80,0.111699790104167
2015-10-27,irrigation_stop,80,0.111482943026938
2015-10-28,irrigation_stop,80,0.110801237688231
2015-10-29,irrigation_stop,80,0.109044628649488
2015-10-30,irrigation_stop,80,0.109947169607091
2015-10-31,irrigation_stop,80,0.110933942708333
2015-11-01,irrigation_stop,80,0.111822314166667
2015-11-02,irrigation_stop,80,0.112472778357091
2015-11-03,irrigation_stop,80,0.112940004144348
2015-11-04,irrigation_stop,80,0.113458476392583
2015-11-05,irrigation_stop,80,0.113848991840278
2015-11-06,irrigation_stop,80,0.114133749988918
2015-11-07,irrigation_stop,80,0.114302712677266
2015-11-08,irrigation_stop,80,0.114396777914839
2015-11-09,irrigation_stop,80,0.114414428993056
2015-11-10,irrigation_stop,80,0.114346651748904
2015-11-11,irrigation_stop,80,0.11428024285636
2015-11-12,irrigation_stop,80,0.11428645600605
2015-11-13,irrigation_stop,80,0.114251218364401
2015-11-14,irrigation_stop,80,0.114095844263018
2015-11-15,irrigation_stop,80,0.114036719533991
2015-11-16,irrigation_stop,80,0.113988606416223
2015-11-17,irrigation_stop,80,0.113946802662491
2015-11-18,irrigation_stop,80,0.113846882118056
2015-11-19,irrigation_stop,80,0.113791364408322
2015-11-20,irrigation_stop,80,0.115534838695175
2015-11-21,irrigation_stop,80,0.145009202298694
2015-11-22,irrigation_stop,80,0.144252475187278
2015-11-23,irrigation_stop,80,0.167256136551535
2015-11-24,irrigation_stop,80,0.1833373278125
2015-11-25,irrigation_stop,80,0.187490251335386
2015-11-26,irrigation_stop,80,0.191915724311116
2015-11-27,irrigation_stop,80,0.199372399988918
2015-11-28,irrigation_stop,80,0.208268662107091
2015-11-29,irrigation_stop,80,0.2187904859375
2015-11-30,irrigation_stop,80,0.231607965972222
2015-12-01,irrigation_stop,80,0.239100572256944
2015-12-02,irrigation_stop,80,0.243083443491936
2015-12-03,irrigation_stop,80,0.24556994966557
2015-12-04,irrigation_stop,80,0.247231630529699
2015-12-05,irrigation_stop,80,0.24856669063962
2015-12-06,irrigation_stop,80,0.250577292235015
2015-12-07,irrigation_stop,80,0.253529682465278
2015-12-08,irrigation_stop,80,0.256948822807018
2015-12-09,irrigation_stop,80,0.260661908333333
2015-12-10,irrigation_stop,80,0.263815931260693
2015-12-11,irrigation_stop,80,0.265812358854167
2015-12-12,irrigation_stop,80,0.267066935133406
2015-12-13,irrigation_stop,80,0.267956688145102
2015-12-14,irrigation_stop,80,0.268707848090278
2015-12-15,irrigation_stop,80,0.269304107196461
2015-12-16,irrigation_stop,80,0.269554623789194
2015-12-17,irrigation_stop,80,0.269590386897902
2015-12-18,irrigation_stop,80,0.269677932639433
2015-12-19,irrigation_stop,80,0.269762207457968
2015-12-20,irrigation_stop,80,0.269527915679825
2015-12-21,irrigation_stop,80,0.269352040044015
2015-12-22,irrigation_stop,80,0.269319628090044
2015-12-23,irrigation_stop,80,0.269375893357829
2015-12-24,irrigation_stop,80,0.269424294713085
2015-12-25,irrigation_stop,80,0.269416058251096
2015-12-26,irrigation_stop,80,0.269214923112923
2015-12-27,irrigation_stop,80,0.269042743262061
2015-12-28,irrigation_stop,80,0.268854948275981
2015-12-29,irrigation_stop,80,0.268750965148026
2015-12-30,irrigation_stop,80,0.268803972916667
2015-12-31,irrigation_stop,80,0.268731235445906
2016-01-01,irrigation_stop,80,0.268460573205409
2016-01-02,irrigation_stop,80,0.26798718401864
2016-01-03,irrigation_stop,80,0.267570765263158
2016-01-04,irrigation_stop,80,0.267847874488304
2016-01-05,irrigation_stop,80,0.268208882077851
2016-01-06,irrigation_stop,80,0.2682301515625
2016-01-07,irrigation_stop,80,0.270384740177266
2016-01-08,irrigation_stop,80,0.274503088733553
2016-01-09,irrigation_stop,80,0.315641232986111
2016-01-10,irrigation_stop,80,0.355627052755848
2016-01-11,irrigation_stop,80,0.395667944702061
2016-01-12,irrigation_stop,80,0.408511911072423
2016-01-13,irrigation_stop,80,0.40330551060307
2016-01-14,irrigation_stop,80,0.394318697528268
2016-01-15,irrigation_stop,80,0.384622267483553
2016-01-16,irrigation_stop,80,0.375031407607977
2016-01-17,irrigation_stop,80,0.366752050237573
2016-01-18,irrigation_stop,80,0.360548907313596
2016-01-19,irrigation_stop,80,0.356041843064693
2016-01-20,irrigation_stop,80,0.352360508333333
2016-01-21,irrigation_stop,80,0.349295032780372
2016-01-22,irrigation_stop,80,0.346699782274866
2016-01-23,irrigation_stop,80,0.344511416891447
2016-01-24,irrigation_stop,80,0.342514149131944
2016-01-25,irrigation_stop,80,0.340815043672429
2016-01-26,irrigation_stop,80,0.339216565798611
2016-01-27,irrigation_stop,80,0.337805570656067
2016-01-28,irrigation_stop,80,0.336380922652476
2016-01-29,irrigation_stop,80,0.335131247001663
2016-01-30,irrigation_stop,80,0.334080241117832
2016-01-31,irrigation_stop,80,0.336129254853801
2016-02-01,irrigation_stop,80,0.356565858865248
2016-02-02,irrigation_stop,80,0.363078488769908
2016-02-03,irrigation_stop,80,0.361303395295197
2016-02-04,irrigation_stop,80,0.359592383179825
2016-02-05,irrigation_stop,80,0.359914023201754
2016-02-06,irrigation_stop,80,0.360679109767769
2016-02-07,irrigation_stop,80,0.358733429311038
2016-02-08,irrigation_stop,80,0.357302865625
2016-02-09,irrigation_stop,80,0.356090636539598
2016-02-10,irrigation_stop,80,0.363134834201389
2016-02-11,irrigation_stop,80,0.365342625336257
2016-02-12,irrigation_stop,80,0.36292915877481
2016-02-13,irrigation_stop,80,0.360422465464181
2016-02-14,irrigation_stop,80,0.367717130975877
2016-02-15,irrigation_stop,80,0.377201461031207
2016-02-16,irrigation_stop,80,0.377306314486127
2016-02-17,irrigation_stop,80,0.374009445962753
2016-02-18,irrigation_stop,80,0.369830715854733
2016-02-19,irrigation_stop,80,0.366108266020193
2016-02-20,irrigation_stop,80,0.363276856028369
2016-02-21,irrigation_stop,80,0.36217522994301
2016-02-22,irrigation_stop,80,0.363018822213207
2016-02-23,irrigation_stop,80,0.362255325736552
2016-02-24,irrigation_stop,80,0.361355586295521
2016-02-25,irrigation_stop,80,0.361483703082361
2016-02-26,irrigation_stop,80,0.362677112460123
2016-02-27,irrigation_stop,80,0.361154298100543
2016-02-28,irrigation_stop,80,0.359451164506697
2016-02-29,irrigation_stop,80,0.359960495143905
2016-03-01,irrigation_stop,80,0.358961336441614
2016-03-02,irrigation_stop,80,0.35707064377538
2016-03-03,irrigation_stop,80,0.355110374091312
2016-03-04,irrigation_stop,80,0.353557400506213
2016-03-05,irrigation_stop,80,0.352271347701023
2016-03-06,irrigation_stop,80,0.351687321966374
2016-03-07,irrigation_stop,80,0.351269472110044
2016-03-08,irrigation_stop,80,0.350219061412646
2016-03-09,irrigation_stop,80,0.348766128313231
2016-03-10,irrigation_stop,80,0.347144820537281
2016-03-11,irrigation_stop,80,0.345523080301535
2016-03-12,irrigation_stop,80,0.343857444577851
2016-03-13,irrigation_stop,80,0.342145857640716
2016-03-14,irrigation_stop,80,0.34051333870789
2016-03-15,irrigation_stop,80,0.339004155992325
2016-03-16,irrigation_stop,80,0.337525949131944
2016-03-17,irrigation_stop,80,0.335948238960161
2016-03-18,irrigation_stop,80,0.334374869965278
2016-03-19,irrigation_stop,80,0.332902769095395
2016-03-20,irrigation_stop,80,0.331454253645833
2016-03-21,irrigation_stop,80,0.330046094462719
2016-03-22,irrigation_stop,80,0.328653520031767
2016-03-23,irrigation_stop,80,0.327355456069079
2016-03-24,irrigation_stop,80,0.326146877107091
2016-03-25,irrigation_stop,80,0.325045942169031
2016-03-26,irrigation_stop,80,0.323865409027778
2016-03-27,irrigation_stop,80,0.322525527616959
2016-03-28,irrigation_stop,80,0.321520119791667
2016-03-29,irrigation_stop,80,0.320345519791667
2016-03-30,irrigation_stop,80,0.31908757376462
2016-03-31,irrigation_stop,80,0.317686262326389
2016-04-01,irrigation_stop,80,0.316327022640716
2016-04-02,irrigation_stop,80,0.314966169194079
2016-04-03,irrigation_stop,80,0.313392032040485
2016-04-04,irrigation_stop,80,0.311686973810735
2016-04-05,irrigation_stop,80,0.310072538797515
2016-04-06,irrigation_stop,80,0.30911473405519
2016-04-07,irrigation_stop,80,0.308279693347953
2016-04-08,irrigation_stop,80,0.307376672962963
2016-04-09,irrigation_stop,80,0.307204716460161
2016-04-10,irrigation_stop,80,0.306678333333333
2016-04-11,irrigation_stop,80,0.305887593121345
2016-04-12,irrigation_stop,80,0.305081801527778
2016-04-13,irrigation_stop,80,0.304379048040936
2016-04-14,irrigation_stop,80,0.303941943402778
2016-04-15,irrigation_stop,80,0.303254567708333
2016-04-16,irrigation_stop,80,0.302608239236111
2016-04-17,irrigation_stop,80,0.302136354166667
2016-04-18,irrigation_stop,80,0.301913588684211
2016-04-19,irrigation_stop,80,0.300979912847222
2016-04-20,irrigation_stop,80,0.299566043918129
2016-04-21,irrigation_stop,80,0.298087999457237
2016-04-22,irrigation_stop,80,0.296855345138889
2016-04-23,irrigation_stop,80,0.296671169753289
2016-04-24,irrigation_stop,80,0.295835297857565
2016-04-25,irrigation_stop,80,0.295234116970029
2016-04-26,irrigation_stop,80,0.294540527266082
2016-04-27,irrigation_stop,80,0.293706624826389
2016-04-28,irrigation_stop,80,0.292962352717471
2016-04-29,irrigation_stop,80,0.292145856944444
2016-04-30,irrigation_stop,80,0.291011527079678
2016-05-01,irrigation_stop,80,0.290695825365497
2016-05-02,irrigation_stop,80,0.290227520133406
2016-05-03,irrigation_stop,80,0.289584600460643
2016-05-04,irrigation_stop,80,0.288530698501462
2016-05-05,irrigation_stop,80,0.28691328645833297
2016-05-06,irrigation_stop,80,0.285076356423611
2016-05-07,irrigation_stop,80,0.282969206995614
2016-05-08,irrigation_stop,80,0.280858990104167
2016-05-09,irrigation_stop,80,0.278596015712719
2016-05-10,irrigation_stop,80,0.275327272916667
2016-05-11,irrigation_stop,80,0.271791345659722
2016-05-12,irrigation_stop,80,0.270519530729167
2016-05-13,irrigation_stop,80,0.272180980307018
2016-05-14,irrigation_stop,80,0.271194665941155
2016-05-15,irrigation_stop,80,0.270328322710433
2016-05-16,irrigation_stop,80,0.269640994270833
2016-05-17,irrigation_stop,80,0.268814442534722
2016-05-18,irrigation_stop,80,0.267505278280336
2016-05-19,irrigation_stop,80,0.267116673958333
2016-05-20,irrigation_stop,80,0.266202010835161
2016-05-21,irrigation_stop,80,0.263992548514254
2016-05-22,irrigation_stop,80,0.260575621500366
2016-05-23,irrigation_stop,80,0.26083866298325
2016-05-24,irrigation_stop,80,0.261599413318713
2016-05-25,irrigation_stop,80,0.260483793576389
2016-05-26,irrigation_stop,80,0.259543060856235
2016-05-27,irrigation_stop,80,0.257870761401681
2016-05-28,irrigation_stop,80,0.255272935076754
2016-05-29,irrigation_stop,80,0.25645206877924
2016-05-30,irrigation_stop,80,0.25732295276133
2016-05-31,irrigation_stop,80,0.256711788888889
2016-06-01,irrigation_stop,80,0.257368859005376
2016-06-02,irrigation_stop,80,0.259614038343754
2016-06-03,irrigation_stop,80,0.261331277256944
2016-06-04,irrigation_stop,80,0.26099862816155
2016-06-05,irrigation_stop,80,0.2599569611127
2016-06-06,irrigation_stop,80,0.257459322675439
2016-06-07,irrigation_stop,80,0.25480822970212
2016-06-08,irrigation_stop,80,0.253516094263446
2016-06-09,irrigation_stop,80,0.253171236847588
2016-06-10,irrigation_stop,80,0.248823903528874
2016-06-11,irrigation_stop,80,0.246799012083333
2016-06-12,irrigation_stop,80,0.245891122281324
2016-06-13,irrigation_stop,80,0.245080632817982
2016-06-14,irrigation_stop,80,0.243600088630319
2016-06-15,irrigation_stop,80,0.239289380729167
2016-06-16,irrigation_stop,80,0.236130666381579
2016-06-17,irrigation_stop,80,0.23525996188962
2016-06-18,irrigation_stop,80,0.232631475948465
2016-06-19,irrigation_stop,80,0.230612352198465
2016-06-20,irrigation_stop,80,0.22643373125
2016-06-21,irrigation_stop,80,0.223079232467105
2016-06-22,irrigation_stop,80,0.219151898851912
2016-06-23,irrigation_stop,80,0.204518659907969
2016-06-24,irrigation_stop,80,0.195748926794009
2016-06-25,irrigation_stop,80,0.189531264848459
2016-06-26,irrigation_stop,80,0.189621795833333
2016-06-27,irrigation_stop,80,0.18673301933114
2016-06-28,irrigation_stop,80,0.18167616752193
2016-06-29,irrigation_stop,80,0.175192978788377
2016-06-30,irrigation_stop,80,0.169054093625731
2016-07-01,irrigation_stop,80,0.167718306089181
2016-07-02,irrigation_stop,80,0.165826768622076
2016-07-03,irrigation_stop,80,0.16378232650402
2016-07-04,irrigation_stop,80,0.15782010634868399
2016-07-05,irrigation_stop,80,0.152258195273695
2016-07-06,irrigation_stop,80,0.147098153392094
2016-07-07,irrigation_stop,80,0.142104239569979
2016-07-08,irrigation_stop,80,0.137995457865338
2016-07-09,irrigation_stop,80,0.134474649567819
2016-07-10,irrigation_stop,80,0.131456464701943
2016-07-11,irrigation_stop,80,0.128781892457968
2016-07-12,irrigation_stop,80,0.125737432655336
2016-07-13,irrigation_stop,80,0.128001252342836
2016-07-14,irrigation_stop,80,0.130361676558845
2016-07-15,irrigation_stop,80,0.131257578927266
2016-07-16,irrigation_stop,80,0.131049798305921
2016-07-17,irrigation_stop,80,0.129996951799295
2016-07-18,irrigation_stop,80,0.128470289415205
2016-07-19,irrigation_stop,80,0.126819716689682
2016-07-20,irrigation_stop,80,0.125176239290711
2016-07-21,irrigation_stop,80,0.123609089821437
2016-07-22,irrigation_stop,80,0.122443911130651
2016-07-23,irrigation_stop,80,0.12366348257177
2016-07-24,irrigation_stop,80,0.123571851592958
2016-07-25,irrigation_stop,80,0.122710082824449
2016-07-26,irrigation_stop,80,0.121675888754419
2016-07-27,irrigation_stop,80,0.120519959331257
2016-07-28,irrigation_stop,80,0.11941649536367
2016-07-29,irrigation_stop,80,0.118436763658626
2016-07-30,irrigation_stop,80,0.117485452350146
2016-07-31,irrigation_stop,80,0.11614270869152
2016-08-01,irrigation_stop,80,0.117264371460161
2016-08-02,irrigation_stop,80,0.117801913342665
2016-08-03,irrigation_stop,80,0.117370026449275
2016-08-04,irrigation_stop,80,0.116349183810307
2016-08-05,irrigation_stop,80,0.115186348236477
2016-08-06,irrigation_stop,80,0.116994042525585
2016-08-07,irrigation_stop,80,0.117466111591079
2016-08-08,irrigation_stop,80,0.117344919009503
2016-08-09,irrigation_stop,80,0.116825620853591
2016-08-10,irrigation_stop,80,0.115144718263383
2016-08-11,irrigation_stop,80,0.116610886805556
2016-08-12,irrigation_stop,80,0.117415747629831
2016-08-13,irrigation_stop,80,0.117654915413945
2016-08-14,irrigation_stop,80,0.117429449624809
2016-08-15,irrigation_stop,80,0.116845551502114
2016-08-16,irrigation_stop,80,0.116167384612573
2016-08-17,irrigation_stop,80,0.11567491875
2016-08-18,irrigation_stop,80,0.115362485941155
2016-08-19,irrigation_stop,80,0.114717871701389
2016-08-20,irrigation_stop,80,0.114531305992325
2016-08-21,irrigation_stop,80,0.114194871434576
2016-08-22,irrigation_stop,80,0.113495048518376
2016-08-23,irrigation_stop,80,0.112814487957323
2016-08-24,irrigation_stop,80,0.112077995409357
2016-08-25,irrigation_stop,80,0.111390363887538
2016-08-26,irrigation_stop,80,0.110708059086568
2016-08-27,irrigation_stop,80,0.110134700461732
2016-08-28,irrigation_stop,80,0.109311545442251
2016-08-29,irrigation_stop,80,0.109135843700852
2016-08-30,irrigation_stop,80,0.108859646268275
2016-08-31,irrigation_stop,80,0.108553071354167
2016-09-01,irrigation_stop,80,0.108059189539474
2016-09-02,irrigation_stop,80,0.107603434810875
2016-09-03,irrigation_stop,80,0.10723700791873
2016-09-04,irrigation_stop,80,0.106693569204538
2016-09-05,irrigation_stop,80,0.104716975423977
2016-09-06,irrigation_stop,80,0.106381419983553
2016-09-07,irrigation_stop,80,0.107577965562205
2016-09-08,irrigation_stop,80,0.108647146915205
2016-09-09,irrigation_stop,80,0.109405109537646
2016-09-10,irrigation_stop,80,0.109814675364875
2016-09-11,irrigation_stop,80,0.10982516787098
2016-09-12,irrigation_stop,80,0.109538283296784
2016-09-13,irrigation_stop,80,0.109047316009161
2016-09-14,irrigation_stop,80,0.108530062182367
2016-09-15,irrigation_stop,80,0.10822802284279
2016-09-16,irrigation_stop,80,0.107747765703135
2016-09-17,irrigation_stop,80,0.107752208626236
2016-09-18,irrigation_stop,80,0.107908711401681
2016-09-19,irrigation_stop,80,0.107878581659357
2016-09-20,irrigation_stop,80,0.107710927911184
2016-09-21,irrigation_stop,80,0.107529977130848
2016-09-22,irrigation_stop,80,0.107660320392909
2016-09-23,irrigation_stop,80,0.107569737977341
2016-09-24,irrigation_stop,80,0.107365658181652
2016-09-25,irrigation_stop,80,0.10709464123818
2016-09-26,irrigation_stop,80,0.10701675380787
2016-09-27,irrigation_stop,80,0.12249476166351
2016-09-28,irrigation_stop,80,0.126495352688303
2016-10-07,irrigation_stop,80,0.112343774770747
2016-10-08,irrigation_stop,80,0.111936972109801
2016-10-09,irrigation_stop,80,0.111458566061769
2016-10-10,irrigation_stop,80,0.110754607914839
2016-10-11,irrigation_stop,80,0.110309628191489
2016-10-12,irrigation_stop,80,0.109665314976052
2016-10-13,irrigation_stop,80,0.109287054945593
2016-10-14,irrigation_stop,80,0.108232257562965
2016-10-15,irrigation_stop,80,0.10996417513587
2016-10-16,irrigation_stop,80,0.113074254129999
2016-10-17,irrigation_stop,80,0.114129561801299
2016-10-18,irrigation_stop,80,0.114564560306281
2016-10-19,irrigation_stop,80,0.114811445295973
2016-10-20,irrigation_stop,80,0.114553203054799
2016-10-21,irrigation_stop,80,0.114155190210638
2016-10-22,irrigation_stop,80,0.113770305502044
2016-10-23,irrigation_stop,80,0.113276260530209
2016-10-24,irrigation_stop,80,0.112659408891766
2016-10-25,irrigation_stop,80,0.111198124601608
2016-10-26,irrigation_stop,80,0.109869936453407
2016-10-27,irrigation_stop,80,0.109667054603436
2016-10-28,irrigation_stop,80,0.110263626476112
2016-10-29,irrigation_stop,80,0.111026300173611
2016-10-30,irrigation_stop,80,0.11179055857126
2016-10-31,irrigation_stop,80,0.112463152398644
2016-11-01,irrigation_stop,80,0.113089835279249
2016-11-02,irrigation_stop,80,0.113558623741719
2016-11-03,irrigation_stop,80,0.114092615125417
2016-11-04,irrigation_stop,80,0.114496064939486
2016-11-05,irrigation_stop,80,0.114253319176601
2016-11-06,irrigation_stop,80,0.113904682404971
2016-11-07,irrigation_stop,80,0.114310853946759
2016-11-08,irrigation_stop,80,0.114828861327925
2016-11-09,irrigation_stop,80,0.115401268349014
2016-11-10,irrigation_stop,80,0.115457840526901
2016-11-11,irrigation_stop,80,0.116957228689273
2016-11-12,irrigation_stop,80,0.117108369266188
2016-11-13,irrigation_stop,80,0.118165916075339
2016-11-14,irrigation_stop,80,0.122428607844398
2016-11-15,irrigation_stop,80,0.136010288709854
2016-11-16,irrigation_stop,80,0.160353449266362
2016-11-17,irrigation_stop,80,0.187444905528143
2016-11-18,irrigation_stop,80,0.203513126406715
2016-11-19,irrigation_stop,80,0.216843217261021
2016-11-20,irrigation_stop,80,0.225915103558652
2016-11-21,irrigation_stop,80,0.232593009287238
2016-11-22,irrigation_stop,80,0.237427603339739
2016-11-23,irrigation_stop,80,0.241151844060012
2016-11-24,irrigation_stop,80,0.245375780995517
2016-11-25,irrigation_stop,80,0.249962448579779
2016-11-26,irrigation_stop,80,0.254016653218435
2016-11-27,irrigation_stop,80,0.257295289892723
2016-11-28,irrigation_stop,80,0.26002064544689
2016-11-29,irrigation_stop,80,0.262269823360212
2016-11-30,irrigation_stop,80,0.263963600517742
2016-12-01,irrigation_stop,80,0.265322698888714
2016-12-02,irrigation_stop,80,0.266540490144474
2016-12-03,irrigation_stop,80,0.267579776010573
2016-12-04,irrigation_stop,80,0.268458659936518
2016-12-05,irrigation_stop,80,0.269177171957217
2016-12-06,irrigation_stop,80,0.269714961942326
2016-12-07,irrigation_stop,80,0.270013222305529
2016-12-08,irrigation_stop,80,0.270174885635568
2016-12-09,irrigation_stop,80,0.270285856631944
2016-12-10,irrigation_stop,80,0.270348394101058
2016-12-11,irrigation_stop,80,0.270363382059857
2016-12-12,irrigation_stop,80,0.270121925847318
2016-12-13,irrigation_stop,80,0.270195150948308
2016-12-14,irrigation_stop,80,0.270252982721151
2016-12-15,irrigation_stop,80,0.270334296216753
2016-12-16,irrigation_stop,80,0.270448545010258
2016-12-17,irrigation_stop,80,0.2705307143389
2016-12-18,irrigation_stop,80,0.270404788806398
2016-12-19,irrigation_stop,80,0.270311907708067
2016-12-20,irrigation_stop,80,0.269917537426123
2016-12-21,irrigation_stop,80,0.269568085049342
2016-12-22,irrigation_stop,80,0.269447628444167
2016-12-23,irrigation_stop,80,0.269266443152412
2016-12-24,irrigation_stop,80,0.269216367220387
2016-12-25,irrigation_stop,80,0.269120560619518
2016-12-26,irrigation_stop,80,0.268900351005443
2016-12-27,irrigation_stop,80,0.268718075051476
2016-12-28,irrigation_stop,80,0.268617720452329
2016-12-29,irrigation_stop,80,0.268560406624148
2016-12-30,irrigation_stop,80,0.268549228942718
2016-12-31,irrigation_stop,80,0.268559087937879
2017-01-01,irrigation_stop,80,0.268487878878704
2017-01-02,irrigation_stop,80,0.268509364555402
2017-01-03,irrigation_stop,80,0.268577611934219
2017-01-04,irrigation_stop,80,0.268598976751536
2017-01-05,irrigation_stop,80,0.268562692287234
2017-01-06,irrigation_stop,80,0.268454767333607
2017-01-07,irrigation_stop,80,0.268426961306005
2017-01-08,irrigation_stop,80,0.268393881245115
2017-01-09,irrigation_stop,80,0.268333579695964
2017-01-10,irrigation_stop,80,0.268186773147627
2017-01-11,irrigation_stop,80,0.268186932010482
2017-01-12,irrigation_stop,80,0.268098958908755
2017-01-13,irrigation_stop,80,0.267927849887651
2017-01-14,irrigation_stop,80,0.267654604316208
2017-01-15,irrigation_stop,80,0.26857824056956
2017-01-16,irrigation_stop,80,0.26983320457428
2017-01-17,irrigation_stop,80,0.271096785170981
2017-01-18,irrigation_stop,80,0.272393864919111
2017-01-19,irrigation_stop,80,0.273638054660419
2017-01-20,irrigation_stop,80,0.274705172454666
2017-01-21,irrigation_stop,80,0.27563574827401
2017-01-22,irrigation_stop,80,0.276355758809545
2017-01-23,irrigation_stop,80,0.276914091865002
2017-01-24,irrigation_stop,80,0.277394202454844
2017-01-25,irrigation_stop,80,0.277732272708337
2017-01-26,irrigation_stop,80,0.278038425837708
2017-01-27,irrigation_stop,80,0.278069609607207
2017-01-28,irrigation_stop,80,0.278139091224415
2017-01-29,irrigation_stop,80,0.278192164314693
2017-01-30,irrigation_stop,80,0.278069834173049
2017-01-31,irrigation_stop,80,0.278101546355994
2017-02-01,irrigation_stop,80,0.278590556186038
2017-02-02,irrigation_stop,80,0.278837446169163
2017-02-03,irrigation_stop,80,0.280268995626478
2017-02-04,irrigation_stop,80,0.282936527619494
2017-02-05,irrigation_stop,80,0.285917784426995
2017-02-06,irrigation_stop,80,0.289414920067617
2017-02-07,irrigation_stop,80,0.292483253464912
2017-02-08,irrigation_stop,80,0.297033090233918
2017-02-09,irrigation_stop,80,0.302213420175439
2017-02-10,irrigation_stop,80,0.306847323861477
2017-02-11,irrigation_stop,80,0.309495828161971
2017-02-12,irrigation_stop,80,0.310824976071349
2017-02-13,irrigation_stop,80,0.311233818723793
2017-02-14,irrigation_stop,80,0.311208053180532
2017-02-15,irrigation_stop,80,0.310914415416667
2017-02-16,irrigation_stop,80,0.310530761434989
2017-02-17,irrigation_stop,80,0.31006734207592
2017-02-18,irrigation_stop,80,0.309502718043625
2017-02-19,irrigation_stop,80,0.309041108839177
2017-02-20,irrigation_stop,80,0.308569119456793
2017-02-21,irrigation_stop,80,0.308099373233384
2017-02-22,irrigation_stop,80,0.307285261686848
2017-02-23,irrigation_stop,80,0.306422933120736
2017-02-24,irrigation_stop,80,0.305648575817142
2017-02-25,irrigation_stop,80,0.304928805764832
2017-02-26,irrigation_stop,80,0.304235170512633
2017-02-27,irrigation_stop,80,0.303351350286616
2017-02-28,irrigation_stop,80,0.302738661200717
2017-03-01,irrigation_stop,80,0.302233788701863
2017-03-02,irrigation_stop,80,0.303684220386818
2017-03-03,irrigation_stop,80,0.31137890754117997
2017-03-04,irrigation_stop,80,0.316791194751355
2017-03-05,irrigation_stop,80,0.31914130802305
2017-03-06,irrigation_stop,80,0.32373902969481
2017-03-07,irrigation_stop,80,0.378315327033402
2017-03-08,irrigation_stop,80,0.377709031287742
2017-03-09,irrigation_stop,80,0.373027141567038
2017-03-10,irrigation_stop,80,0.372496046611453
2017-03-11,irrigation_stop,80,0.367434906337175
2017-03-12,irrigation_stop,80,0.361189243690981
2017-03-13,irrigation_stop,80,0.355447435107239
2017-03-14,irrigation_stop,80,0.350513917690453
2017-03-15,irrigation_stop,80,0.346260956501309
2017-03-16,irrigation_stop,80,0.342433948152624
2017-03-17,irrigation_stop,80,0.338977494795189
2017-03-18,irrigation_stop,80,0.336260774048449
2017-03-19,irrigation_stop,80,0.334316065591779
2017-03-20,irrigation_stop,80,0.332712451069079
2017-03-21,irrigation_stop,80,0.331267619455763
2017-03-22,irrigation_stop,80,0.329887787364242
2017-03-23,irrigation_stop,80,0.328269417890807
2017-03-24,irrigation_stop,80,0.32636099997111
2017-03-25,irrigation_stop,80,0.324393787275111
2017-03-26,irrigation_stop,80,0.322811332693245
2017-03-27,irrigation_stop,80,0.32143631587825
2017-03-28,irrigation_stop,80,0.319842831021182
2017-03-29,irrigation_stop,80,0.318297751896026
2017-03-30,irrigation_stop,80,0.316627890354916
2017-03-31,irrigation_stop,80,0.314815709365697
2017-04-01,irrigation_stop,80,0.313025873084645
2017-04-02,irrigation_stop,80,0.311743693503406
2017-04-03,irrigation_stop,80,0.310201356200772
2017-04-04,irrigation_stop,80,0.308693376127735
2017-04-05,irrigation_stop,80,0.307030176529111
2017-04-06,irrigation_stop,80,0.305113199774822
2017-04-07,irrigation_stop,80,0.303460415942
2017-04-08,irrigation_stop,80,0.301443072975114
2017-04-09,irrigation_stop,80,0.299115290544687
2017-04-10,irrigation_stop,80,0.296771929073934
2017-04-11,irrigation_stop,80,0.29467016808724
2017-04-12,irrigation_stop,80,0.292438672620758
2017-04-13,irrigation_stop,80,0.29004222987427
2017-04-14,irrigation_stop,80,0.287555152826474
2017-04-15,irrigation_stop,80,0.285501868922795
2017-04-16,irrigation_stop,80,0.283737271642849
2017-04-17,irrigation_stop,80,0.281764784258041
2017-04-18,irrigation_stop,80,0.279746623524104
2017-04-19,irrigation_stop,80,0.278247822622707
2017-04-20,irrigation_stop,80,0.277074516941567
2017-04-21,irrigation_stop,80,0.275548581958717
2017-04-22,irrigation_stop,80,0.272666150321048
2017-04-23,irrigation_stop,80,0.268978490752845
2017-04-24,irrigation_stop,80,0.265418274721082
2017-04-25,irrigation_stop,80,0.26202711428861
2017-04-26,irrigation_stop,80,0.260714537634625
2017-04-27,irrigation_stop,80,0.261678902916628
2017-04-28,irrigation_stop,80,0.262102998608092
2017-04-29,irrigation_stop,80,0.260908880266191
2017-04-30,irrigation_stop,80,0.259367079413917
2017-05-01,irrigation_stop,80,0.259257861082999
2017-05-02,irrigation_stop,80,0.25917909004435
2017-05-03,irrigation_stop,80,0.258367605881933
2017-05-04,irrigation_stop,80,0.257797515023094
2017-05-05,irrigation_stop,80,0.25667664684279
2017-05-06,irrigation_stop,80,0.25485879032011
2017-05-07,irrigation_stop,80,0.255456111078942
2017-05-08,irrigation_stop,80,0.254381169223635
2017-05-09,irrigation_stop,80,0.252424394009744
2017-05-10,irrigation_stop,80,0.249857706060021
2017-05-11,irrigation_stop,80,0.246367687425507
2017-05-12,irrigation_stop,80,0.242888676230747
2017-05-13,irrigation_stop,80,0.240446151909238
2017-05-14,irrigation_stop,80,0.237980084618927
2017-05-15,irrigation_stop,80,0.232971713634522
2017-05-16,irrigation_stop,80,0.226294699719085
2017-05-17,irrigation_stop,80,0.218829321726121
2017-05-18,irrigation_stop,80,0.212245158057195
2017-05-19,irrigation_stop,80,0.208007603101421
2017-05-20,irrigation_stop,80,0.208232005161358
2017-05-21,irrigation_stop,80,0.206754411291044
2017-05-22,irrigation_stop,80,0.203184116240215
2017-05-23,irrigation_stop,80,0.198515866439007
2017-05-24,irrigation_stop,80,0.192804363619143
2017-05-25,irrigation_stop,80,0.184594680049651
2017-05-26,irrigation_stop,80,0.176539147694909
2017-05-27,irrigation_stop,80,0.168532553318036
2017-05-28,irrigation_stop,80,0.161520598671983
2017-05-29,irrigation_stop,80,0.155631561962891
2017-05-30,irrigation_stop,80,0.152514815058183
2017-05-31,irrigation_stop,80,0.152352644171726
2017-06-01,irrigation_stop,80,0.150201997201033
2017-06-02,irrigation_stop,80,0.147096965151978
2017-06-03,irrigation_stop,80,0.143147404400081
2017-06-04,irrigation_stop,80,0.14008173362068
2017-06-05,irrigation_stop,80,0.142739066878044
2017-06-06,irrigation_stop,80,0.144953901195486
2017-06-07,irrigation_stop,80,0.145542145277332
2017-06-08,irrigation_stop,80,0.144060976636335
2017-06-09,irrigation_stop,80,0.142410853783596
2017-06-10,irrigation_stop,80,0.140184858214479
2017-06-11,irrigation_stop,80,0.137330664431621
2017-06-12,irrigation_stop,80,0.134506799415981
2017-06-13,irrigation_stop,80,0.131756142398763
2017-06-14,irrigation_stop,80,0.129466774496576
2017-06-15,irrigation_stop,80,0.128443523889691
2017-06-16,irrigation_stop,80,0.130347335084956
2017-06-17,irrigation_stop,80,0.131124579446345
2017-06-18,irrigation_stop,80,0.131062690835247
2017-06-19,irrigation_stop,80,0.130087228018906
2017-06-20,irrigation_stop,80,0.128538371947134
2017-06-21,irrigation_stop,80,0.126795467880411
2017-06-22,irrigation_stop,80,0.125135571631798
2017-06-23,irrigation_stop,80,0.123266406213077
2017-06-24,irrigation_stop,80,0.121626939250277
2017-06-25,irrigation_stop,80,0.12022625655459
2017-06-26,irrigation_stop,80,0.119381991101986
2017-06-27,irrigation_stop,80,0.118544058338758
2017-06-28,irrigation_stop,80,0.120108400813317
2017-06-29,irrigation_stop,80,0.120607776893338
2017-06-30,irrigation_stop,80,0.120394446281546
2017-07-01,irrigation_stop,80,0.119688906715497
2017-07-02,irrigation_stop,80,0.119071616959169
2017-07-03,irrigation_stop,80,0.118312921562656
2017-07-04,irrigation_stop,80,0.117342975615744
2017-07-05,irrigation_stop,80,0.116274298838828
2017-07-06,irrigation_stop,80,0.115179463563028
2017-07-07,irrigation_stop,80,0.114276295264049
2017-07-08,irrigation_stop,80,0.113390312367537
2017-07-09,irrigation_stop,80,0.112561004644586
2017-07-10,irrigation_stop,80,0.112215576982663
2017-07-11,irrigation_stop,80,0.111774596213161
2017-07-12,irrigation_stop,80,0.113126423149754
2017-07-13,irrigation_stop,80,0.113486897164913
2017-07-14,irrigation_stop,80,0.113447825113923
2017-07-15,irrigation_stop,80,0.112997548383469
2017-07-16,irrigation_stop,80,0.112460965344279
2017-07-17,irrigation_stop,80,0.111938103387133
2017-07-18,irrigation_stop,80,0.111247665344078
2017-07-19,irrigation_stop,80,0.110653504488769
2017-07-20,irrigation_stop,80,0.109951912060099
2017-07-21,irrigation_stop,80,0.109452749720773
2017-07-22,irrigation_stop,80,0.108934148152686
2017-07-23,irrigation_stop,80,0.108946657515383
2017-07-24,irrigation_stop,80,0.109608098315256
2017-07-25,irrigation_stop,80,0.110016696996841
2017-07-26,irrigation_stop,80,0.110510718907019
2017-07-27,irrigation_stop,80,0.110637549542372
2017-07-28,irrigation_stop,80,0.110541155631089
2017-07-29,irrigation_stop,80,0.110307507018345
2017-07-30,irrigation_stop,80,0.109956200917561
2017-07-31,irrigation_stop,80,0.109524149476448
2017-08-01,irrigation_stop,80,0.108966239628047
2017-08-02,irrigation_stop,80,0.108457571451843
2017-08-03,irrigation_stop,80,0.109885562579376
2017-08-04,irrigation_stop,80,0.110825748359313
2017-08-05,irrigation_stop,80,0.111505394165424
2017-08-06,irrigation_stop,80,0.111692490483359
2017-08-07,irrigation_stop,80,0.111339718605868
2017-08-08,irrigation_stop,80,0.109405025806597
2017-08-09,irrigation_stop,80,0.108448168566209
2017-08-10,irrigation_stop,80,0.109151861527443
2017-08-11,irrigation_stop,80,0.109637141344967
2017-08-12,irrigation_stop,80,0.11033506216946
2017-08-13,irrigation_stop,80,0.111715502693061
2017-08-14,irrigation_stop,80,0.113006545571246
2017-08-15,irrigation_stop,80,0.114190096451123
2017-08-16,irrigation_stop,80,0.115059076944979
2017-08-17,irrigation_stop,80,0.116059161861454
2017-08-18,irrigation_stop,80,0.116493896820878
2017-08-19,irrigation_stop,80,0.116164730957697
2017-08-20,irrigation_stop,80,0.117319787418898
2017-08-21,irrigation_stop,80,0.118219382430981
2017-08-22,irrigation_stop,80,0.119040569078984
2017-08-23,irrigation_stop,80,0.119604204024067
2017-08-24,irrigation_stop,80,0.120079452682687
2017-08-25,irrigation_stop,80,0.120222016348212
2017-08-26,irrigation_stop,80,0.120244648504632
2017-08-27,irrigation_stop,80,0.120269897209023
2017-08-28,irrigation_stop,80,0.120173745614832
2017-08-29,irrigation_stop,80,0.119587353057504
2017-08-30,irrigation_stop,80,0.119049736382345
2017-08-31,irrigation_stop,80,0.117764537155566
2017-09-01,irrigation_stop,80,0.117773502829735
2017-09-02,irrigation_stop,80,0.119208335479483
2017-09-03,irrigation_stop,80,0.119468203498595
2017-09-04,irrigation_stop,80,0.119350445005622
2017-09-05,irrigation_stop,80,0.118715426333863
2017-09-06,irrigation_stop,80,0.117989880374735
2017-09-07,irrigation_stop,80,0.11727457535571
2017-09-08,irrigation_stop,80,0.116473362920983
2017-09-09,irrigation_stop,80,0.11530640875351
2017-09-10,irrigation_stop,80,0.115075140506769
2017-09-11,irrigation_stop,80,0.116023880818685
2017-09-12,irrigation_stop,80,0.116105034832683
2017-09-13,irrigation_stop,80,0.115927509180092
2017-09-14,irrigation_stop,80,0.11561696691799
2017-09-15,irrigation_stop,80,0.115515817947857
2017-09-16,irrigation_stop,80,0.115003807373695
2017-09-17,irrigation_stop,80,0.114466474254091
2017-09-18,irrigation_stop,80,0.113795033687601
2017-09-19,irrigation_stop,80,0.114124643617778
2017-09-20,irrigation_stop,80,0.113871518496811
2017-09-21,irrigation_stop,80,0.113365382954463
2017-09-22,irrigation_stop,80,0.112904360587126
2017-09-23,irrigation_stop,80,0.112502021531641
2017-09-24,irrigation_stop,80,0.111930033234349
2017-09-25,irrigation_stop,80,0.111625729114987
2017-09-26,irrigation_stop,80,0.111402861776413
2017-09-27,irrigation_stop,80,0.110816568750587
2017-09-28,irrigation_stop,80,0.11058523921323
2017-09-29,irrigation_stop,80,0.110362276438843
2017-09-30,irrigation_stop,80,0.110062281919953
2017-10-01,irrigation_stop,80,0.109547517632907
2017-10-02,irrigation_stop,80,0.109599351842643
2017-10-03,irrigation_stop,80,0.108310912855977
2017-10-04,irrigation_stop,80,0.109057270838581
2017-10-05,irrigation_stop,80,0.109966164137159
2017-10-06,irrigation_stop,80,0.110624168451979
2017-10-07,irrigation_stop,80,0.111113929534931
2017-10-08,irrigation_stop,80,0.111323795087553
2017-10-09,irrigation_stop,80,0.111564305790706
2017-10-10,irrigation_stop,80,0.111617411523371
2017-10-11,irrigation_stop,80,0.111532830721674
2017-10-12,irrigation_stop,80,0.11136931636614
2017-10-13,irrigation_stop,80,0.111130568317776
2017-10-14,irrigation_stop,80,0.110954231036256
2017-10-15,irrigation_stop,80,0.110701424371217
2017-10-16,irrigation_stop,80,0.110445714778105
2017-10-17,irrigation_stop,80,0.110107936442148
2017-10-18,irrigation_stop,80,0.109740539813341
2017-10-19,irrigation_stop,80,0.109559138058217
2017-10-20,irrigation_stop,80,0.109438074574022
2017-10-21,irrigation_stop,80,0.109235753768508
2017-10-22,irrigation_stop,80,0.108862794462851
2017-10-23,irrigation_stop,80,0.108792632871132
2017-10-24,irrigation_stop,80,0.10872445157779
2017-10-25,irrigation_stop,80,0.108632726377426
2017-10-26,irrigation_stop,80,0.108484033418708
2017-10-27,irrigation_stop,80,0.108310294309501
2017-10-28,irrigation_stop,80,0.108168847150609
2017-10-29,irrigation_stop,80,0.108037117958295
2017-10-30,irrigation_stop,80,0.107878289306338
2017-10-31,irrigation_stop,80,0.107700069903775
2017-11-01,irrigation_stop,80,0.107564769376794
2017-11-02,irrigation_stop,80,0.107494862874328
2017-11-03,irrigation_stop,80,0.107444664000046
2017-11-04,irrigation_stop,80,0.107287112836734
2017-11-05,irrigation_stop,80,0.105550135818605
2017-11-06,irrigation_stop,80,0.106595564892422
2017-11-07,irrigation_stop,80,0.107282809606017
2017-11-08,irrigation_stop,80,0.107695396824871
2017-11-09,irrigation_stop,80,0.10809167176315
2017-11-10,irrigation_stop,80,0.108976258721036
2017-11-11,irrigation_stop,80,0.108889261546889
2017-11-12,irrigation_stop,80,0.107776003841499
2017-11-13,irrigation_stop,80,0.114010146793556
2017-11-14,irrigation_stop,80,0.120146359961902
2017-11-15,irrigation_stop,80,0.121316243390377
2017-11-16,irrigation_stop,80,0.121804588301791
2017-11-17,irrigation_stop,80,0.122186216792949
2017-11-18,irrigation_stop,80,0.122508459709335
2017-11-19,irrigation_stop,80,0.122635370759376
2017-11-20,irrigation_stop,80,0.122967380658005
2017-11-21,irrigation_stop,80,0.123298104162691
2017-11-22,irrigation_stop,80,0.123529202470827
2017-11-23,irrigation_stop,80,0.123738027900767
2017-11-24,irrigation_stop,80,0.123949435835143
2017-11-25,irrigation_stop,80,0.123568862157039
2017-11-26,irrigation_stop,80,0.123919433174613
2017-11-27,irrigation_stop,80,0.124339104999512
2017-11-28,irrigation_stop,80,0.124739962440386
2017-11-29,irrigation_stop,80,0.12463554076879
2017-11-30,irrigation_stop,80,0.125051575223169
2017-12-01,irrigation_stop,80,0.125604920063157
2017-12-02,irrigation_stop,80,0.126007004516366
2017-12-03,irrigation_stop,80,0.126338080677967
2017-12-04,irrigation_stop,80,0.126720660338289
2017-12-05,irrigation_stop,80,0.126991723529229
2017-12-06,irrigation_stop,80,0.127291217722984
2017-12-07,irrigation_stop,80,0.1275539960845
2017-12-08,irrigation_stop,80,0.126523506211426
2017-12-09,irrigation_stop,80,0.126547321743435
2017-12-10,irrigation_stop,80,0.126799039590417
2017-12-11,irrigation_stop,80,0.126569021822312
2017-12-12,irrigation_stop,80,0.127190218918712
2017-12-13,irrigation_stop,80,0.128271935397725
2017-12-14,irrigation_stop,80,0.129642311370366
2017-12-15,irrigation_stop,80,0.132001701527626
2017-12-16,irrigation_stop,80,0.136072282393983
2017-12-17,irrigation_stop,80,0.148406011128393
2017-12-18,irrigation_stop,80,0.157706260211257
2017-12-19,irrigation_stop,80,0.162136061454728
2017-12-20,irrigation_stop,80,0.164652895125234
2017-12-21,irrigation_stop,80,0.169455627864127
2017-12-22,irrigation_stop,80,0.18059210914363
2017-12-23,irrigation_stop,80,0.189627969703547
2017-12-24,irrigation_stop,80,0.198411500910385
2017-12-25,irrigation_stop,80,0.215028126299922
2017-12-26,irrigation_stop,80,0.234548533046802
2017-12-27,irrigation_stop,80,0.246939071078305
2017-12-28,irrigation_stop,80,0.25544370941345
2017-12-29,irrigation_stop,80,0.26248146603099
2017-12-30,irrigation_stop,80,0.286085762627368
2017-12-31,irrigation_stop,80,0.341712622080793
2018-01-01,irrigation_stop,80,0.344974399415714
2018-01-02,irrigation_stop,80,0.350796095025885
2018-01-03,irrigation_stop,80,0.362638502876623
2018-01-04,irrigation_stop,80,0.418605939354633
2018-01-05,irrigation_stop,80,0.428979116954569
2018-01-06,irrigation_stop,80,0.403006172974014
2018-01-07,irrigation_stop,80,0.393755907708026
2018-01-08,irrigation_stop,80,0.393070095719306
2018-01-09,irrigation_stop,80,0.417882636660606
2018-01-10,irrigation_stop,80,0.415708425840134
2018-01-11,irrigation_stop,80,0.400835817096324
2018-01-12,irrigation_stop,80,0.392054365535034
2018-01-13,irrigation_stop,80,0.38315666809960103
2018-01-14,irrigation_stop,80,0.376487574329707
2018-01-15,irrigation_stop,80,0.371185253440569
2018-01-16,irrigation_stop,80,0.367870732943088
2018-01-17,irrigation_stop,80,0.368609869730199
2018-01-18,irrigation_stop,80,0.372796615125742
2018-01-19,irrigation_stop,80,0.385594322455882
2018-01-20,irrigation_stop,80,0.387468443683264
2018-01-21,irrigation_stop,80,0.399464211241909
2018-01-22,irrigation_stop,80,0.418253195950076
2018-01-23,irrigation_stop,80,0.419968117357067
2018-01-24,irrigation_stop,80,0.411972443925297
2018-01-25,irrigation_stop,80,0.398152629335743
2018-01-26,irrigation_stop,80,0.387567366012763
2018-01-27,irrigation_stop,80,0.380489542844997
2018-01-28,irrigation_stop,80,0.374962398809187
2018-01-29,irrigation_stop,80,0.370880049894689
2018-01-30,irrigation_stop,80,0.367647952583453
2018-01-31,irrigation_stop,80,0.364477673828102
2018-02-01,irrigation_stop,80,0.361936096314027
2018-02-02,irrigation_stop,80,0.360863442369831
2018-02-03,irrigation_stop,80,0.359974465420573
2018-02-04,irrigation_stop,80,0.358204985804782
2018-02-05,irrigation_stop,80,0.356394969683198
2018-02-06,irrigation_stop,80,0.354620701438204
2018-02-07,irrigation_stop,80,0.352905341134508
2018-02-08,irrigation_stop,80,0.351309728120738
2018-02-09,irrigation_stop,80,0.349796091834461
2018-02-10,irrigation_stop,80,0.348410034551057
2018-02-11,irrigation_stop,80,0.347083150686802
2018-02-12,irrigation_stop,80,0.345737949580747
2018-02-13,irrigation_stop,80,0.344419975601121
2018-02-14,irrigation_stop,80,0.343381577641454
2018-02-15,irrigation_stop,80,0.342517095544342
2018-02-16,irrigation_stop,80,0.342017576497943
2018-02-17,irrigation_stop,80,0.343255701948732
2018-02-18,irrigation_stop,80,0.349461788706598
2018-02-19,irrigation_stop,80,0.35663980998046
2018-02-20,irrigation_stop,80,0.359102254113925
2018-02-21,irrigation_stop,80,0.358931888707233
2018-02-22,irrigation_stop,80,0.357843687659816
2018-02-23,irrigation_stop,80,0.356348934190088
2018-02-24,irrigation_stop,80,0.354808539069825
2018-02-25,irrigation_stop,80,0.353240224379753
2018-02-26,irrigation_stop,80,0.351551877298369
2018-02-27,irrigation_stop,80,0.349826954269301
2018-02-28,irrigation_stop,80,0.34820608141923
2018-03-01,irrigation_stop,80,0.34670910520894
2018-03-02,irrigation_stop,80,0.345297255721453
2018-03-03,irrigation_stop,80,0.344085878461816
2018-03-04,irrigation_stop,80,0.343009476678636
2018-03-05,irrigation_stop,80,0.34217428228519
2018-03-06,irrigation_stop,80,0.341643490444889
2018-03-07,irrigation_stop,80,0.340978995693647
2018-03-08,irrigation_stop,80,0.340147658937476
2018-03-09,irrigation_stop,80,0.339177220497199
2018-03-10,irrigation_stop,80,0.338117122681545
2018-03-11,irrigation_stop,80,0.337065343687392
2018-03-12,irrigation_stop,80,0.336124786626301
2018-03-13,irrigation_stop,80,0.335216397942377
2018-03-14,irrigation_stop,80,0.334055156453345
2018-03-15,irrigation_stop,80,0.332900517825964
2018-03-16,irrigation_stop,80,0.331831581067286
2018-03-17,irrigation_stop,80,0.330980545855703
2018-03-18,irrigation_stop,80,0.330450081249366
2018-03-19,irrigation_stop,80,0.329551734038862
2018-03-20,irrigation_stop,80,0.328786087036133
2018-03-21,irrigation_stop,80,0.328048197428385
2018-03-22,irrigation_stop,80,0.327456284740515
2018-03-23,irrigation_stop,80,0.326658601760864
2018-03-24,irrigation_stop,80,0.325644938151042
2018-03-25,irrigation_stop,80,0.324646250406901
2018-03-26,irrigation_stop,80,0.323671817779541
2018-03-27,irrigation_stop,80,0.322692992059808
2018-03-28,irrigation_stop,80,0.322019799550374
2018-03-29,irrigation_stop,80,0.321340219430756
2018-03-30,irrigation_stop,80,0.320414042891118
2018-03-31,irrigation_stop,80,0.320522330100076
2018-04-01,irrigation_stop,80,0.320290231704712
2018-04-02,irrigation_stop,80,0.32011253444861
2018-04-03,irrigation_stop,80,0.319688086475886
2018-04-04,irrigation_stop,80,0.319018729527791
2018-04-05,irrigation_stop,80,0.318651008605957
2018-04-06,irrigation_stop,80,0.317655102411906
2018-04-07,irrigation_stop,80,0.316652631759644
2018-04-08,irrigation_stop,80,0.315602874755859
2018-04-09,irrigation_stop,80,0.314545580044127
2018-04-10,irrigation_stop,80,0.313584582010905
2018-04-11,irrigation_stop,80,0.312460424366973
2018-04-12,irrigation_stop,80,0.311072676196922
2018-04-13,irrigation_stop,80,0.309883423353496
2018-04-14,irrigation_stop,80,0.308481661478678
2018-04-15,irrigation_stop,80,0.307086255592212
2018-04-16,irrigation_stop,80,0.305795095176028
2018-04-17,irrigation_stop,80,0.304145002365112
2018-04-18,irrigation_stop,80,0.302145698792279
2018-04-19,irrigation_stop,80,0.299942805139642
2018-04-20,irrigation_stop,80,0.297573682216176
2018-04-21,irrigation_stop,80,0.294994206177561
2018-04-22,irrigation_stop,80,0.292310318361249
2018-04-23,irrigation_stop,80,0.289807868422123
2018-04-24,irrigation_stop,80,0.287612789124862
2018-04-25,irrigation_stop,80,0.284556364025274
2018-04-26,irrigation_stop,80,0.281673806102563
2018-04-27,irrigation_stop,80,0.27866141720822
2018-04-28,irrigation_stop,80,0.275235230295282
2018-04-29,irrigation_stop,80,0.271459234471907
2018-04-30,irrigation_stop,80,0.269012765717088
2018-05-01,irrigation_stop,80,0.268042193295663
2018-05-02,irrigation_stop,80,0.267403706183581
2018-05-03,irrigation_stop,80,0.266633019029048
2018-05-04,irrigation_stop,80,0.267431528861063
2018-05-05,irrigation_stop,80,0.265397091413799
2018-05-06,irrigation_stop,80,0.262897473138684
2018-05-07,irrigation_stop,80,0.261142683029175
2018-05-08,irrigation_stop,80,0.260865289872153
2018-05-09,irrigation_stop,80,0.259530888491797
2018-05-10,irrigation_stop,80,0.259260144132249
2018-05-11,irrigation_stop,80,0.257178248529849
2018-05-12,irrigation_stop,80,0.252424343901071
2018-05-13,irrigation_stop,80,0.247822151130676
2018-05-14,irrigation_stop,80,0.245062563416672
2018-05-15,irrigation_stop,80,0.245576990529111
2018-05-16,irrigation_stop,80,0.246780363793029
2018-05-17,irrigation_stop,80,0.245509502592986
2018-05-18,irrigation_stop,80,0.242862827055117
2018-05-19,irrigation_stop,80,0.240648557317187
2018-05-20,irrigation_stop,80,0.239268401490812
2018-05-21,irrigation_stop,80,0.236374558231287
2018-05-22,irrigation_stop,80,0.230929032710561
2018-05-23,irrigation_stop,80,0.227223890200619
2018-05-24,irrigation_stop,80,0.223256024908512
2018-05-25,irrigation_stop,80,0.215569321314494
2018-05-26,irrigation_stop,80,0.207956290634856
2018-05-27,irrigation_stop,80,0.202799527886633
2018-05-28,irrigation_stop,80,0.198652389258669
2018-05-29,irrigation_stop,80,0.195366477966309
2018-05-30,irrigation_stop,80,0.190678119659424
2018-05-31,irrigation_stop,80,0.186619598983873
2018-06-01,irrigation_stop,80,0.182317273156685
2018-06-02,irrigation_stop,80,0.176337179384734
2018-06-03,irrigation_stop,80,0.171118920996546
2018-06-04,irrigation_stop,80,0.167064703556529
2018-06-05,irrigation_stop,80,0.163122164502933
2018-06-06,irrigation_stop,80,0.160165961583455
2018-06-07,irrigation_stop,80,0.157605600357056
2018-06-08,irrigation_stop,80,0.154575059957672
2018-06-09,irrigation_stop,80,0.151747706229227
2018-06-10,irrigation_stop,80,0.148168464961805
2018-06-11,irrigation_stop,80,0.145357464405528
2018-06-12,irrigation_stop,80,0.145406488786664
2018-06-13,irrigation_stop,80,0.14557136853536
2018-06-14,irrigation_stop,80,0.147247892114911
2018-06-15,irrigation_stop,80,0.147485653559367
2018-06-16,irrigation_stop,80,0.146798962758771
2018-06-17,irrigation_stop,80,0.145079452280413
2018-06-18,irrigation_stop,80,0.142613587630423
2018-06-19,irrigation_stop,80,0.139760950490048
2018-06-20,irrigation_stop,80,0.13672346198412
2018-06-21,irrigation_stop,80,0.133854228739153
2018-06-22,irrigation_stop,80,0.130882214147148
2018-06-23,irrigation_stop,80,0.12849613290084
2018-06-24,irrigation_stop,80,0.126807325597395
2018-06-25,irrigation_stop,80,0.12527671158247
2018-06-26,irrigation_stop,80,0.123670114016702
2018-06-27,irrigation_stop,80,0.122207003643638
2018-06-28,irrigation_stop,80,0.120730110836278
2018-06-29,irrigation_stop,80,0.119517564438937
2018-06-30,irrigation_stop,80,0.118203267381902
2018-07-01,irrigation_stop,80,0.117219607035319
2018-07-02,irrigation_stop,80,0.116246599508515
2018-07-03,irrigation_stop,80,0.115305202551055
2018-07-04,irrigation_stop,80,0.114334353135368
2018-07-05,irrigation_stop,80,0.113975285131035
2018-07-06,irrigation_stop,80,0.113792299378848
2018-07-07,irrigation_stop,80,0.113392416636149
2018-07-08,irrigation_stop,80,0.112726958592733
2018-07-09,irrigation_stop,80,0.112155071894328
2018-07-10,irrigation_stop,80,0.111668965858326
2018-07-11,irrigation_stop,80,0.111208925855921
2018-07-12,irrigation_stop,80,0.110650284691051
2018-07-13,irrigation_stop,80,0.110086170163071
2018-07-14,irrigation_stop,80,0.109319635104108
2018-07-15,irrigation_stop,80,0.109071405426204
2018-07-16,irrigation_stop,80,0.10981882340162
2018-07-17,irrigation_stop,80,0.109893560409546
2018-07-18,irrigation_stop,80,0.109707915931551
2018-07-19,irrigation_stop,80,0.109382472735399
2018-07-20,irrigation_stop,80,0.108863634082442
2018-07-21,irrigation_stop,80,0.108104348899207
2018-07-22,irrigation_stop,80,0.109590705235799
2018-07-23,irrigation_stop,80,0.110210567163237
2018-07-24,irrigation_stop,80,0.110524716962848
2018-07-25,irrigation_stop,80,0.110282884898939
2018-07-26,irrigation_stop,80,0.109853860207928
2018-07-27,irrigation_stop,80,0.109365288416545
2018-07-28,irrigation_stop,80,0.109165105819702
2018-07-29,irrigation_stop,80,0.108950636010421
2018-07-30,irrigation_stop,80,0.108635152063516
2018-07-31,irrigation_stop,80,0.108323411317987
2018-08-01,irrigation_stop,80,0.108118221917318
2018-08-02,irrigation_stop,80,0.107730203093144
2018-08-03,irrigation_stop,80,0.107500880491649
2018-08-04,irrigation_stop,80,0.107335000904962
2018-08-05,irrigation_stop,80,0.107088304486191
2018-08-06,irrigation_stop,80,0.106553909444862
2018-08-07,irrigation_stop,80,0.106608428001048
2018-08-08,irrigation_stop,80,0.106991739607694
2018-08-09,irrigation_stop,80,0.106570851844654
2018-08-10,irrigation_stop,80,0.10693662387482
2018-08-11,irrigation_stop,80,0.107595001044848
2018-08-12,irrigation_stop,80,0.107773129145304
2018-08-13,irrigation_stop,80,0.107898562414604
2018-08-14,irrigation_stop,80,0.10778915087382
2018-08-15,irrigation_stop,80,0.107721169789632
2018-08-16,irrigation_stop,80,0.107518116633097
2018-08-17,irrigation_stop,80,0.107383624543535
2018-08-18,irrigation_stop,80,0.107004499602736
2018-08-19,irrigation_stop,80,0.106717513666304
2018-08-20,irrigation_stop,80,0.106688975910501
2018-08-21,irrigation_stop,80,0.106653375458299
2018-08-22,irrigation_stop,80,0.106422989326611
2018-08-23,irrigation_stop,80,0.106160020202179
2018-08-24,irrigation_stop,80,0.105840277420847
2018-08-25,irrigation_stop,80,0.106617408551668
2018-08-26,irrigation_stop,80,0.106797088489198
2018-08-27,irrigation_stop,80,0.106872572594501
2018-08-28,irrigation_stop,80,0.1069932332387
2018-08-29,irrigation_stop,80,0.107068951924642
2018-08-30,irrigation_stop,80,0.106904006589923
2018-08-31,irrigation_stop,80,0.107080168305782
2018-09-01,irrigation_stop,80,0.107098758305218
2018-09-02,irrigation_stop,80,0.106996176033689
2018-09-03,irrigation_stop,80,0.106757525723063
2018-09-04,irrigation_stop,80,0.106576043303295
2018-09-05,irrigation_stop,80,0.106459913086473
2018-09-06,irrigation_stop,80,0.106360621967758
2018-09-07,irrigation_stop,80,0.106089273586608
2018-09-08,irrigation_stop,80,0.106084869604762
2018-09-09,irrigation_stop,80,0.105910744992776
2018-09-10,irrigation_stop,80,0.105646426965159
2018-09-11,irrigation_stop,80,0.105264788175884
2018-09-12,irrigation_stop,80,0.105095426424887
2018-09-13,irrigation_stop,80,0.104948298136393
2018-09-14,irrigation_stop,80,0.104828691482544
2018-09-15,irrigation_stop,80,0.10532223106632
2018-09-16,irrigation_stop,80,0.105535733407004
2018-09-17,irrigation_stop,80,0.105558600003882
2018-09-18,irrigation_stop,80,0.105393902460734
2018-09-19,irrigation_stop,80,0.105040283406034
2018-09-20,irrigation_stop,80,0.105952741054066
2018-09-21,irrigation_stop,80,0.106385330066346
2018-09-22,irrigation_stop,80,0.10675741285742
2018-09-23,irrigation_stop,80,0.106884421257153
2018-09-24,irrigation_stop,80,0.106308472541071
2018-09-25,irrigation_stop,80,0.106776463055442
2018-09-26,irrigation_stop,80,0.106725971461143
2018-09-27,irrigation_stop,80,0.106687879562378
2018-09-28,irrigation_stop,80,0.10659512335794
2018-09-29,irrigation_stop,80,0.106646865148427
2018-09-30,irrigation_stop,80,0.105862830814562
2018-10-01,irrigation_stop,80,0.104336604764385
2018-10-02,irrigation_stop,80,0.105671728368391
2018-10-03,irrigation_stop,80,0.106321038044842
2018-10-04,irrigation_stop,80,0.10702444712321
2018-10-05,irrigation_stop,80,0.107782772334043
2018-10-06,irrigation_stop,80,0.108349833972212
2018-10-07,irrigation_stop,80,0.108734471505148
2018-10-08,irrigation_stop,80,0.108961309413048
2018-10-09,irrigation_stop,80,0.109205467459321
2018-10-10,irrigation_stop,80,0.109191893598579
2018-10-11,irrigation_stop,80,0.108875523508876
2018-10-12,irrigation_stop,80,0.108810060568023
2018-10-13,irrigation_stop,80,0.108748541202239
2018-10-14,irrigation_stop,80,0.108425542597185
2018-10-15,irrigation_stop,80,0.108081115852234
2018-10-16,irrigation_stop,80,0.107917269656533
2018-10-17,irrigation_stop,80,0.107578996709587
2018-10-18,irrigation_stop,80,0.107368738609448
2018-10-19,irrigation_stop,80,0.10719245762223201
2018-10-20,irrigation_stop,80,0.10694357853659
2018-10-21,irrigation_stop,80,0.106710188179685
2018-10-22,irrigation_stop,80,0.106604934324298
2018-10-23,irrigation_stop,80,0.106477431581731
2018-10-24,irrigation_stop,80,0.106152325626984
2018-10-25,irrigation_stop,80,0.106130571699979
2018-10-26,irrigation_stop,80,0.106006979524044
2018-10-27,irrigation_stop,80,0.105087391838025
2018-10-28,irrigation_stop,80,0.104565907026592
2018-10-29,irrigation_stop,80,0.104220566239543
2018-10-30,irrigation_stop,80,0.103061018157424
2018-10-31,irrigation_stop,80,0.110294103622437
2018-11-01,irrigation_stop,80,0.123523176929407
2018-11-02,irrigation_stop,80,0.131048917770386
2018-11-03,irrigation_stop,80,0.136823737830446
2018-11-04,irrigation_stop,80,0.140012891050698
2018-11-05,irrigation_stop,80,0.141621567408244
2018-11-06,irrigation_stop,80,0.142682554847316
2018-11-07,irrigation_stop,80,0.143812542296293
2018-11-08,irrigation_stop,80,0.144704374834511
2018-11-09,irrigation_stop,80,0.145365748381169
2018-11-10,irrigation_stop,80,0.145869150161743
2018-11-11,irrigation_stop,80,0.146458968781588
2018-11-12,irrigation_stop,80,0.147533941268921
2018-11-13,irrigation_stop,80,0.149017953872681
2018-11-14,irrigation_stop,80,0.150814278920492
2018-11-15,irrigation_stop,80,0.153098052175421
2018-11-16,irrigation_stop,80,0.155358107884725
2018-11-17,irrigation_stop,80,0.15741337086292
2018-11-18,irrigation_stop,80,0.15927316212485
2018-11-19,irrigation_stop,80,0.160878962740697
2018-11-20,irrigation_stop,80,0.162815777460734
2018-11-21,irrigation_stop,80,0.1643565571099
2018-11-22,irrigation_stop,80,0.165660694189239
2018-11-23,irrigation_stop,80,0.16678323335545
2018-11-24,irrigation_stop,80,0.16767547573959601
2018-11-25,irrigation_stop,80,0.16880586096581
2018-11-26,irrigation_stop,80,0.169852097829183
2018-11-27,irrigation_stop,80,0.17087148030599
2018-11-28,irrigation_stop,80,0.171727062636856
2018-11-29,irrigation_stop,80,0.172532925354807
2018-11-30,irrigation_stop,80,0.173210356759687
2018-12-01,irrigation_stop,80,0.173828594658964
2018-12-02,irrigation_stop,80,0.173351817214698
2018-12-03,irrigation_stop,80,0.1732477194874
2018-12-04,irrigation_stop,80,0.181386355684515
2018-12-05,irrigation_stop,80,0.202841861450036
2018-12-06,irrigation_stop,80,0.22406043903802
2018-12-07,irrigation_stop,80,0.247455473650895
2018-12-08,irrigation_stop,80,0.261683620151721
2018-12-09,irrigation_stop,80,0.279224427541097
2018-12-10,irrigation_stop,80,0.28596409500068
2018-12-11,irrigation_stop,80,0.289319650750411
2018-12-12,irrigation_stop,80,0.291678873697917
2018-12-13,irrigation_stop,80,0.293209527732277
2018-12-14,irrigation_stop,80,0.294229430985033
2018-12-15,irrigation_stop,80,0.294877544362105
2018-12-16,irrigation_stop,80,0.295095531898632
2018-12-17,irrigation_stop,80,0.295458889007568
2018-12-18,irrigation_stop,80,0.295508388887372
2018-12-19,irrigation_stop,80,0.296494972496702
2018-12-20,irrigation_stop,80,0.298109733229833
2018-12-21,irrigation_stop,80,0.30050873405055
2018-12-22,irrigation_stop,80,0.32321560842949
2018-12-23,irrigation_stop,80,0.346391032820526
2018-12-24,irrigation_stop,80,0.379516553878784
2018-12-25,irrigation_stop,80,0.387085485458374
2018-12-26,irrigation_stop,80,0.375289409718615
2018-12-27,irrigation_stop,80,0.365215782965383
2018-12-28,irrigation_stop,80,0.358615163167318
2018-12-29,irrigation_stop,80,0.35389289740975
2018-12-30,irrigation_stop,80,0.350228979328578
2018-12-31,irrigation_stop,80,0.347118287052669
2019-01-01,irrigation_stop,80,0.34431194188302
2019-01-02,irrigation_stop,80,0.341837120056152
2019-01-03,irrigation_stop,80,0.339588828989266
2019-01-04,irrigation_stop,80,0.337727737594069
2019-01-05,irrigation_stop,80,0.336124337695792
2019-01-06,irrigation_stop,80,0.334599778526708
2019-01-07,irrigation_stop,80,0.333236310691164
2019-01-08,irrigation_stop,80,0.332005437884414
2019-01-09,irrigation_stop,80,0.33084126851892
2019-01-10,irrigation_stop,80,0.329827238443741
2019-01-11,irrigation_stop,80,0.328857138436633
2019-01-12,irrigation_stop,80,0.328047411268262
2019-01-13,irrigation_stop,80,0.328258808202911
2019-01-14,irrigation_stop,80,0.353158784711952
2019-01-15,irrigation_stop,80,0.365643079311383
2019-01-16,irrigation_stop,80,0.363523492676919
2019-01-17,irrigation_stop,80,0.359988009804174
2019-01-18,irrigation_stop,80,0.356758594829993
2019-01-19,irrigation_stop,80,0.353765386814577
2019-01-20,irrigation_stop,80,0.351019095221132
2019-01-21,irrigation_stop,80,0.348583112181279
2019-01-22,irrigation_stop,80,0.346323240794243
2019-01-23,irrigation_stop,80,0.344175109528659
2019-01-24,irrigation_stop,80,0.342316228543929
2019-01-25,irrigation_stop,80,0.340789410652432
2019-01-26,irrigation_stop,80,0.339329227149909
2019-01-27,irrigation_stop,80,0.337843440708361
2019-01-28,irrigation_stop,80,0.336557960510254
2019-01-29,irrigation_stop,80,0.335641300971048
2019-01-30,irrigation_stop,80,0.335084508427402
2019-01-31,irrigation_stop,80,0.334642071046597
2019-02-01,irrigation_stop,80,0.334141678893775
2019-02-02,irrigation_stop,80,0.333635710833365
2019-02-03,irrigation_stop,80,0.333417787217257
2019-02-04,irrigation_stop,80,0.333379508901684
2019-02-05,irrigation_stop,80,0.333249961462275
2019-02-06,irrigation_stop,80,0.332946205221036
2019-02-07,irrigation_stop,80,0.332451995473693
2019-02-08,irrigation_stop,80,0.331921561559041
2019-02-09,irrigation_stop,80,0.331315950761762
2019-02-10,irrigation_stop,80,0.330930947922824
2019-02-11,irrigation_stop,80,0.331488415065565
2019-02-12,irrigation_stop,80,0.333642322138736
2019-02-13,irrigation_stop,80,0.335541523630935
2019-02-14,irrigation_stop,80,0.336142543324253
2019-02-15,irrigation_stop,80,0.335941213918916
2019-02-16,irrigation_stop,80,0.335360670089722
2019-02-17,irrigation_stop,80,0.334631799731338
2019-02-18,irrigation_stop,80,0.333840272019896
2019-02-19,irrigation_stop,80,0.333027455513937
2019-02-20,irrigation_stop,80,0.332264804840088
2019-02-21,irrigation_stop,80,0.331467493373363
2019-02-22,irrigation_stop,80,0.330628697077433
2019-02-23,irrigation_stop,80,0.32977026086832
2019-02-24,irrigation_stop,80,0.328996668839854
2019-02-25,irrigation_stop,80,0.32828693728075
2019-02-26,irrigation_stop,80,0.327447774281205
2019-02-27,irrigation_stop,80,0.326436310818321
2019-02-28,irrigation_stop,80,0.32545347368597
2019-03-01,irrigation_stop,80,0.324526188837232
2019-03-02,irrigation_stop,80,0.323814590353715
2019-03-03,irrigation_stop,80,0.323010810216268
2019-03-04,irrigation_stop,80,0.322127107653702
2019-03-05,irrigation_stop,80,0.321284685636822
2019-03-06,irrigation_stop,80,0.320365307791191
2019-03-07,irrigation_stop,80,0.319565610682711
2019-03-08,irrigation_stop,80,0.318847052256266
2019-03-09,irrigation_stop,80,0.318189306426467
2019-03-10,irrigation_stop,80,0.317918605822242
2019-03-11,irrigation_stop,80,0.317292781796372
2019-03-12,irrigation_stop,80,0.317054065068563
2019-03-13,irrigation_stop,80,0.316847058011774
2019-03-14,irrigation_stop,80,0.317214912049314
2019-03-15,irrigation_stop,80,0.319541768693087
2019-03-16,irrigation_stop,80,0.327452921563006
2019-03-17,irrigation_stop,80,0.330614371216088
2019-03-18,irrigation_stop,80,0.33108113757351
2019-03-19,irrigation_stop,80,0.330507090074796
2019-03-20,irrigation_stop,80,0.329538234576844
2019-03-21,irrigation_stop,80,0.328362020194953
2019-03-22,irrigation_stop,80,0.327012044839692
2019-03-23,irrigation_stop,80,0.325507025969656
2019-03-24,irrigation_stop,80,0.323990289453875
2019-03-25,irrigation_stop,80,0.32260821041308
2019-03-26,irrigation_stop,80,0.321400626500448
2019-03-27,irrigation_stop,80,0.320192098617554
2019-03-28,irrigation_stop,80,0.319066487864444
2019-03-29,irrigation_stop,80,0.317761357625326
2019-03-30,irrigation_stop,80,0.316333671703673
2019-03-31,irrigation_stop,80,0.314855256164283
2019-04-01,irrigation_stop,80,0.313389950802452
2019-04-02,irrigation_stop,80,0.312068371678431
2019-04-03,irrigation_stop,80,0.310762254982664
2019-04-04,irrigation_stop,80,0.309932094038579
2019-04-05,irrigation_stop,80,0.312360300599483
2019-04-06,irrigation_stop,80,0.31379495745321
2019-04-07,irrigation_stop,80,0.314557281293367
2019-04-08,irrigation_stop,80,0.314585383733114
2019-04-09,irrigation_stop,80,0.313634093602498
2019-04-10,irrigation_stop,80,0.312590316214994
2019-04-11,irrigation_stop,80,0.311810716662491
2019-04-12,irrigation_stop,80,0.310815194615147
2019-04-13,irrigation_stop,80,0.309615003184268
2019-04-14,irrigation_stop,80,0.308464567822367
2019-04-15,irrigation_stop,80,0.307489887204087
2019-04-16,irrigation_stop,80,0.306310900834387
2019-04-17,irrigation_stop,80,0.305075820287069
2019-04-18,irrigation_stop,80,0.30339563637449
2019-04-19,irrigation_stop,80,0.301517753935697
2019-04-20,irrigation_stop,80,0.299453410358294
2019-04-21,irrigation_stop,80,0.297210526973643
2019-04-22,irrigation_stop,80,0.294656538275183
2019-04-23,irrigation_stop,80,0.292350557728818
2019-04-24,irrigation_stop,80,0.290473809140794
2019-04-25,irrigation_stop,80,0.288532014144094
2019-04-26,irrigation_stop,80,0.287439346313477
2019-04-27,irrigation_stop,80,0.287888065973918
2019-04-28,irrigation_stop,80,0.287372811635335
2019-04-29,irrigation_stop,80,0.286337072472823
2019-04-30,irrigation_stop,80,0.284961986541748
2019-05-01,irrigation_stop,80,0.283413998285929
2019-05-02,irrigation_stop,80,0.281814382093173
2019-05-03,irrigation_stop,80,0.280931742986043
2019-05-04,irrigation_stop,80,0.279284589834381
2019-05-05,irrigation_stop,80,0.277786143620809
2019-05-06,irrigation_stop,80,0.276124556859334
2019-05-07,irrigation_stop,80,0.274035056432088
2019-05-08,irrigation_stop,80,0.272811588666118
2019-05-09,irrigation_stop,80,0.273366423322443
2019-05-10,irrigation_stop,80,0.273385175069173
2019-05-11,irrigation_stop,80,0.272722408619333
2019-05-12,irrigation_stop,80,0.272016884418244
2019-05-13,irrigation_stop,80,0.270379708341005
2019-05-14,irrigation_stop,80,0.269136020593476
2019-05-15,irrigation_stop,80,0.267423172499004
2019-05-16,irrigation_stop,80,0.265760389963786
2019-05-17,irrigation_stop,80,0.263771832886563
2019-05-18,irrigation_stop,80,0.262160358758181
2019-05-19,irrigation_stop,80,0.260398039581082
2019-05-20,irrigation_stop,80,0.259605302141424
2019-05-21,irrigation_stop,80,0.258539364128782
2019-05-22,irrigation_stop,80,0.255016294947842
2019-05-23,irrigation_stop,80,0.250531040419433
2019-05-24,irrigation_stop,80,0.245851318125139
2019-05-25,irrigation_stop,80,0.241942892409208
2019-05-26,irrigation_stop,80,0.239531761637905
2019-05-27,irrigation_stop,80,0.23597596061115
2019-05-28,irrigation_stop,80,0.233248147761568
2019-05-29,irrigation_stop,80,0.230889663628653
2019-05-30,irrigation_stop,80,0.226055414969461
2019-05-31,irrigation_stop,80,0.220521047249709
2019-06-01,irrigation_stop,80,0.214310093848936
2019-06-02,irrigation_stop,80,0.20763803451292
2019-06-03,irrigation_stop,80,0.200792058308919
2019-06-04,irrigation_stop,80,0.194380757515891
2019-06-05,irrigation_stop,80,0.187969664021542
2019-06-06,irrigation_stop,80,0.184611339505015
2019-06-07,irrigation_stop,80,0.181340481301393
2019-06-08,irrigation_stop,80,0.176531810112497
2019-06-09,irrigation_stop,80,0.17380155111614
2019-06-10,irrigation_stop,80,0.172976012815509
2019-06-11,irrigation_stop,80,0.172917987923873
2019-06-12,irrigation_stop,80,0.177036321706939
2019-06-13,irrigation_stop,80,0.178368201674077
2019-06-14,irrigation_stop,80,0.178013722101847
2019-06-15,irrigation_stop,80,0.176739663241202
2019-06-16,irrigation_stop,80,0.175739605217649
2019-06-17,irrigation_stop,80,0.17435455372459
2019-06-18,irrigation_stop,80,0.171371936798096
2019-06-19,irrigation_stop,80,0.168061653021869
2019-06-20,irrigation_stop,80,0.165320384586956
2019-06-21,irrigation_stop,80,0.16331969595792
2019-06-22,irrigation_stop,80,0.160865968235752
2019-06-23,irrigation_stop,80,0.161857564092439
2019-06-24,irrigation_stop,80,0.160686929764286
2019-06-25,irrigation_stop,80,0.15855880653649
2019-06-26,irrigation_stop,80,0.155423669612154
2019-06-27,irrigation_stop,80,0.151547283238453
2019-06-28,irrigation_stop,80,0.147331146942942
2019-06-29,irrigation_stop,80,0.143041138230709
2019-06-30,irrigation_stop,80,0.138917520994781
2019-07-01,irrigation_stop,80,0.134988753335518
2019-07-02,irrigation_stop,80,0.135934766133626
2019-07-03,irrigation_stop,80,0.140902618107043
2019-07-04,irrigation_stop,80,0.141957116043359
2019-07-05,irrigation_stop,80,0.141642159908318
2019-07-06,irrigation_stop,80,0.141049385747166
2019-07-07,irrigation_stop,80,0.140214366578219
2019-07-08,irrigation_stop,80,0.139497045215807
2019-07-09,irrigation_stop,80,0.138651741650088
2019-07-10,irrigation_stop,80,0.137072349924256
2019-07-11,irrigation_stop,80,0.135643704732259
2019-07-12,irrigation_stop,80,0.134254878230307
2019-07-13,irrigation_stop,80,0.132009000340341
2019-07-14,irrigation_stop,80,0.129758982407419
2019-07-15,irrigation_stop,80,0.127404975891113
2019-07-16,irrigation_stop,80,0.128557970223435
2019-07-17,irrigation_stop,80,0.128999547791063
2019-07-18,irrigation_stop,80,0.128877494544314
2019-07-19,irrigation_stop,80,0.128064737569133
2019-07-20,irrigation_stop,80,0.127110923149106
2019-07-21,irrigation_stop,80,0.125673384248165
2019-07-22,irrigation_stop,80,0.124604093150089
2019-07-23,irrigation_stop,80,0.123336064690038
2019-07-24,irrigation_stop,80,0.121984455041718
2019-07-25,irrigation_stop,80,0.120798760464317
2019-07-26,irrigation_stop,80,0.119158543233953
2019-07-27,irrigation_stop,80,0.12067028915673
2019-07-28,irrigation_stop,80,0.124723377729717
2019-07-29,irrigation_stop,80,0.126504346316456
2019-07-30,irrigation_stop,80,0.126922766367594
2019-07-31,irrigation_stop,80,0.127121380880369
2019-08-01,irrigation_stop,80,0.12696556922717
2019-08-02,irrigation_stop,80,0.126649951934814
2019-08-03,irrigation_stop,80,0.126139861324377
2019-08-04,irrigation_stop,80,0.125080394075628
2019-08-05,irrigation_stop,80,0.12391799155702
2019-08-06,irrigation_stop,80,0.122565316484686
2019-08-07,irrigation_stop,80,0.120279708565416
2019-08-08,irrigation_stop,80,0.121360024893271
2019-08-09,irrigation_stop,80,0.122364466241066
2019-08-10,irrigation_stop,80,0.122307906569096
2019-08-11,irrigation_stop,80,0.122212207191869
2019-08-12,irrigation_stop,80,0.120992835362752
2019-08-13,irrigation_stop,80,0.122845125198364
2019-08-14,irrigation_stop,80,0.124172515587915
2019-08-15,irrigation_stop,80,0.124903138478597
2019-08-16,irrigation_stop,80,0.125285469260221
2019-08-17,irrigation_stop,80,0.125133203707243
2019-08-18,irrigation_stop,80,0.124464189964428
2019-08-19,irrigation_stop,80,0.122414343315258
2019-08-20,irrigation_stop,80,0.12243111928304
2019-08-21,irrigation_stop,80,0.122128285190515
2019-08-22,irrigation_stop,80,0.122864798776295
2019-08-23,irrigation_stop,80,0.12375196557296
2019-08-24,irrigation_stop,80,0.124625847999086
2019-08-25,irrigation_stop,80,0.125340056168406
2019-08-26,irrigation_stop,80,0.125759125090482
2019-08-27,irrigation_stop,80,0.126049663484051
2019-08-28,irrigation_stop,80,0.125961247442866
2019-08-29,irrigation_stop,80,0.125718325899358
2019-08-30,irrigation_stop,80,0.125256911829898
2019-08-31,irrigation_stop,80,0.124665761579547
2019-09-01,irrigation_stop,80,0.12404306338055
2019-09-02,irrigation_stop,80,0.123548989714238
2019-09-03,irrigation_stop,80,0.123083834724668
2019-09-04,irrigation_stop,80,0.122239543630722
2019-09-05,irrigation_stop,80,0.121696313389561
2019-09-06,irrigation_stop,80,0.121249879303799
2019-09-07,irrigation_stop,80,0.120621793151747
2019-09-08,irrigation_stop,80,0.119870462819862
2019-09-09,irrigation_stop,80,0.119262991609989
2019-09-10,irrigation_stop,80,0.118395909180878
2019-09-11,irrigation_stop,80,0.117573753992716
2019-09-12,irrigation_stop,80,0.117000087102254
2019-09-13,irrigation_stop,80,0.116175922370304
2019-09-14,irrigation_stop,80,0.11549402957089
2019-09-15,irrigation_stop,80,0.115018447574816
2019-09-16,irrigation_stop,80,0.11455597944427
2019-09-17,irrigation_stop,80,0.11400471955015
2019-09-18,irrigation_stop,80,0.113540333028425
2019-09-19,irrigation_stop,80,0.113157866963169
2019-09-20,irrigation_stop,80,0.112732664576748
2019-09-21,irrigation_stop,80,0.112316735585531
2019-09-22,irrigation_stop,80,0.111766300781047
2019-09-23,irrigation_stop,80,0.11145056674355
2019-09-24,irrigation_stop,80,0.1112686475118
2019-09-25,irrigation_stop,80,0.11096726216768
2019-09-26,irrigation_stop,80,0.110883013407389
2019-09-27,irrigation_stop,80,0.110578334707963
2019-09-28,irrigation_stop,80,0.110339053471883
2019-09-29,irrigation_stop,80,0.110038186960053
2019-09-30,irrigation_stop,80,0.109761076076056
2019-10-01,irrigation_stop,80,0.109397949198241
2019-10-02,irrigation_stop,80,0.109106849034627
2019-10-03,irrigation_stop,80,0.109608986990894
2019-10-04,irrigation_stop,80,0.109665173480385
2019-10-05,irrigation_stop,80,0.109673628993958
2019-10-06,irrigation_stop,80,0.109559996922811
2019-10-07,irrigation_stop,80,0.108719684722576
2019-10-08,irrigation_stop,80,0.109600502372278
2019-10-09,irrigation_stop,80,0.109111585282443
2019-10-10,irrigation_stop,80,0.109380397796631
2019-10-11,irrigation_stop,80,0.110376638947872
2019-10-12,irrigation_stop,80,0.111026888060988
2019-10-13,irrigation_stop,80,0.111730561674687
2019-10-14,irrigation_stop,80,0.112346171998141
2019-10-15,irrigation_stop,80,0.112134744911863
2019-10-16,irrigation_stop,80,0.111783104277494
2019-10-17,irrigation_stop,80,0.112878584108855
2019-10-18,irrigation_stop,80,0.113480176316931
2019-10-19,irrigation_stop,80,0.113996680577596
2019-10-20,irrigation_stop,80,0.114550922293412
2019-10-21,irrigation_stop,80,0.115114455644922
2019-10-22,irrigation_stop,80,0.115709473626655
2019-10-23,irrigation_stop,80,0.116230106691942
2019-10-24,irrigation_stop,80,0.116577361759387
2019-10-25,irrigation_stop,80,0.117049821217855
2019-10-26,irrigation_stop,80,0.117233737309774
2019-10-27,irrigation_stop,80,0.117357653902288
2019-10-28,irrigation_stop,80,0.116822136996085
2019-10-29,irrigation_stop,80,0.115453860299629
2019-10-30,irrigation_stop,80,0.115721935967805
2019-10-31,irrigation_stop,80,0.116463267284891
2019-11-01,irrigation_stop,80,0.117258621349669
2019-11-02,irrigation_stop,80,0.117168939490067
2019-11-03,irrigation_stop,80,0.117254308146654
2019-11-04,irrigation_stop,80,0.117513734059976
2019-11-05,irrigation_stop,80,0.118030007847568
2019-11-06,irrigation_stop,80,0.118353118561862
2019-11-07,irrigation_stop,80,0.118468300501506
2019-11-08,irrigation_stop,80,0.119925502226752
2019-11-09,irrigation_stop,80,0.120221455891927
2019-11-10,irrigation_stop,80,0.120332247723815
2019-11-11,irrigation_stop,80,0.120947440465291
2019-11-12,irrigation_stop,80,0.12165428797404
2019-11-13,irrigation_stop,80,0.123326444625855
2019-11-14,irrigation_stop,80,0.130977139624254
2019-11-15,irrigation_stop,80,0.14826675070093
2019-11-16,irrigation_stop,80,0.166651766578757
2019-11-17,irrigation_stop,80,0.186873141840885
2019-11-18,irrigation_stop,80,0.198521387033295
2019-11-19,irrigation_stop,80,0.206464969400774
2019-11-20,irrigation_stop,80,0.218424778653864
2019-11-21,irrigation_stop,80,0.238582297375328
2019-11-22,irrigation_stop,80,0.255319790148938
2019-11-23,irrigation_stop,80,0.265594978613171
2019-11-24,irrigation_stop,80,0.271758215485246
2019-11-25,irrigation_stop,80,0.275328622449908
2019-11-26,irrigation_stop,80,0.277596078839218
2019-11-27,irrigation_stop,80,0.279581448372374
2019-11-28,irrigation_stop,80,0.281200329462687
2019-11-29,irrigation_stop,80,0.283818647652342
2019-11-30,irrigation_stop,80,0.294504966465294
2019-12-01,irrigation_stop,80,0.304674530218431
2019-12-02,irrigation_stop,80,0.309075089936615
2019-12-03,irrigation_stop,80,0.310675057193689
2019-12-04,irrigation_stop,80,0.311208248138428
2019-12-05,irrigation_stop,80,0.311411412556966
2019-12-06,irrigation_stop,80,0.311214532684862
2019-12-07,irrigation_stop,80,0.31105637550354
2019-12-08,irrigation_stop,80,0.310518483446355
2019-12-09,irrigation_stop,80,0.310364659627279
2019-12-10,irrigation_stop,80,0.310897898590356
2019-12-11,irrigation_stop,80,0.312458982197105
2019-12-12,irrigation_stop,80,0.313814752321717
2019-12-13,irrigation_stop,80,0.314201931535152
2019-12-14,irrigation_stop,80,0.315403448740641
2019-12-15,irrigation_stop,80,0.320746031142118
2019-12-16,irrigation_stop,80,0.32861531994511
2019-12-17,irrigation_stop,80,0.335487323752443
2019-12-18,irrigation_stop,80,0.340454142372214
2019-12-19,irrigation_stop,80,0.33997512832334
2019-12-20,irrigation_stop,80,0.338214551445796
2019-12-21,irrigation_stop,80,0.33702670733134
2019-12-22,irrigation_stop,80,0.34135953083373
2019-12-23,irrigation_stop,80,0.360889005322828
2019-12-24,irrigation_stop,80,0.364136478022525
2019-12-25,irrigation_stop,80,0.373518281066627
2019-12-26,irrigation_stop,80,0.369462362925212
2019-12-27,irrigation_stop,80,0.368525544033256
2019-12-28,irrigation_stop,80,0.375416771570841
2019-12-29,irrigation_stop,80,0.370415321985881
2019-12-30,irrigation_stop,80,0.365201968644795
2019-12-31,irrigation_stop,80,0.36077029295135
2020-01-01,irrigation_stop,80,0.356926622892681
2020-01-02,irrigation_stop,80,0.353552670562476
2020-01-03,irrigation_stop,80,0.350735966364543
2020-01-04,irrigation_stop,80,0.348264503479004
2020-01-05,irrigation_stop,80,0.346010480512652
2020-01-06,irrigation_stop,80,0.344025473845632
2020-01-07,irrigation_stop,80,0.342308984555696
2020-01-08,irrigation_stop,80,0.340709314513625
2020-01-09,irrigation_stop,80,0.339197789744327
2020-01-10,irrigation_stop,80,0.337836583455404
2020-01-11,irrigation_stop,80,0.336577864697105
2020-01-12,irrigation_stop,80,0.335249528817251
2020-01-13,irrigation_stop,80,0.334066001992477
2020-01-14,irrigation_stop,80,0.333018908972347
2020-01-15,irrigation_stop,80,0.332079930723759
2020-01-16,irrigation_stop,80,0.331199498092919
2020-01-17,irrigation_stop,80,0.330314939398515
2020-01-18,irrigation_stop,80,0.329640467961629
2020-01-19,irrigation_stop,80,0.328675826390584
2020-01-20,irrigation_stop,80,0.328035807865922
2020-01-21,irrigation_stop,80,0.327512545836599
2020-01-22,irrigation_stop,80,0.326906204223633
2020-01-23,irrigation_stop,80,0.326324989084612
2020-01-24,irrigation_stop,80,0.325794819906248
2020-01-25,irrigation_stop,80,0.325268130051462
2020-01-26,irrigation_stop,80,0.324777070850345
2020-01-27,irrigation_stop,80,0.324207706871474
2020-01-28,irrigation_stop,80,0.324323858622074
2020-01-29,irrigation_stop,80,0.325831190745036
2020-01-30,irrigation_stop,80,0.332836456131517
2020-01-31,irrigation_stop,80,0.337566554584624
2020-02-01,irrigation_stop,80,0.339460207621257
2020-02-02,irrigation_stop,80,0.340358962176139
2020-02-03,irrigation_stop,80,0.376618734995524
2020-02-04,irrigation_stop,80,0.377416666040851
2020-02-05,irrigation_stop,80,0.372219411152964
2020-02-06,irrigation_stop,80,0.367883655815794
2020-02-07,irrigation_stop,80,0.363984044392904
2020-02-08,irrigation_stop,80,0.360517192974425
2020-02-09,irrigation_stop,80,0.35751865269845
2020-02-10,irrigation_stop,80,0.354823860209039
2020-02-11,irrigation_stop,80,0.352374437001332
2020-02-12,irrigation_stop,80,0.350083453740248
2020-02-13,irrigation_stop,80,0.34829251282248
2020-02-14,irrigation_stop,80,0.348701763153076
2020-02-15,irrigation_stop,80,0.352535141155284
2020-02-16,irrigation_stop,80,0.352784249540688
2020-02-17,irrigation_stop,80,0.351585698008493
2020-02-18,irrigation_stop,80,0.349972620010376
2020-02-19,irrigation_stop,80,0.348268338326368
2020-02-20,irrigation_stop,80,0.346672683849669
2020-02-21,irrigation_stop,80,0.344928505546168
2020-02-22,irrigation_stop,80,0.343255274898305
2020-02-23,irrigation_stop,80,0.341613095768711
2020-02-24,irrigation_stop,80,0.339827473103978
2020-02-25,irrigation_stop,80,0.338165295918783
2020-02-26,irrigation_stop,80,0.336782070956598
2020-02-27,irrigation_stop,80,0.335671988895121
2020-02-28,irrigation_stop,80,0.33486997586633
2020-02-29,irrigation_stop,80,0.33412302552608
2020-03-01,irrigation_stop,80,0.337365450003208
2020-03-02,irrigation_stop,80,0.345061976616843
2020-03-03,irrigation_stop,80,0.348766647515434
2020-03-04,irrigation_stop,80,0.349852984400995
2020-03-05,irrigation_stop,80,0.350392939751608
2020-03-06,irrigation_stop,80,0.357102422714233
2020-03-07,irrigation_stop,80,0.359282445907593
2020-03-08,irrigation_stop,80,0.357420561773735
2020-03-09,irrigation_stop,80,0.355102647091158
2020-03-10,irrigation_stop,80,0.353325906712958
2020-03-11,irrigation_stop,80,0.368555178996474
2020-03-12,irrigation_stop,80,0.379796338299944
2020-03-13,irrigation_stop,80,0.375639960807666
2020-03-14,irrigation_stop,80,0.371198409608426
2020-03-15,irrigation_stop,80,0.366093447835822
2020-03-16,irrigation_stop,80,0.361293819102835
2020-03-17,irrigation_stop,80,0.357128603740405
2020-03-18,irrigation_stop,80,0.353471231460571
2020-03-19,irrigation_stop,80,0.350126560947351
2020-03-20,irrigation_stop,80,0.347090660933907
2020-03-21,irrigation_stop,80,0.344349528530188
2020-03-22,irrigation_stop,80,0.341886901018912
2020-03-23,irrigation_stop,80,0.339704836086801
2020-03-24,irrigation_stop,80,0.337682930628459
2020-03-25,irrigation_stop,80,0.33580741982711
2020-03-26,irrigation_stop,80,0.333986974024159
2020-03-27,irrigation_stop,80,0.332355182380007
2020-03-28,irrigation_stop,80,0.330769121437742
2020-03-29,irrigation_stop,80,0.329260651783277
2020-03-30,irrigation_stop,80,0.327895434697469
2020-03-31,irrigation_stop,80,0.32672091902348
2020-04-01,irrigation_stop,80,0.325263824797513
2020-04-02,irrigation_stop,80,0.323881435394287
2020-04-03,irrigation_stop,80,0.322501575737669
2020-04-04,irrigation_stop,80,0.321137524654991
2020-04-05,irrigation_stop,80,0.319723397472449
2020-04-06,irrigation_stop,80,0.318176923551058
2020-04-07,irrigation_stop,80,0.316709212587591
2020-04-08,irrigation_stop,80,0.315133796491121
2020-04-09,irrigation_stop,80,0.313529909033524
2020-04-10,irrigation_stop,80,0.311880971005088
2020-04-11,irrigation_stop,80,0.310128898955228
2020-04-12,irrigation_stop,80,0.308337354660034
2020-04-13,irrigation_stop,80,0.306513276183814
2020-04-14,irrigation_stop,80,0.30478710894355
2020-04-15,irrigation_stop,80,0.302978284400806
2020-04-16,irrigation_stop,80,0.301049451963276
2020-04-17,irrigation_stop,80,0.298966989349901
2020-04-18,irrigation_stop,80,0.296860236658806
2020-04-19,irrigation_stop,80,0.295021857713398
2020-04-20,irrigation_stop,80,0.293202791484535
2020-04-21,irrigation_stop,80,0.291216108586282
2020-04-22,irrigation_stop,80,0.289008878406725
2020-04-23,irrigation_stop,80,0.286264376222042
2020-04-24,irrigation_stop,80,0.283694945612261
2020-04-25,irrigation_stop,80,0.281402782975582
2020-04-26,irrigation_stop,80,0.279447773451446
2020-04-27,irrigation_stop,80,0.277675797479195
2020-04-28,irrigation_stop,80,0.277870435714722
2020-04-29,irrigation_stop,80,0.279225317637126
2020-04-30,irrigation_stop,80,0.279602973179151
2020-05-01,irrigation_stop,80,0.281464644649573
2020-05-02,irrigation_stop,80,0.282960318682487
2020-05-03,irrigation_stop,80,0.282837251194736
2020-05-04,irrigation_stop,80,0.282896741231283
2020-05-05,irrigation_stop,80,0.285272185007731
2020-05-06,irrigation_stop,80,0.286622991227267
2020-05-07,irrigation_stop,80,0.286643489201864
2020-05-08,irrigation_stop,80,0.286291790008545
2020-05-09,irrigation_stop,80,0.285581762559952
2020-05-10,irrigation_stop,80,0.284878873825073
2020-05-11,irrigation_stop,80,0.284315801278139
2020-05-12,irrigation_stop,80,0.284483275329858
2020-05-13,irrigation_stop,80,0.284187508131328
2020-05-14,irrigation_stop,80,0.283300604736596
2020-05-15,irrigation_stop,80,0.282190370342544
2020-05-16,irrigation_stop,80,0.280933887738708
2020-05-17,irrigation_stop,80,0.279095401094671
2020-05-18,irrigation_stop,80,0.276354329467665
2020-05-19,irrigation_stop,80,0.273168881734212
2020-05-20,irrigation_stop,80,0.269422040069312
2020-05-21,irrigation_stop,80,0.265246025721232
2020-05-22,irrigation_stop,80,0.260470104217529
2020-05-23,irrigation_stop,80,0.255931579473082
2020-05-24,irrigation_stop,80,0.254672352472941
2020-05-25,irrigation_stop,80,0.252029043628323
2020-05-26,irrigation_stop,80,0.247746648279244
2020-05-27,irrigation_stop,80,0.242586420428368
2020-05-28,irrigation_stop,80,0.237120869787116
2020-05-29,irrigation_stop,80,0.23123158360204
2020-05-30,irrigation_stop,80,0.226238684620418
2020-05-31,irrigation_stop,80,0.221473712305869
2020-06-01,irrigation_stop,80,0.215857807293273
2020-06-02,irrigation_stop,80,0.209867340389051
2020-06-03,irrigation_stop,80,0.203800805409749
2020-06-04,irrigation_stop,80,0.200408983230591
2020-06-05,irrigation_stop,80,0.200672006607056
2020-06-06,irrigation_stop,80,0.201559311616505
2020-06-07,irrigation_stop,80,0.20091381876092201
2020-06-08,irrigation_stop,80,0.201547981730679
2020-06-09,irrigation_stop,80,0.202095739799633
2020-06-10,irrigation_stop,80,0.20283126479701
2020-06-11,irrigation_stop,80,0.202389558156331
2020-06-12,irrigation_stop,80,0.201014346909105
2020-06-13,irrigation_stop,80,0.200205385475828
2020-06-14,irrigation_stop,80,0.200615387130202
2020-06-15,irrigation_stop,80,0.200713764993768
2020-06-16,irrigation_stop,80,0.199828653502883
2020-06-17,irrigation_stop,80,0.198440401177657
2020-06-18,irrigation_stop,80,0.198897736030712
2020-06-19,irrigation_stop,80,0.198738940556844
2020-06-20,irrigation_stop,80,0.197873767217
2020-06-21,irrigation_stop,80,0.195638966811331
2020-06-22,irrigation_stop,80,0.192364460459927
2020-06-23,irrigation_stop,80,0.188531551318366
2020-06-24,irrigation_stop,80,0.184233516391955
2020-06-25,irrigation_stop,80,0.179579836595143
2020-06-26,irrigation_stop,80,0.174577671519497
2020-06-27,irrigation_stop,80,0.169728543208196
2020-06-28,irrigation_stop,80,0.165026341488487
2020-06-29,irrigation_stop,80,0.161051607131958
2020-06-30,irrigation_stop,80,0.161493506668307
2020-07-01,irrigation_stop,80,0.160602400261059
2020-07-02,irrigation_stop,80,0.159087113664861
2020-07-03,irrigation_stop,80,0.15703835386979
2020-07-04,irrigation_stop,80,0.154826467580963
2020-07-05,irrigation_stop,80,0.150903177261353
2020-07-06,irrigation_stop,80,0.146630827585856
2020-07-07,irrigation_stop,80,0.142571767171224
2020-07-08,irrigation_stop,80,0.139140669504801
2020-07-09,irrigation_stop,80,0.135803031921387
2020-07-10,irrigation_stop,80,0.132779501028228
2020-07-11,irrigation_stop,80,0.131105031297918
2020-07-12,irrigation_stop,80,0.13206437913995
2020-07-13,irrigation_stop,80,0.132039705912272
2020-07-14,irrigation_stop,80,0.131306378046672
2020-07-15,irrigation_stop,80,0.130347792264359
2020-07-16,irrigation_stop,80,0.129265257852119
2020-07-17,irrigation_stop,80,0.127908321681776
2020-07-18,irrigation_stop,80,0.126243226068062
2020-07-19,irrigation_stop,80,0.124648000650239
2020-07-20,irrigation_stop,80,0.123215293884277
2020-07-21,irrigation_stop,80,0.12183297475179
2020-07-22,irrigation_stop,80,0.120775429407756
2020-07-23,irrigation_stop,80,0.120783962617841
2020-07-24,irrigation_stop,80,0.121755647659302
2020-07-25,irrigation_stop,80,0.122039031982422
2020-07-26,irrigation_stop,80,0.121673621796725
2020-07-27,irrigation_stop,80,0.121011432513856
2020-07-28,irrigation_stop,80,0.120274710571557
2020-07-29,irrigation_stop,80,0.119791428248088
2020-07-30,irrigation_stop,80,0.119168694814046
2020-07-31,irrigation_stop,80,0.118388636906942
2020-08-01,irrigation_stop,80,0.117618180325157
2020-08-02,irrigation_stop,80,0.11696730814482
2020-08-03,irrigation_stop,80,0.116684867791962
2020-08-04,irrigation_stop,80,0.116563493829024
2020-08-05,irrigation_stop,80,0.115965461730957
2020-08-06,irrigation_stop,80,0.115345556694165
2020-08-07,irrigation_stop,80,0.114723676426636
2020-08-08,irrigation_stop,80,0.114019556045532
2020-08-09,irrigation_stop,80,0.113350576266908
2020-08-10,irrigation_stop,80,0.112833545249805
2020-08-11,irrigation_stop,80,0.112334496514839
2020-08-12,irrigation_stop,80,0.111982318309315
2020-08-13,irrigation_stop,80,0.111680155264569
2020-08-14,irrigation_stop,80,0.11154373520299
2020-08-15,irrigation_stop,80,0.112246553448663
2020-08-16,irrigation_stop,80,0.112453365325928
2020-08-17,irrigation_stop,80,0.111917227694863
2020-08-18,irrigation_stop,80,0.112998061484479
2020-08-19,irrigation_stop,80,0.113428344893874
2020-08-20,irrigation_stop,80,0.113545082109372
2020-08-21,irrigation_stop,80,0.113430802027384
2020-08-22,irrigation_stop,80,0.113257804837143
2020-08-23,irrigation_stop,80,0.11299522943664
2020-08-24,irrigation_stop,80,0.112550353000039
2020-08-25,irrigation_stop,80,0.112103394792791
2020-08-26,irrigation_stop,80,0.111640353426801
2020-08-27,irrigation_stop,80,0.111192459976464
2020-08-28,irrigation_stop,80,0.11083517074585
2020-08-29,irrigation_stop,80,0.109428499288726
2020-08-30,irrigation_stop,80,0.125359223683675
2020-08-31,irrigation_stop,80,0.136986192067464
2020-09-01,irrigation_stop,80,0.13630973431102
2020-09-02,irrigation_stop,80,0.138903454228451
2020-09-03,irrigation_stop,80,0.143091968569839
2020-09-04,irrigation_stop,80,0.14654582341512
2020-09-05,irrigation_stop,80,0.148106671216195
2020-09-06,irrigation_stop,80,0.148287038635789
2020-09-07,irrigation_stop,80,0.147953094906277
2020-09-08,irrigation_stop,80,0.14679133649458
2020-09-09,irrigation_stop,80,0.145396425396788
2020-09-10,irrigation_stop,80,0.143716681350839
2020-09-11,irrigation_stop,80,0.141869327980175
2020-09-12,irrigation_stop,80,0.140004057098129
2020-09-13,irrigation_stop,80,0.138157346059067
2020-09-14,irrigation_stop,80,0.136111515781336
2020-09-15,irrigation_stop,80,0.133950027666594
2020-09-16,irrigation_stop,80,0.131965716679891
2020-09-17,irrigation_stop,80,0.130146386437382
2020-09-18,irrigation_stop,80,0.12837340037028
2020-09-19,irrigation_stop,80,0.126999163883989
2020-09-20,irrigation_stop,80,0.125794678570931
2020-09-21,irrigation_stop,80,0.12462136435215
2020-09-22,irrigation_stop,80,0.123332159979302
2020-09-23,irrigation_stop,80,0.122185163497925
2020-09-24,irrigation_stop,80,0.121871582667033
2020-09-25,irrigation_stop,80,0.120952836086876
2020-09-26,irrigation_stop,80,0.120439823384871
2020-09-27,irrigation_stop,80,0.121329966335432
2020-09-28,irrigation_stop,80,0.121713250980043
2020-09-29,irrigation_stop,80,0.121364073335079
2020-09-30,irrigation_stop,80,0.122588163050947
2020-10-01,irrigation_stop,80,0.123425312042236
2020-10-02,irrigation_stop,80,0.123670397990228
2020-10-03,irrigation_stop,80,0.122137086600588
2020-10-04,irrigation_stop,80,0.127532214644953
2020-10-05,irrigation_stop,80,0.129651912053426
2020-10-06,irrigation_stop,80,0.13118502048024
2020-10-07,irrigation_stop,80,0.133867740631104
2020-10-08,irrigation_stop,80,0.137572320302327
2020-10-09,irrigation_stop,80,0.142382465998332
2020-10-10,irrigation_stop,80,0.146728693893393
2020-10-11,irrigation_stop,80,0.150469448044034
2020-10-12,irrigation_stop,80,0.153104162216187
2020-10-13,irrigation_stop,80,0.155315318337213
2020-10-14,irrigation_stop,80,0.15734163821673
2020-10-15,irrigation_stop,80,0.159520807250044
2020-10-16,irrigation_stop,80,0.161633733939369
2020-10-17,irrigation_stop,80,0.163259213932774
2020-10-18,irrigation_stop,80,0.164578169939811
2020-10-19,irrigation_stop,80,0.165882653837642
2020-10-20,irrigation_stop,80,0.167073272475114
2020-10-21,irrigation_stop,80,0.16758016753615
2020-10-22,irrigation_stop,80,0.168314299744488
2020-10-23,irrigation_stop,80,0.168555366712615
2020-10-24,irrigation_stop,80,0.169916392041926
2020-10-25,irrigation_stop,80,0.171160626050806
2020-10-26,irrigation_stop,80,0.172396312559127
2020-10-27,irrigation_stop,80,0.173576451536739
2020-10-28,irrigation_stop,80,0.174263835284947
2020-10-29,irrigation_stop,80,0.175216714116064
2020-10-30,irrigation_stop,80,0.176202695978487
2020-10-31,irrigation_stop,80,0.17699543980260601
2020-11-01,irrigation_stop,80,0.177636865608833
2020-11-02,irrigation_stop,80,0.17849706568307
2020-11-03,irrigation_stop,80,0.179422943677823
2020-11-04,irrigation_stop,80,0.180399747368335
2020-11-05,irrigation_stop,80,0.181774768959231
2020-11-06,irrigation_stop,80,0.183012969143181
2020-11-07,irrigation_stop,80,0.184234420556214
2020-11-08,irrigation_stop,80,0.185188844075541
2020-11-09,irrigation_stop,80,0.186192043336317
2020-11-10,irrigation_stop,80,0.187431793784427
2020-11-11,irrigation_stop,80,0.188580080265512
2020-11-12,irrigation_stop,80,0.189822465816673
2020-11-13,irrigation_stop,80,0.190953917880939
2020-11-14,irrigation_stop,80,0.191944704347517
2020-11-15,irrigation_stop,80,0.192782343028612
2020-11-16,irrigation_stop,80,0.192856947800396
2020-11-17,irrigation_stop,80,0.193924759203197
2020-11-18,irrigation_stop,80,0.195113598183315
2020-11-19,irrigation_stop,80,0.196029908173368
2020-11-20,irrigation_stop,80,0.196623739377749
2020-11-21,irrigation_stop,80,0.197159495525811
2020-11-22,irrigation_stop,80,0.198239105533352
2020-11-23,irrigation_stop,80,0.199228312712011
2020-11-24,irrigation_stop,80,0.199976505480315
2020-11-25,irrigation_stop,80,0.200714787906477
2020-11-26,irrigation_stop,80,0.201576646563018
2020-11-27,irrigation_stop,80,0.202468944283317
2020-11-28,irrigation_stop,80,0.203236146447254
2020-11-29,irrigation_stop,80,0.203922235475938
2020-11-30,irrigation_stop,80,0.204671401050062
2020-12-01,irrigation_stop,80,0.205109893311846
2020-12-02,irrigation_stop,80,0.205480541680637
2020-12-03,irrigation_stop,80,0.20600217433686
2020-12-04,irrigation_stop,80,0.20621796613451
2020-12-05,irrigation_stop,80,0.206056262471256
2020-12-06,irrigation_stop,80,0.207230626246474
2020-12-07,irrigation_stop,80,0.207337075081888
2020-12-08,irrigation_stop,80,0.207169309026155
2020-12-09,irrigation_stop,80,0.207926161111783
2020-12-10,irrigation_stop,80,0.207627050481794
2020-12-11,irrigation_stop,80,0.207960290218305
2020-12-12,irrigation_stop,80,0.208642652792493
2020-12-13,irrigation_stop,80,0.20991420669318
2020-12-14,irrigation_stop,80,0.210544588724332
2020-12-15,irrigation_stop,80,0.211150795448098
2020-12-16,irrigation_stop,80,0.211447433280196
2020-12-17,irrigation_stop,80,0.211990163265893
2020-12-18,irrigation_stop,80,0.213016815827761
2020-12-19,irrigation_stop,80,0.214307583741131
2020-12-20,irrigation_stop,80,0.21582593162149
2020-12-21,irrigation_stop,80,0.218032439409478
2020-12-22,irrigation_stop,80,0.220870623062816
2020-12-23,irrigation_stop,80,0.22289259747003
2020-12-24,irrigation_stop,80,0.225376762636277
2020-12-25,irrigation_stop,80,0.227778356319879
2020-12-26,irrigation_stop,80,0.232891434658638
2020-12-27,irrigation_stop,80,0.239275747131632
2020-12-28,irrigation_stop,80,0.245500838982678
2020-12-29,irrigation_stop,80,0.250862409665977
2020-12-30,irrigation_stop,80,0.254976522235399
2020-12-31,irrigation_stop,80,0.258281208385121
2021-01-01,irrigation_stop,80,0.260885924681719
2021-01-02,irrigation_stop,80,0.26325010664265
2021-01-03,irrigation_stop,80,0.265307841441186
2021-01-04,irrigation_stop,80,0.266897070688698
2021-01-05,irrigation_stop,80,0.268450840655829
2021-01-06,irrigation_stop,80,0.269778132603151
2021-01-07,irrigation_stop,80,0.270785090117901
2021-01-08,irrigation_stop,80,0.271700301083134
2021-01-09,irrigation_stop,80,0.272584527552095
2021-01-10,irrigation_stop,80,0.273420340515598
2021-01-11,irrigation_stop,80,0.274112701487212
2021-01-12,irrigation_stop,80,0.274702899354426
2021-01-13,irrigation_stop,80,0.275656537716556
2021-01-14,irrigation_stop,80,0.27593833008274
2021-01-15,irrigation_stop,80,0.276084122405935
2021-01-16,irrigation_stop,80,0.278179148693746
2021-01-17,irrigation_stop,80,0.284612466174078
2021-01-18,irrigation_stop,80,0.292011240963711
2021-01-19,irrigation_stop,80,0.298080054333336
2021-01-20,irrigation_stop,80,0.302059114072084
2021-01-21,irrigation_stop,80,0.304384166262347
2021-01-22,irrigation_stop,80,0.306682803670089
2021-01-23,irrigation_stop,80,0.312407187497484
2021-01-24,irrigation_stop,80,0.321038301357393
2021-01-25,irrigation_stop,80,0.324247319342076
2021-01-26,irrigation_stop,80,0.325052719605888
2021-01-27,irrigation_stop,80,0.325007256888108
2021-01-28,irrigation_stop,80,0.33529841742108
2021-01-29,irrigation_stop,80,0.394254247495391
2021-01-30,irrigation_stop,80,0.404881054409666
2021-01-31,irrigation_stop,80,0.401484600193443
2021-02-01,irrigation_stop,80,0.398662419824038
2021-02-02,irrigation_stop,80,0.4019573248476
2021-02-03,irrigation_stop,80,0.403188365617647
2021-02-04,irrigation_stop,80,0.40106242886439
2021-02-05,irrigation_stop,80,0.393085210076352
2021-02-06,irrigation_stop,80,0.38629464949331
2021-02-07,irrigation_stop,80,0.379454356745446
2021-02-08,irrigation_stop,80,0.372522942380247
2021-02-09,irrigation_stop,80,0.367300580092528
2021-02-10,irrigation_stop,80,0.362762491349085
2021-02-11,irrigation_stop,80,0.359043820628977
2021-02-12,irrigation_stop,80,0.356133153744282
2021-02-13,irrigation_stop,80,0.353578617212985
2021-02-14,irrigation_stop,80,0.351308938745867
2021-02-15,irrigation_stop,80,0.349386024475098
2021-02-16,irrigation_stop,80,0.347693700426685
2021-02-17,irrigation_stop,80,0.346158305776355
2021-02-18,irrigation_stop,80,0.344643628229863
2021-02-19,irrigation_stop,80,0.343146892696005
2021-02-20,irrigation_stop,80,0.341574614984304
2021-02-21,irrigation_stop,80,0.340048472952243
2021-02-22,irrigation_stop,80,0.338495811686636
2021-02-23,irrigation_stop,80,0.337000100677245
2021-02-24,irrigation_stop,80,0.335577371194319
2021-02-25,irrigation_stop,80,0.334134468960804
2021-02-26,irrigation_stop,80,0.332752602382488
2021-02-27,irrigation_stop,80,0.331246096962377
2021-02-28,irrigation_stop,80,0.32994343554364
2021-03-01,irrigation_stop,80,0.328767157270197
2021-03-02,irrigation_stop,80,0.327563827079639
2021-03-03,irrigation_stop,80,0.326421141708106
2021-03-04,irrigation_stop,80,0.325490641175655
2021-03-05,irrigation_stop,80,0.324364777814081
2021-03-06,irrigation_stop,80,0.323117000523704
2021-03-07,irrigation_stop,80,0.322182641447636
2021-03-08,irrigation_stop,80,0.320953444124559
2021-03-09,irrigation_stop,80,0.320082324011284
2021-03-10,irrigation_stop,80,0.319125618877961
2021-03-11,irrigation_stop,80,0.318070332209269
2021-03-12,irrigation_stop,80,0.317035800225228
2021-03-13,irrigation_stop,80,0.31636453418867
2021-03-14,irrigation_stop,80,0.315351089459307
2021-03-15,irrigation_stop,80,0.315244289628157
2021-03-16,irrigation_stop,80,0.315098937843753
2021-03-17,irrigation_stop,80,0.315785380682955
2021-03-18,irrigation_stop,80,0.31629374522497
2021-03-19,irrigation_stop,80,0.316354303273162
2021-03-20,irrigation_stop,80,0.316232785250281
2021-03-21,irrigation_stop,80,0.316076910101968
2021-03-22,irrigation_stop,80,0.315692056522035
2021-03-23,irrigation_stop,80,0.315161240254823
2021-03-24,irrigation_stop,80,0.314439021748871
2021-03-25,irrigation_stop,80,0.313495848768501
2021-03-26,irrigation_stop,80,0.312611854756798
2021-03-27,irrigation_stop,80,0.311828366880418
2021-03-28,irrigation_stop,80,0.311234284419095
2021-03-29,irrigation_stop,80,0.310052128571457
2021-03-30,irrigation_stop,80,0.30978704423417
2021-03-31,irrigation_stop,80,0.309087260564168
2021-04-01,irrigation_stop,80,0.308738456550219
2021-04-02,irrigation_stop,80,0.307749180487216
2021-04-03,irrigation_stop,80,0.305300809625994
2021-04-04,irrigation_stop,80,0.304437192783021
2021-04-05,irrigation_stop,80,0.303659460044002
2021-04-06,irrigation_stop,80,0.30091334004556
2021-04-07,irrigation_stop,80,0.30029741314286
2021-04-08,irrigation_stop,80,0.300073993658034
2021-04-09,irrigation_stop,80,0.299011452357253
2021-04-10,irrigation_stop,80,0.297728275474927
2021-04-11,irrigation_stop,80,0.295650520826641
2021-04-12,irrigation_stop,80,0.293669912908539
2021-04-13,irrigation_stop,80,0.292608593053985
2021-04-14,irrigation_stop,80,0.29167780025008
2021-04-15,irrigation_stop,80,0.290811354486566
2021-04-16,irrigation_stop,80,0.289850721861187
2021-04-17,irrigation_stop,80,0.288626244862874
2021-04-18,irrigation_stop,80,0.287061399827924
2021-04-19,irrigation_stop,80,0.285356101925669
2021-04-20,irrigation_stop,80,0.283306845949407
2021-04-21,irrigation_stop,80,0.28086395280403
2021-04-22,irrigation_stop,80,0.278585079388193
2021-04-23,irrigation_stop,80,0.275727529052302
2021-04-24,irrigation_stop,80,0.272392807724655
2021-04-25,irrigation_stop,80,0.268828797943782
2021-04-26,irrigation_stop,80,0.266065989209895
2021-04-27,irrigation_stop,80,0.264143568279584
2021-04-28,irrigation_stop,80,0.260322682062785
2021-04-29,irrigation_stop,80,0.257922218863134
2021-04-30,irrigation_stop,80,0.258946638904698
2021-05-01,irrigation_stop,80,0.259502460914746
2021-05-02,irrigation_stop,80,0.260554440816244
2021-05-03,irrigation_stop,80,0.25939878580863
2021-05-04,irrigation_stop,80,0.257739630290135
2021-05-05,irrigation_stop,80,0.256391884485881
2021-05-06,irrigation_stop,80,0.255603522172211
2021-05-07,irrigation_stop,80,0.255452566246525
2021-05-08,irrigation_stop,80,0.255483675003052
2021-05-09,irrigation_stop,80,0.255102902362933
2021-05-10,irrigation_stop,80,0.255693088832654
2021-05-11,irrigation_stop,80,0.258584325085539
2021-05-12,irrigation_stop,80,0.261001147220009
2021-05-13,irrigation_stop,80,0.261651150385539
2021-05-14,irrigation_stop,80,0.263257483000396
2021-05-15,irrigation_stop,80,0.26577953550076
2021-05-16,irrigation_stop,80,0.26953185215331
2021-05-17,irrigation_stop,80,0.278609552718045
2021-05-18,irrigation_stop,80,0.293510303664626
2021-05-19,irrigation_stop,80,0.299261515098706
2021-05-20,irrigation_stop,80,0.301025212195612
2021-05-21,irrigation_stop,80,0.301240423162645
2021-05-22,irrigation_stop,80,0.301537697904853
2021-05-23,irrigation_stop,80,0.3010708781282
2021-05-24,irrigation_stop,80,0.301272701378766
2021-05-25,irrigation_stop,80,0.300964453299573
2021-05-26,irrigation_stop,80,0.299294417029933
2021-05-27,irrigation_stop,80,0.297686119585084
2021-05-28,irrigation_stop,80,0.295769789009763
2021-05-29,irrigation_stop,80,0.293859681371397
2021-05-30,irrigation_stop,80,0.291692291479969
2021-05-31,irrigation_stop,80,0.288740127317137
2021-06-01,irrigation_stop,80,0.285418325892666
2021-06-02,irrigation_stop,80,0.282333028191014
2021-06-03,irrigation_stop,80,0.280004878416129
2021-06-04,irrigation_stop,80,0.276078798896388
2021-06-05,irrigation_stop,80,0.273773008622799
2021-06-06,irrigation_stop,80,0.272922526352794
2021-06-07,irrigation_stop,80,0.27044623335069
2021-06-08,irrigation_stop,80,0.269307872732602
2021-06-09,irrigation_stop,80,0.267504105092927
2021-06-10,irrigation_stop,80,0.263760942825783
2021-06-11,irrigation_stop,80,0.258827695511935
2021-06-12,irrigation_stop,80,0.25393295690345
2021-06-13,irrigation_stop,80,0.248854841418834
2021-06-14,irrigation_stop,80,0.243321230551562
2021-06-15,irrigation_stop,80,0.237277086307879
2021-06-16,irrigation_stop,80,0.230429277754667
2021-06-17,irrigation_stop,80,0.223032386512087
2021-06-18,irrigation_stop,80,0.215222658415079
2021-06-19,irrigation_stop,80,0.208076058130083
2021-06-20,irrigation_stop,80,0.200959211316025
2021-06-21,irrigation_stop,80,0.194820337843744
2021-06-22,irrigation_stop,80,0.18963619360687
2021-06-23,irrigation_stop,80,0.187399178317663
2021-06-24,irrigation_stop,80,0.187938962735628
2021-06-25,irrigation_stop,80,0.187765111718127
2021-06-26,irrigation_stop,80,0.187085988271499
2021-06-27,irrigation_stop,80,0.185237196305409
2021-06-28,irrigation_stop,80,0.182300625794323
2021-06-29,irrigation_stop,80,0.180347717231047
2021-06-30,irrigation_stop,80,0.178966706928454
2021-07-01,irrigation_stop,80,0.177563964203695
2021-07-02,irrigation_stop,80,0.174501485784738
2021-07-03,irrigation_stop,80,0.169965164345264
2021-07-04,irrigation_stop,80,0.16980903746522
2021-07-05,irrigation_stop,80,0.16736550975182
2021-07-06,irrigation_stop,80,0.161620969023285
2021-07-07,irrigation_stop,80,0.159066692988078
2021-07-08,irrigation_stop,80,0.160156466835424
2021-07-09,irrigation_stop,80,0.159761930599547
2021-07-10,irrigation_stop,80,0.159902767690481
2021-07-11,irrigation_stop,80,0.16059831401758
2021-07-12,irrigation_stop,80,0.161460259768164
2021-07-13,irrigation_stop,80,0.162824552955357
2021-07-14,irrigation_stop,80,0.16835274134508
2021-07-15,irrigation_stop,80,0.198522391904864
2021-07-16,irrigation_stop,80,0.24352321736534
2021-07-17,irrigation_stop,80,0.291350000783017
2021-07-18,irrigation_stop,80,0.311390749396295
2021-07-19,irrigation_stop,80,0.312015423523752
2021-07-20,irrigation_stop,80,0.308886682108829
2021-07-21,irrigation_stop,80,0.30525922574495
2021-07-22,irrigation_stop,80,0.301365504698038
2021-07-23,irrigation_stop,80,0.296961922400493
2021-07-24,irrigation_stop,80,0.292608614508987
2021-07-25,irrigation_stop,80,0.288153784233227
2021-07-26,irrigation_stop,80,0.283893111212212
2021-07-27,irrigation_stop,80,0.279830195276361
2021-07-28,irrigation_stop,80,0.276989883623625
2021-07-29,irrigation_stop,80,0.272908738286872
2021-07-30,irrigation_stop,80,0.268518428261398
2021-07-31,irrigation_stop,80,0.265385455750583
2021-08-01,irrigation_stop,80,0.263783707837642
2021-08-02,irrigation_stop,80,0.261075860921043
2021-08-03,irrigation_stop,80,0.257720335372683
2021-08-04,irrigation_stop,80,0.25743932723999
2021-08-05,irrigation_stop,80,0.257357737887155
2021-08-06,irrigation_stop,80,0.253668273278256
2021-08-07,irrigation_stop,80,0.250690049130013
2021-08-08,irrigation_stop,80,0.249791288375855
2021-08-09,irrigation_stop,80,0.246611775978148
2021-08-10,irrigation_stop,80,0.243079292476393
2021-08-11,irrigation_stop,80,0.239326280077036
2021-08-12,irrigation_stop,80,0.235207784050389
2021-08-13,irrigation_stop,80,0.231850694629317
2021-08-14,irrigation_stop,80,0.228871584550339
2021-08-15,irrigation_stop,80,0.225240289748995
2021-08-16,irrigation_stop,80,0.222319151922074
2021-08-17,irrigation_stop,80,0.220371883897899
2021-08-18,irrigation_stop,80,0.217672230719452
2021-08-19,irrigation_stop,80,0.214255036592217
2021-08-20,irrigation_stop,80,0.210279525843695
2021-08-21,irrigation_stop,80,0.20478544474139
2021-08-22,irrigation_stop,80,0.199793936568172
2021-08-23,irrigation_stop,80,0.19576598117226
2021-08-24,irrigation_stop,80,0.188453109442738
2021-08-25,irrigation_stop,80,0.181436097151132
2021-08-26,irrigation_stop,80,0.175252504800851
2021-08-27,irrigation_stop,80,0.168601758889747
2021-08-28,irrigation_stop,80,0.162134643324388
2021-08-29,irrigation_stop,80,0.156957228688328
2021-08-30,irrigation_stop,80,0.152164837680285
2021-08-31,irrigation_stop,80,0.148130304436935
2021-09-01,irrigation_stop,80,0.14443186069357
2021-09-02,irrigation_stop,80,0.141263425110792
2021-09-03,irrigation_stop,80,0.1384733560311
2021-09-04,irrigation_stop,80,0.136240011021711
2021-09-05,irrigation_stop,80,0.134447020334555
2021-09-06,irrigation_stop,80,0.132741298340915
2021-09-07,irrigation_stop,80,0.131204316825197
2021-09-08,irrigation_stop,80,0.129506404776322
2021-09-09,irrigation_stop,80,0.127736863420721
2021-09-10,irrigation_stop,80,0.12667383227432
2021-09-11,irrigation_stop,80,0.127381865016201
2021-09-12,irrigation_stop,80,0.128290721986578
2021-09-13,irrigation_stop,80,0.128675589143184
2021-09-14,irrigation_stop,80,0.128734385651264
2021-09-15,irrigation_stop,80,0.128340001859163
2021-09-16,irrigation_stop,80,0.128669751987123
2021-09-17,irrigation_stop,80,0.129651992864776
2021-09-18,irrigation_stop,80,0.130285929796989
2021-09-19,irrigation_stop,80,0.135794772493078
2021-09-20,irrigation_stop,80,0.145709501272175
2021-09-21,irrigation_stop,80,0.145816612243652
2021-09-22,irrigation_stop,80,0.145467233729033
2021-09-23,irrigation_stop,80,0.145062371806095
2021-09-24,irrigation_stop,80,0.144625511379463
2021-09-25,irrigation_stop,80,0.144192407148104
2021-09-26,irrigation_stop,80,0.144176114902162
2021-09-27,irrigation_stop,80,0.144271630404288
2021-09-28,irrigation_stop,80,0.14390815221538
2021-09-29,irrigation_stop,80,0.143398141313439
2021-09-30,irrigation_stop,80,0.142678754560409
2021-10-01,irrigation_stop,80,0.141691561624513
2021-10-02,irrigation_stop,80,0.140620374512254
2021-10-03,irrigation_stop,80,0.139283354738925
2021-10-04,irrigation_stop,80,0.138769061591036
2021-10-05,irrigation_stop,80,0.137349408061792
2021-10-06,irrigation_stop,80,0.138433792268042
2021-10-07,irrigation_stop,80,0.13945791261238
2021-10-08,irrigation_stop,80,0.140042481708989
2021-10-09,irrigation_stop,80,0.140671374672338
2021-10-10,irrigation_stop,80,0.141119848385192
2021-10-11,irrigation_stop,80,0.141208226872096
2021-10-12,irrigation_stop,80,0.140990461215638
2021-10-13,irrigation_stop,80,0.140685019256375
2021-10-14,irrigation_stop,80,0.140007305647198
2021-10-15,irrigation_stop,80,0.139470216376537
2021-10-16,irrigation_stop,80,0.138819450543593
2021-10-17,irrigation_stop,80,0.138199018002802
2021-10-18,irrigation_stop,80,0.137635294073061
2021-10-19,irrigation_stop,80,0.136802008473281
2021-10-20,irrigation_stop,80,0.135870628367728
2021-10-21,irrigation_stop,80,0.134065332480356
2021-10-22,irrigation_stop,80,0.134936592985597
2021-10-23,irrigation_stop,80,0.135640144348145
2021-10-24,irrigation_stop,80,0.13592522035772
2021-10-25,irrigation_stop,80,0.135993875499222
2021-10-26,irrigation_stop,80,0.135907255025927
2021-10-27,irrigation_stop,80,0.135836907999424
2021-10-28,irrigation_stop,80,0.135646813041285
2021-10-29,irrigation_stop,80,0.135102676257753
2021-10-30,irrigation_stop,80,0.134258905042682
2021-10-31,irrigation_stop,80,0.133771341459562
2021-11-01,irrigation_stop,80,0.132076996251156
2021-11-02,irrigation_stop,80,0.131862625992089
2021-11-03,irrigation_stop,80,0.132641324407622
2021-11-04,irrigation_stop,80,0.133312484581999
2021-11-05,irrigation_stop,80,0.134654715521294
2021-11-06,irrigation_stop,80,0.135540507751431
2021-11-07,irrigation_stop,80,0.136289581859143
2021-11-08,irrigation_stop,80,0.136910166852552
2021-11-09,irrigation_stop,80,0.137590358227925
2021-11-10,irrigation_stop,80,0.13787479952762
2021-11-11,irrigation_stop,80,0.138335389660205
2021-11-12,irrigation_stop,80,0.138881608226843
2021-11-13,irrigation_stop,80,0.139034304446572
2021-11-14,irrigation_stop,80,0.139446607427416
2021-11-15,irrigation_stop,80,0.140267666523178
2021-11-16,irrigation_stop,80,0.140977702391775
2021-11-17,irrigation_stop,80,0.14160393959464
2021-11-18,irrigation_stop,80,0.142168708589817
2021-11-19,irrigation_stop,80,0.142498035497914
2021-11-20,irrigation_stop,80,0.142966257257664
2021-11-21,irrigation_stop,80,0.143408329855202
2021-11-22,irrigation_stop,80,0.14385897920303
2021-11-23,irrigation_stop,80,0.1442319345053
2021-11-24,irrigation_stop,80,0.144636358580592
2021-11-25,irrigation_stop,80,0.144899479548136
2021-11-26,irrigation_stop,80,0.1448884526898
2021-11-27,irrigation_stop,80,0.145289546565006
2021-11-28,irrigation_stop,80,0.145605061805781
2021-11-29,irrigation_stop,80,0.145844617022184
2021-11-30,irrigation_stop,80,0.1460463297953
2021-12-01,irrigation_stop,80,0.146026742305874
2021-12-02,irrigation_stop,80,0.145807788363606
2021-12-03,irrigation_stop,80,0.146936478039897
2021-12-04,irrigation_stop,80,0.146197749051306
2021-12-05,irrigation_stop,80,0.144228278194097
2021-12-06,irrigation_stop,80,0.144711611898322
2021-12-07,irrigation_stop,80,0.145120705262602
2021-12-08,irrigation_stop,80,0.145713956894413
2021-12-09,irrigation_stop,80,0.145782139761406
2021-12-10,irrigation_stop,80,0.146148099230047
2021-12-11,irrigation_stop,80,0.147202005920325
2021-12-12,irrigation_stop,80,0.147702925676016
2021-12-13,irrigation_stop,80,0.148872534434001
2021-12-14,irrigation_stop,80,0.151237986882528
2021-12-15,irrigation_stop,80,0.15412904103597
2021-12-16,irrigation_stop,80,0.15670247182737
2021-12-17,irrigation_stop,80,0.158729751068836
2021-12-18,irrigation_stop,80,0.160626675344954
2021-12-19,irrigation_stop,80,0.163907970036509
2021-12-20,irrigation_stop,80,0.168780147975101
2021-12-21,irrigation_stop,80,0.173300092121181
2021-12-22,irrigation_stop,80,0.176759453620009
2021-12-23,irrigation_stop,80,0.179322646620858
2021-12-24,irrigation_stop,80,0.181376666520771
2021-12-25,irrigation_stop,80,0.183347077893385
2021-12-26,irrigation_stop,80,0.185210771633676
2021-12-27,irrigation_stop,80,0.186509394716029
2021-12-28,irrigation_stop,80,0.187880818383736
2021-12-29,irrigation_stop,80,0.22743850636735
2021-12-30,irrigation_stop,80,0.359759982197742
2021-12-31,irrigation_stop,80,0.362859768099553
2022-01-01,irrigation_stop,80,0.358833343246705
2022-01-02,irrigation_stop,80,0.354486055589801
2022-01-03,irrigation_stop,80,0.350797410297015
2022-01-04,irrigation_stop,80,0.347562485801646
2022-01-05,irrigation_stop,80,0.344854147385736
2022-01-06,irrigation_stop,80,0.3434035219
2022-01-07,irrigation_stop,80,0.342262360762882
2022-01-08,irrigation_stop,80,0.34100420645201
2022-01-09,irrigation_stop,80,0.339690796117722
2022-01-10,irrigation_stop,80,0.338443015211372
2022-01-11,irrigation_stop,80,0.337523513258549
2022-01-12,irrigation_stop,80,0.336821911751985
2022-01-13,irrigation_stop,80,0.336027315352183
2022-01-14,irrigation_stop,80,0.335048800326408
2022-01-15,irrigation_stop,80,0.334040978333095
2022-01-16,irrigation_stop,80,0.33298893385036
2022-01-17,irrigation_stop,80,0.332012679757534
2022-01-18,irrigation_stop,80,0.33105977992862
2022-01-19,irrigation_stop,80,0.330091690431561
2022-01-20,irrigation_stop,80,0.329234974175169
2022-01-21,irrigation_stop,80,0.328228549789045
2022-01-22,irrigation_stop,80,0.327467092380189
2022-01-23,irrigation_stop,80,0.326798992156982
2022-01-24,irrigation_stop,80,0.326139095731624
2022-01-25,irrigation_stop,80,0.325492789155693
2022-01-26,irrigation_stop,80,0.324811257814106
2022-01-27,irrigation_stop,80,0.324140581337152
2022-01-28,irrigation_stop,80,0.32356247182478
2022-01-29,irrigation_stop,80,0.323013231068149
2022-01-30,irrigation_stop,80,0.322442779701053
2022-01-31,irrigation_stop,80,0.321659876338223
2022-02-01,irrigation_stop,80,0.320995115146302
2022-02-02,irrigation_stop,80,0.321015035729659
2022-02-03,irrigation_stop,80,0.324485487097734
2022-02-04,irrigation_stop,80,0.331204432643764
2022-02-05,irrigation_stop,80,0.335979567912587
2022-02-06,irrigation_stop,80,0.338130364334374
2022-02-07,irrigation_stop,80,0.340626923168449
2022-02-08,irrigation_stop,80,0.346553012818756
2022-02-09,irrigation_stop,80,0.347602451224076
2022-02-10,irrigation_stop,80,0.346692215601603
2022-02-11,irrigation_stop,80,0.345481132953725
2022-02-12,irrigation_stop,80,0.343924861372563
2022-02-13,irrigation_stop,80,0.342491727126272
2022-02-14,irrigation_stop,80,0.341068537161394
2022-02-15,irrigation_stop,80,0.339874303468175
2022-02-16,irrigation_stop,80,0.338886451721191
2022-02-17,irrigation_stop,80,0.338241374767629
2022-02-18,irrigation_stop,80,0.338879108428955
2022-02-19,irrigation_stop,80,0.339189709780509
2022-02-20,irrigation_stop,80,0.338771853028682
2022-02-21,irrigation_stop,80,0.338149464865762
2022-02-22,irrigation_stop,80,0.337336628825952
2022-02-23,irrigation_stop,80,0.336295283653256
2022-02-24,irrigation_stop,80,0.335217337691993
2022-02-25,irrigation_stop,80,0.334039273447521
2022-02-26,irrigation_stop,80,0.33292708313256
2022-02-27,irrigation_stop,80,0.331810381363559
2022-02-28,irrigation_stop,80,0.330972316306934
2022-03-01,irrigation_stop,80,0.330082431414449
2022-03-02,irrigation_stop,80,0.329249493281047
2022-03-03,irrigation_stop,80,0.328170477883858
2022-03-04,irrigation_stop,80,0.327062094002439
2022-03-05,irrigation_stop,80,0.326083421707153
2022-03-06,irrigation_stop,80,0.325217134576095
2022-03-07,irrigation_stop,80,0.324527595921567
2022-03-08,irrigation_stop,80,0.323811229070028
2022-03-09,irrigation_stop,80,0.322969353993734
2022-03-10,irrigation_stop,80,0.322014598643526
2022-03-11,irrigation_stop,80,0.320961776016452
2022-03-12,irrigation_stop,80,0.319931418844994
2022-03-13,irrigation_stop,80,0.318822908401489
2022-03-14,irrigation_stop,80,0.317665520048978
2022-03-15,irrigation_stop,80,0.316741407126711
2022-03-16,irrigation_stop,80,0.315717028425273
2022-03-17,irrigation_stop,80,0.314633713505436
2022-03-18,irrigation_stop,80,0.31360980100799
2022-03-19,irrigation_stop,80,0.312406624241879
2022-03-20,irrigation_stop,80,0.31095091669183
2022-03-21,irrigation_stop,80,0.309559122721354
2022-03-22,irrigation_stop,80,0.308189660451745
2022-03-23,irrigation_stop,80,0.306823475566372
2022-03-24,irrigation_stop,80,0.30548785186873
2022-03-25,irrigation_stop,80,0.304103432991576
2022-03-26,irrigation_stop,80,0.302643876494023
2022-03-27,irrigation_stop,80,0.300974632615265
2022-03-28,irrigation_stop,80,0.299352041378356
2022-03-29,irrigation_stop,80,0.297651214264987
2022-03-30,irrigation_stop,80,0.296301795434261
2022-03-31,irrigation_stop,80,0.295467186999577
2022-04-01,irrigation_stop,80,0.294765592039677
2022-04-02,irrigation_stop,80,0.294593202815923
2022-04-03,irrigation_stop,80,0.294188987567861
2022-04-04,irrigation_stop,80,0.293321195736266
2022-04-05,irrigation_stop,80,0.291797256469727
2022-04-06,irrigation_stop,80,0.289891215250002
2022-04-07,irrigation_stop,80,0.289050786976846
2022-04-08,irrigation_stop,80,0.290234810764937
2022-04-09,irrigation_stop,80,0.291055375483998
2022-04-10,irrigation_stop,80,0.291813521956234
2022-04-11,irrigation_stop,80,0.291876010058219
2022-04-12,irrigation_stop,80,0.29148471058165
2022-04-13,irrigation_stop,80,0.290914566976982
2022-04-14,irrigation_stop,80,0.290011548839804
2022-04-15,irrigation_stop,80,0.288760718055393
2022-04-16,irrigation_stop,80,0.287232503221746
2022-04-17,irrigation_stop,80,0.285275258854193
2022-04-18,irrigation_stop,80,0.283454266781853
2022-04-19,irrigation_stop,80,0.281262212671259
2022-04-20,irrigation_stop,80,0.27858052263461
2022-04-21,irrigation_stop,80,0.275899445717795
2022-04-22,irrigation_stop,80,0.272940647855718
2022-04-23,irrigation_stop,80,0.269843336810948
2022-04-24,irrigation_stop,80,0.267479271972389
2022-04-25,irrigation_stop,80,0.266728695240098
2022-04-26,irrigation_stop,80,0.265452246916922
2022-04-27,irrigation_stop,80,0.2630926737869
2022-04-28,irrigation_stop,80,0.259843408684982
2022-04-29,irrigation_stop,80,0.256332958701699
2022-04-30,irrigation_stop,80,0.253521637533655
2022-05-01,irrigation_stop,80,0.251698843825509
2022-05-02,irrigation_stop,80,0.248767450341116
2022-05-03,irrigation_stop,80,0.246049595811822
2022-05-04,irrigation_stop,80,0.243460904040963
2022-05-05,irrigation_stop,80,0.24250927762656
2022-05-06,irrigation_stop,80,0.242350404984295
2022-05-07,irrigation_stop,80,0.240144294551523
2022-05-08,irrigation_stop,80,0.237071666165758
2022-05-09,irrigation_stop,80,0.233858903249105
2022-05-10,irrigation_stop,80,0.229880396849008
2022-05-11,irrigation_stop,80,0.225219293819961
2022-05-12,irrigation_stop,80,0.220175144749303
2022-05-13,irrigation_stop,80,0.214763992878429
2022-05-14,irrigation_stop,80,0.209085481981147
2022-05-15,irrigation_stop,80,0.202664573234424
2022-05-16,irrigation_stop,80,0.199253344846163
2022-05-17,irrigation_stop,80,0.19856481552124
2022-05-18,irrigation_stop,80,0.195359811615526
2022-05-19,irrigation_stop,80,0.190955239346153
2022-05-20,irrigation_stop,80,0.185943304195739
2022-05-21,irrigation_stop,80,0.179411914895924
2022-05-22,irrigation_stop,80,0.172941234655548
2022-05-23,irrigation_stop,80,0.167299759916362
2022-05-24,irrigation_stop,80,0.163772960243277
2022-05-25,irrigation_stop,80,0.160844594187122
2022-05-26,irrigation_stop,80,0.156425833679178
2022-05-27,irrigation_stop,80,0.151776300564147
2022-05-28,irrigation_stop,80,0.147756824185771
2022-05-29,irrigation_stop,80,0.144949905082956
2022-05-30,irrigation_stop,80,0.142824697576383
2022-05-31,irrigation_stop,80,0.152392530441284
2022-06-01,irrigation_stop,80,0.135625480728747
2022-06-02,irrigation_stop,80,0.136538247483308
2022-06-03,irrigation_stop,80,0.137898821340563
2022-06-04,irrigation_stop,80,0.138892203793414
2022-06-05,irrigation_stop,80,0.139211624641034
2022-06-06,irrigation_stop,80,0.139695271943745
2022-06-07,irrigation_stop,80,0.139216072873727
2022-06-08,irrigation_stop,80,0.13958555453088
2022-06-09,irrigation_stop,80,0.139370389235647
2022-06-10,irrigation_stop,80,0.138713630475496
2022-06-11,irrigation_stop,80,0.137457180638467
2022-06-12,irrigation_stop,80,0.136032586750231
2022-06-13,irrigation_stop,80,0.134685051733275
2022-06-14,irrigation_stop,80,0.133173016177373
2022-06-15,irrigation_stop,80,0.131739418431332
2022-06-16,irrigation_stop,80,0.130222398256001
2022-06-17,irrigation_stop,80,0.128927531546735
2022-06-18,irrigation_stop,80,0.127503570941101
2022-06-19,irrigation_stop,80,0.126051873412723
2022-06-20,irrigation_stop,80,0.124718229795206
2022-06-21,irrigation_stop,80,0.123381827440192
2022-06-22,irrigation_stop,80,0.12264680247153
2022-06-23,irrigation_stop,80,0.122105537932676
2022-06-24,irrigation_stop,80,0.123190971536839
2022-06-25,irrigation_stop,80,0.123218516614827
2022-06-26,irrigation_stop,80,0.122872079174551
2022-06-27,irrigation_stop,80,0.122060983155903
2022-06-28,irrigation_stop,80,0.121215661348136
2022-06-29,irrigation_stop,80,0.122099702271282
2022-06-30,irrigation_stop,80,0.123376069805467
2022-07-01,irrigation_stop,80,0.123838275451955
2022-07-02,irrigation_stop,80,0.125184152699243
2022-07-03,irrigation_stop,80,0.12588996826975
2022-07-04,irrigation_stop,80,0.125919006172513
2022-07-05,irrigation_stop,80,0.125027971286923
2022-07-06,irrigation_stop,80,0.127637318434934
2022-07-07,irrigation_stop,80,0.129581739598666
2022-07-08,irrigation_stop,80,0.130332720505564
2022-07-09,irrigation_stop,80,0.130390588459216
2022-07-10,irrigation_stop,80,0.129985111016369
2022-07-11,irrigation_stop,80,0.12937867997822
2022-07-12,irrigation_stop,80,0.128571130538696
2022-07-13,irrigation_stop,80,0.127578167239664
2022-07-14,irrigation_stop,80,0.126380524083188
2022-07-15,irrigation_stop,80,0.125186517354489
2022-07-16,irrigation_stop,80,0.124124335291184
2022-07-17,irrigation_stop,80,0.123103301966263
2022-07-18,irrigation_stop,80,0.122009246907336
2022-07-19,irrigation_stop,80,0.120912299199975
2022-07-20,irrigation_stop,80,0.119970777210436
2022-07-21,irrigation_stop,80,0.119416838822421
2022-07-22,irrigation_stop,80,0.118772330836246
2022-07-23,irrigation_stop,80,0.118142728367685
2022-07-24,irrigation_stop,80,0.117494055991231
2022-07-25,irrigation_stop,80,0.116756297061318
2022-07-26,irrigation_stop,80,0.116044502258301
2022-07-27,irrigation_stop,80,0.115432724067372
2022-07-28,irrigation_stop,80,0.114769039154053
2022-07-29,irrigation_stop,80,0.1142532013341
2022-07-30,irrigation_stop,80,0.11388303293226
2022-07-31,irrigation_stop,80,0.113347535682251
2022-08-01,irrigation_stop,80,0.112827680887932
2022-08-02,irrigation_stop,80,0.112321835049951
2022-08-03,irrigation_stop,80,0.111768839427098
2022-08-04,irrigation_stop,80,0.111252591584858
2022-08-05,irrigation_stop,80,0.110858021594108
2022-08-06,irrigation_stop,80,0.110815164666427
2022-08-07,irrigation_stop,80,0.111511634358189
2022-08-08,irrigation_stop,80,0.111654631301942
2022-08-09,irrigation_stop,80,0.111743877977115
2022-08-10,irrigation_stop,80,0.111683490351627
2022-08-11,irrigation_stop,80,0.111479580920676
2022-08-12,irrigation_stop,80,0.111205962393448
2022-08-13,irrigation_stop,80,0.110863352806916
2022-08-14,irrigation_stop,80,0.11051497521566
2022-08-15,irrigation_stop,80,0.110054791238144
2022-08-16,irrigation_stop,80,0.109780448207629
2022-08-17,irrigation_stop,80,0.109507917245499
2022-08-18,irrigation_stop,80,0.109464142836618
2022-08-19,irrigation_stop,80,0.109654102325439
2022-08-20,irrigation_stop,80,0.110389633178711
2022-08-21,irrigation_stop,80,0.110526593660053
2022-08-22,irrigation_stop,80,0.110694046020508
2022-08-23,irrigation_stop,80,0.110803394317627
2022-08-24,irrigation_stop,80,0.110833168029785
2022-08-25,irrigation_stop,80,0.110652571333216
2022-08-26,irrigation_stop,80,0.10978378948626
2022-08-27,irrigation_stop,80,0.111575806155317
2022-08-28,irrigation_stop,80,0.115944391752544
2022-08-29,irrigation_stop,80,0.117353997331985
2022-08-30,irrigation_stop,80,0.117917050390468
2022-08-31,irrigation_stop,80,0.117936605152331
2022-09-01,irrigation_stop,80,0.117851994422174
2022-09-02,irrigation_stop,80,0.11762341268439
2022-09-03,irrigation_stop,80,0.117082790942902
2022-09-04,irrigation_stop,80,0.116842426949359
2022-09-05,irrigation_stop,80,0.116457123605829
2022-09-06,irrigation_stop,80,0.115915049502724
2022-09-07,irrigation_stop,80,0.115536901574386
2022-09-08,irrigation_stop,80,0.114261652093185
2022-09-09,irrigation_stop,80,0.115767244840923
2022-09-10,irrigation_stop,80,0.117101197092157
2022-09-11,irrigation_stop,80,0.117828979893735
2022-09-12,irrigation_stop,80,0.118070753398694
2022-09-13,irrigation_stop,80,0.118122252012554
2022-09-14,irrigation_stop,80,0.117998485565186
2022-09-15,irrigation_stop,80,0.117783393859863
2022-09-16,irrigation_stop,80,0.117596819425884
2022-09-17,irrigation_stop,80,0.117145729064941
2022-09-18,irrigation_stop,80,0.116605990761205
2022-09-19,irrigation_stop,80,0.116137294769287
2022-09-20,irrigation_stop,80,0.115651435852051
2022-09-21,irrigation_stop,80,0.115229657389949
2022-09-22,irrigation_stop,80,0.114717960759213
2022-09-23,irrigation_stop,80,0.114419898986816
2022-09-24,irrigation_stop,80,0.113842082374974
2022-09-25,irrigation_stop,80,0.11384227590358
2022-09-26,irrigation_stop,80,0.113887844085693
2022-09-27,irrigation_stop,80,0.113925750933195
2022-09-28,irrigation_stop,80,0.112600898742676
2022-09-29,irrigation_stop,80,0.11173318862915
2022-09-30,irrigation_stop,80,0.112352844439055
2022-10-01,irrigation_stop,80,0.112751386341296
2022-10-02,irrigation_stop,80,0.113005665795133
2022-10-03,irrigation_stop,80,0.113986084343204
2022-10-04,irrigation_stop,80,0.114960098266602
2022-10-05,irrigation_stop,80,0.115817475770649
2022-10-06,irrigation_stop,80,0.116607577474494
2022-10-07,irrigation_stop,80,0.117321268182052
2022-10-08,irrigation_stop,80,0.117773420049789
2022-10-09,irrigation_stop,80,0.118124868894878
2022-10-10,irrigation_stop,80,0.118683119322124
2022-10-11,irrigation_stop,80,0.119156188964844
2022-10-12,irrigation_stop,80,0.11943948499618
2022-10-13,irrigation_stop,80,0.120063018798828
2022-10-14,irrigation_stop,80,0.120221099853516
2022-10-15,irrigation_stop,80,0.119991604052092
2022-10-16,irrigation_stop,80,0.120758399762605
2022-10-17,irrigation_stop,80,0.121189024473491
2022-10-18,irrigation_stop,80,0.121359180851987
2022-10-19,irrigation_stop,80,0.121612453460693
2022-10-20,irrigation_stop,80,0.121730346679688
2022-10-21,irrigation_stop,80,0.120986348202354
2022-10-22,irrigation_stop,80,0.120505554399992
2022-10-23,irrigation_stop,80,0.121154392242432
2022-10-24,irrigation_stop,80,0.120553334286338
2022-10-25,irrigation_stop,80,0.119753165751068
2022-10-26,irrigation_stop,80,0.119710268054092
2022-10-27,irrigation_stop,80,0.120818275563438
2022-10-28,irrigation_stop,80,0.122333266274971
2022-10-29,irrigation_stop,80,0.123315943578768
2022-10-30,irrigation_stop,80,0.12404925664266
2022-10-31,irrigation_stop,80,0.124647888384367
2022-11-01,irrigation_stop,80,0.125191779220313
2022-11-02,irrigation_stop,80,0.125802621773794
2022-11-03,irrigation_stop,80,0.126382050765188
2022-11-04,irrigation_stop,80,0.126285988746093
2022-11-05,irrigation_stop,80,0.127360595202615
2022-11-06,irrigation_stop,80,0.128734896369014
2022-11-07,irrigation_stop,80,0.130117230078942
2022-11-08,irrigation_stop,80,0.131484922107897
2022-11-09,irrigation_stop,80,0.13287336182176
2022-11-10,irrigation_stop,80,0.13428362932166
2022-11-11,irrigation_stop,80,0.13600318072135
2022-11-12,irrigation_stop,80,0.137606620788574
2022-11-13,irrigation_stop,80,0.139200913334604
2022-11-14,irrigation_stop,80,0.140272788666842
2022-11-15,irrigation_stop,80,0.141381342369213
2022-11-16,irrigation_stop,80,0.142980327271579
2022-11-17,irrigation_stop,80,0.144652066280324
2022-11-18,irrigation_stop,80,0.146717409501996
2022-11-19,irrigation_stop,80,0.14829644454153
2022-11-20,irrigation_stop,80,0.150643735765639
2022-11-21,irrigation_stop,80,0.152506611914099
2022-11-22,irrigation_stop,80,0.154776425960379
2022-11-23,irrigation_stop,80,0.15761524401213
2022-11-24,irrigation_stop,80,0.161486014736933
2022-11-25,irrigation_stop,80,0.165053830248244
2022-11-26,irrigation_stop,80,0.168298767644463
2022-11-27,irrigation_stop,80,0.171195965977292
2022-11-28,irrigation_stop,80,0.173528815668525
2022-11-29,irrigation_stop,80,0.175784280037628
2022-11-30,irrigation_stop,80,0.177826901921017
2022-12-01,irrigation_stop,80,0.17947774100366
2022-12-02,irrigation_stop,80,0.181106858771432
2022-12-03,irrigation_stop,80,0.182601367929793
2022-12-04,irrigation_stop,80,0.183733499502419
2022-12-05,irrigation_stop,80,0.185577410052073
2022-12-06,irrigation_stop,80,0.186722790322445
2022-12-07,irrigation_stop,80,0.188609399190938
2022-12-08,irrigation_stop,80,0.190758494629183
2022-12-09,irrigation_stop,80,0.192883375752351
2022-12-10,irrigation_stop,80,0.196080919057699
2022-12-11,irrigation_stop,80,0.19831307666651601
2022-12-12,irrigation_stop,80,0.200848887052062
2022-12-13,irrigation_stop,80,0.203485385745975
2022-12-14,irrigation_stop,80,0.205887586529877
2022-12-15,irrigation_stop,80,0.207872599986397
2022-12-16,irrigation_stop,80,0.210683469261045
2022-12-17,irrigation_stop,80,0.21329462395169899
2022-12-18,irrigation_stop,80,0.215265732419716
2022-12-19,irrigation_stop,80,0.217250690104224
2022-12-20,irrigation_stop,80,0.218999796930236
2022-12-21,irrigation_stop,80,0.219893482092655
2022-12-22,irrigation_stop,80,0.230831909179687
2022-12-23,irrigation_stop,80,0.243083261208334
2022-12-24,irrigation_stop,80,0.336532732766622
2022-12-25,irrigation_stop,80,0.337125021954019
2022-12-26,irrigation_stop,80,0.331166908336068
2022-12-27,irrigation_stop,80,0.326295662810904
2022-12-28,irrigation_stop,80,0.32310949004831
2022-12-29,irrigation_stop,80,0.320240126954414
2022-12-30,irrigation_stop,80,0.318080135420257
2022-12-31,irrigation_stop,80,0.308964920043945
2023-01-02,irrigation_stop,80,0.314928338938746
2023-01-03,irrigation_stop,80,0.314550609099559
2023-01-04,irrigation_stop,80,0.312342083070703
2023-01-05,irrigation_stop,80,0.310755014140042
2023-01-06,irrigation_stop,80,0.309041854516105
2023-01-07,irrigation_stop,80,0.307496371167771
2023-01-08,irrigation_stop,80,0.306352467579885
2023-01-11,irrigation_stop,80,0.318831199445148
2023-01-12,irrigation_stop,80,0.319967337963628
2023-01-13,irrigation_stop,80,0.319268470191288
2023-01-14,irrigation_stop,80,0.317919048720129
2023-01-15,irrigation_stop,80,0.31620566800924
2023-01-16,irrigation_stop,80,0.314679875984453
2023-01-17,irrigation_stop,80,0.313331637420696
2023-01-18,irrigation_stop,80,0.312567309245289
2023-01-19,irrigation_stop,80,0.311699418360514
2023-01-20,irrigation_stop,80,0.310770181120053
2023-01-21,irrigation_stop,80,0.310199563768175
2023-01-29,irrigation_stop,80,0.325103759765625
2023-01-31,irrigation_stop,80,0.299629465738932
2023-02-01,irrigation_stop,80,0.298971862792969
2023-02-02,irrigation_stop,80,0.297935969034831
2023-02-03,irrigation_stop,80,0.297308095296224
2023-02-04,irrigation_stop,80,0.322283935546875
2023-02-05,irrigation_stop,80,0.302032470703125
2023-02-07,irrigation_stop,80,0.296803109584711
2023-02-08,irrigation_stop,80,0.297206397289339
2023-02-09,irrigation_stop,80,0.297665354082426
2023-02-10,irrigation_stop,80,0.297886189997121
2023-02-11,irrigation_stop,80,0.297864787739266
2023-02-12,irrigation_stop,80,0.297592361937178
2023-02-13,irrigation_stop,80,0.297155957344251
2023-02-14,irrigation_stop,80,0.296682849519458
2023-02-15,irrigation_stop,80,0.2961767578125
2023-02-16,irrigation_stop,80,0.295657857259115
2023-02-17,irrigation_stop,80,0.294992421468099
2023-02-18,irrigation_stop,80,0.294898009177966
2023-02-19,irrigation_stop,80,0.29449080374302
2023-02-20,irrigation_stop,80,0.294190362434841
2023-02-21,irrigation_stop,80,0.293729650161335
2023-02-22,irrigation_stop,80,0.293246630252468
2023-02-23,irrigation_stop,80,0.292427698771159
2023-02-24,irrigation_stop,80,0.292018343582326
2023-02-25,irrigation_stop,80,0.291361662039463
2023-02-26,irrigation_stop,80,0.290728919520915
2023-02-27,irrigation_stop,80,0.290336507161458
2023-02-28,irrigation_stop,80,0.289996949226993
2023-03-01,irrigation_stop,80,0.289689255926524
2023-03-02,irrigation_stop,80,0.289392231221785
2023-03-03,irrigation_stop,80,0.288968918993652
2023-03-04,irrigation_stop,80,0.288558232513065
2023-03-05,irrigation_stop,80,0.288025393325754
2023-03-06,irrigation_stop,80,0.287357132058395
2023-03-07,irrigation_stop,80,0.286779943432724
2023-03-08,irrigation_stop,80,0.286418722554257
2023-03-09,irrigation_stop,80,0.287625074386597
2023-03-10,irrigation_stop,80,0.290043927912127
2023-03-11,irrigation_stop,80,0.307404818785818
2023-03-12,irrigation_stop,80,0.328203034287657
2023-03-13,irrigation_stop,80,0.328509295446831
2023-03-14,irrigation_stop,80,0.353047521323488
2023-03-15,irrigation_stop,80,0.354206200315241
2023-03-16,irrigation_stop,80,0.34548479582134
2023-03-17,irrigation_stop,80,0.338394893741827
2023-03-18,irrigation_stop,80,0.332625644685997
2023-03-19,irrigation_stop,80,0.328021370569865
2023-03-20,irrigation_stop,80,0.325564678593686
2023-03-21,irrigation_stop,80,0.324474470238937
2023-03-22,irrigation_stop,80,0.3225469953972
2023-03-23,irrigation_stop,80,0.320033196733709
2023-03-24,irrigation_stop,80,0.318063636372542
2023-03-25,irrigation_stop,80,0.318228992840922
2023-03-26,irrigation_stop,80,0.320241005997181
2023-03-27,irrigation_stop,80,0.326255323954864
2023-03-28,irrigation_stop,80,0.328086936764601
2023-03-29,irrigation_stop,80,0.326786636386001
2023-03-30,irrigation_stop,80,0.325077829982781
2023-03-31,irrigation_stop,80,0.324426749846232
2023-04-01,irrigation_stop,80,0.336642281446473
2023-04-02,irrigation_stop,80,0.339643488877209
2023-04-03,irrigation_stop,80,0.335817243021431
2023-04-04,irrigation_stop,80,0.331502703741087
2023-04-05,irrigation_stop,80,0.327607516528402
2023-04-06,irrigation_stop,80,0.324145018038976
2023-04-07,irrigation_stop,80,0.321385261522117
2023-04-08,irrigation_stop,80,0.319149411783484
2023-04-09,irrigation_stop,80,0.317026728772103
2023-04-10,irrigation_stop,80,0.314714204842317
2023-04-11,irrigation_stop,80,0.312709954782581
2023-04-12,irrigation_stop,80,0.310887281098175
2023-04-13,irrigation_stop,80,0.309033531500093
2023-04-14,irrigation_stop,80,0.307266546479354
2023-04-15,irrigation_stop,80,0.305714363919704
2023-04-16,irrigation_stop,80,0.304307959728519
2023-04-17,irrigation_stop,80,0.302535832858255
2023-04-18,irrigation_stop,80,0.300668518590411
2023-04-19,irrigation_stop,80,0.298981430494117
2023-04-20,irrigation_stop,80,0.297894642539058
2023-04-21,irrigation_stop,80,0.296977339399622
2023-04-22,irrigation_stop,80,0.29549236824414
2023-04-23,irrigation_stop,80,0.29435048421224
2023-04-24,irrigation_stop,80,0.293121616214725
2023-04-25,irrigation_stop,80,0.291980821904181
2023-04-26,irrigation_stop,80,0.290637981628522
2023-04-27,irrigation_stop,80,0.289286173489077
2023-04-28,irrigation_stop,80,0.288014150511288
2023-04-29,irrigation_stop,80,0.288866218607476
2023-04-30,irrigation_stop,80,0.293124793268019
2023-05-01,irrigation_stop,80,0.303822769355937
2023-05-02,irrigation_stop,80,0.318988651924945
2023-05-03,irrigation_stop,80,0.319265219273376
2023-05-04,irrigation_stop,80,0.316545811457703
2023-05-05,irrigation_stop,80,0.31323481348978
2023-05-06,irrigation_stop,80,0.310027491381159
2023-05-07,irrigation_stop,80,0.30715106125419
2023-05-08,irrigation_stop,80,0.304838374217033
2023-05-09,irrigation_stop,80,0.302353385520439
2023-05-10,irrigation_stop,80,0.300403266933793
2023-05-11,irrigation_stop,80,0.298092453961461
2023-05-12,irrigation_stop,80,0.295983132910221
2023-05-13,irrigation_stop,80,0.29414848651465
2023-05-14,irrigation_stop,80,0.292580925488303
2023-05-15,irrigation_stop,80,0.29061881768788
2023-05-16,irrigation_stop,80,0.288563865052824
2023-05-17,irrigation_stop,80,0.286751804960535
2023-05-18,irrigation_stop,80,0.284919613127829
2023-05-19,irrigation_stop,80,0.283375029191903
2023-05-20,irrigation_stop,80,0.28164739879701
2023-05-21,irrigation_stop,80,0.279475480613979
2023-05-22,irrigation_stop,80,0.276926747474439
2023-05-23,irrigation_stop,80,0.274527007316911
2023-05-24,irrigation_stop,80,0.272837288836215
2023-05-25,irrigation_stop,80,0.270745933252576
2023-05-26,irrigation_stop,80,0.267917387198049
2023-05-27,irrigation_stop,80,0.264814836759094
2023-05-28,irrigation_stop,80,0.262088486384906
2023-05-29,irrigation_stop,80,0.259005830904843
2023-05-30,irrigation_stop,80,0.255771811465
2023-05-31,irrigation_stop,80,0.252737542754369
2023-06-01,irrigation_stop,80,0.249180323060102
2023-06-02,irrigation_stop,80,0.24539686162421
2023-06-03,irrigation_stop,80,0.24202332081806
2023-06-04,irrigation_stop,80,0.238908352750413
2023-06-05,irrigation_stop,80,0.23539901242079
2023-06-06,irrigation_stop,80,0.229978376172758
2023-06-07,irrigation_stop,80,0.224269234079088
2023-06-08,irrigation_stop,80,0.21798268942641
2023-06-09,irrigation_stop,80,0.212586851374933
2023-06-10,irrigation_stop,80,0.209060173169941
2023-06-11,irrigation_stop,80,0.206376434297749
2023-06-12,irrigation_stop,80,0.201186983349931
2023-06-13,irrigation_stop,80,0.194988067755797
2023-06-14,irrigation_stop,80,0.189220444023186
2023-06-15,irrigation_stop,80,0.180913616606174
2023-06-16,irrigation_stop,80,0.172706816321925
2023-06-17,irrigation_stop,80,0.165108547879939
2023-06-18,irrigation_stop,80,0.158248597672289
2023-06-19,irrigation_stop,80,0.153147464384112
2023-06-20,irrigation_stop,80,0.148251144335136
2023-06-21,irrigation_stop,80,0.144510172971069
2023-06-22,irrigation_stop,80,0.14191245454601
2023-06-23,irrigation_stop,80,0.140291454917506
2023-06-24,irrigation_stop,80,0.138078029699493
2023-06-25,irrigation_stop,80,0.135937264425713
2023-06-26,irrigation_stop,80,0.133855270209175
2023-06-27,irrigation_stop,80,0.131923757840022
2023-06-28,irrigation_stop,80,0.130247518807127
2023-06-29,irrigation_stop,80,0.128631964238912
2023-06-30,irrigation_stop,80,0.128356416490343
2023-07-01,irrigation_stop,80,0.128897364934285
2023-07-02,irrigation_stop,80,0.128400254523047
2023-07-03,irrigation_stop,80,0.127549203236898
2023-07-04,irrigation_stop,80,0.126611932118734
2023-07-05,irrigation_stop,80,0.125703366597494
2023-07-06,irrigation_stop,80,0.124771324793498
2023-07-07,irrigation_stop,80,0.123874775568644
2023-07-08,irrigation_stop,80,0.122912661675955
2023-07-09,irrigation_stop,80,0.121994002660116
2023-07-10,irrigation_stop,80,0.121068747838338
2023-07-11,irrigation_stop,80,0.120151871014553
2023-07-12,irrigation_stop,80,0.118817694981893
2023-07-13,irrigation_stop,80,0.118602736790975
2023-07-14,irrigation_stop,80,0.11987417577728
2023-07-27,irrigation_stop,80,0.122027366748755
2023-07-28,irrigation_stop,80,0.122816892526362
2023-07-29,irrigation_stop,80,0.123406667962097
2023-07-30,irrigation_stop,80,0.123666604359945
2023-07-31,irrigation_stop,80,0.124636539660002
2023-08-01,irrigation_stop,80,0.125253225100846
2023-08-02,irrigation_stop,80,0.12539305335597
2023-08-03,irrigation_stop,80,0.125162594586266
2023-08-04,irrigation_stop,80,0.125279943231951
2023-08-05,irrigation_stop,80,0.125022554397583
2023-08-06,irrigation_stop,80,0.124620669013576
2023-08-07,irrigation_stop,80,0.123933148300439
2023-08-08,irrigation_stop,80,0.123255602518717
2023-08-09,irrigation_stop,80,0.122448244429471
2023-08-10,irrigation_stop,80,0.121653207143148
2023-08-11,irrigation_stop,80,0.120921962804962
2023-08-12,irrigation_stop,80,0.120306503563596
2023-08-13,irrigation_stop,80,0.119748290379842
2023-08-14,irrigation_stop,80,0.119193485625959
2023-08-15,irrigation_stop,80,0.118635354150628
2023-08-16,irrigation_stop,80,0.118046760559082
2023-08-17,irrigation_stop,80,0.117780955632528
2023-08-18,irrigation_stop,80,0.117986157777907
2023-08-19,irrigation_stop,80,0.117846046894867
2023-08-20,irrigation_stop,80,0.11758713722229
2023-08-21,irrigation_stop,80,0.117227295992667
2023-08-22,irrigation_stop,80,0.116852919260661
2023-08-23,irrigation_stop,80,0.116401974360148
2023-08-24,irrigation_stop,80,0.115829086303711
2023-08-25,irrigation_stop,80,0.115294249852498
2023-08-26,irrigation_stop,80,0.114791077047464
2023-08-27,irrigation_stop,80,0.11460386912028
2023-08-28,irrigation_stop,80,0.137051952514421
2023-08-29,irrigation_stop,80,0.168499728253013
2023-08-30,irrigation_stop,80,0.17965620358785
2023-08-31,irrigation_stop,80,0.185889879862467
2023-09-01,irrigation_stop,80,0.187184190750122
2023-09-02,irrigation_stop,80,0.187610113037838
2023-09-03,irrigation_stop,80,0.188404836821974
2023-09-04,irrigation_stop,80,0.188363901774089
2023-09-05,irrigation_stop,80,0.187238264083862
2023-09-06,irrigation_stop,80,0.18501091003418
2023-09-07,irrigation_stop,80,0.181731095550754
2023-09-08,irrigation_stop,80,0.177753734588623
2023-09-09,irrigation_stop,80,0.173302030563354
2023-09-10,irrigation_stop,80,0.168642144738938
2023-09-11,irrigation_stop,80,0.163967269891765
2023-09-12,irrigation_stop,80,0.159717384974162
2023-09-13,irrigation_stop,80,0.157185173034668
2023-09-14,irrigation_stop,80,0.15646924208598
2023-09-15,irrigation_stop,80,0.153499062856038
2023-09-16,irrigation_stop,80,0.150747553507487
2023-09-17,irrigation_stop,80,0.147435839970907
2023-09-18,irrigation_stop,80,0.14414434844475
2023-09-19,irrigation_stop,80,0.143499562547206
2023-09-20,irrigation_stop,80,0.143824451385304
2023-09-21,irrigation_stop,80,0.143040263427643
2023-09-22,irrigation_stop,80,0.14164322150381
2023-09-23,irrigation_stop,80,0.142100604375203
2023-09-24,irrigation_stop,80,0.141503371021204
2023-09-25,irrigation_stop,80,0.140763318046521
2023-09-26,irrigation_stop,80,0.139676656121414
2023-09-27,irrigation_stop,80,0.138404140974346
2023-09-28,irrigation_stop,80,0.13693760318336
2023-09-29,irrigation_stop,80,0.135452481821964
2023-09-30,irrigation_stop,80,0.134016140887612
2023-10-01,irrigation_stop,80,0.132556615294072
2023-10-02,irrigation_stop,80,0.131020265043828
2023-10-03,irrigation_stop,80,0.129532524577358
2023-10-04,irrigation_stop,80,0.128345048636721
2023-10-05,irrigation_stop,80,0.127334645589193
2023-10-06,irrigation_stop,80,0.126244034149523
2023-10-07,irrigation_stop,80,0.125046248768817
2023-10-08,irrigation_stop,80,0.123978869134519
2023-10-09,irrigation_stop,80,0.123012466459143
2023-10-10,irrigation_stop,80,0.122107503733647
2023-10-11,irrigation_stop,80,0.121327752102307
2023-10-12,irrigation_stop,80,0.120583665711793
2023-10-13,irrigation_stop,80,0.119891701246563
2023-10-14,irrigation_stop,80,0.119284504672937
2023-10-15,irrigation_stop,80,0.11899222305258
2023-10-16,irrigation_stop,80,0.118578068248013
2023-10-17,irrigation_stop,80,0.118143611205252
2023-10-18,irrigation_stop,80,0.117662646844343
2023-10-19,irrigation_stop,80,0.117153469255141
2023-10-20,irrigation_stop,80,0.116567782081299
2023-10-21,irrigation_stop,80,0.116499121314601
2023-10-22,irrigation_stop,80,0.116890601944505
2023-10-23,irrigation_stop,80,0.117107337985122
2023-10-24,irrigation_stop,80,0.116974255546521
2023-10-25,irrigation_stop,80,0.11694861360431
2023-10-26,irrigation_stop,80,0.116211274799548
2023-10-27,irrigation_stop,80,0.114800161563731
2023-10-28,irrigation_stop,80,0.114570620520073
2023-10-29,irrigation_stop,80,0.11566080991169
2023-10-30,irrigation_stop,80,0.116704301082986
2023-10-31,irrigation_stop,80,0.116587009351616
2023-11-01,irrigation_stop,80,0.117200516985174
2023-11-02,irrigation_stop,80,0.120291527224459
2023-11-03,irrigation_stop,80,0.127324039392304
2023-11-04,irrigation_stop,80,0.130216869053088
2023-11-05,irrigation_stop,80,0.157966065045478
2023-11-06,irrigation_stop,80,0.208182893552278
2023-11-07,irrigation_stop,80,0.247851992991933
2023-11-08,irrigation_stop,80,0.278300958386372
2023-11-09,irrigation_stop,80,0.282572814372548
2023-11-10,irrigation_stop,80,0.284272814583716
2023-11-11,irrigation_stop,80,0.288847414680985
2023-11-12,irrigation_stop,80,0.293578105327041
2023-11-13,irrigation_stop,80,0.306096706725003
2023-11-14,irrigation_stop,80,0.357311220671001
2023-11-15,irrigation_stop,80,0.385785445853729
2023-11-16,irrigation_stop,80,0.363232867278996
2023-11-17,irrigation_stop,80,0.348717655048036
2023-11-18,irrigation_stop,80,0.338255535426893
2023-11-19,irrigation_stop,80,0.332483236915187
2023-11-20,irrigation_stop,80,0.329708246599164
2023-11-21,irrigation_stop,80,0.327335448690474
2023-11-22,irrigation_stop,80,0.324869414269368
2023-11-23,irrigation_stop,80,0.322306588658115
2023-11-24,irrigation_stop,80,0.319871236609629
2023-11-25,irrigation_stop,80,0.317279983319734
2023-11-26,irrigation_stop,80,0.314899593654432
2023-11-27,irrigation_stop,80,0.312931799804955
2023-11-28,irrigation_stop,80,0.31324645109344
2023-11-29,irrigation_stop,80,0.322205004569812
2023-11-30,irrigation_stop,80,0.325803880189594
2023-12-01,irrigation_stop,80,0.361862161034032
2023-12-02,irrigation_stop,80,0.374141410950094
2023-12-03,irrigation_stop,80,0.367448297132526
2023-12-04,irrigation_stop,80,0.357711288385224
2023-12-05,irrigation_stop,80,0.350271232693264
2023-12-06,irrigation_stop,80,0.344684205975449
2023-12-07,irrigation_stop,80,0.340196823627035
2023-12-08,irrigation_stop,80,0.336539957314207
2023-12-09,irrigation_stop,80,0.33737794791375
2023-12-10,irrigation_stop,80,0.379369277117545
2023-12-11,irrigation_stop,80,0.393974389695285
2023-12-12,irrigation_stop,80,0.402561660829254
2023-12-13,irrigation_stop,80,0.407609901157677
2023-12-14,irrigation_stop,80,0.384364469093189
2023-12-15,irrigation_stop,80,0.372316122222365
2023-12-16,irrigation_stop,80,0.360968513990703
2023-12-17,irrigation_stop,80,0.354573337989941
2023-12-18,irrigation_stop,80,0.349718507130941
2023-12-19,irrigation_stop,80,0.345310291252205
2023-12-20,irrigation_stop,80,0.34169340133667
2023-12-21,irrigation_stop,80,0.338526434982032
2023-12-22,irrigation_stop,80,0.336295636494954
2023-12-23,irrigation_stop,80,0.334482288360596
2023-12-24,irrigation_stop,80,0.332508877038333
2023-12-25,irrigation_stop,80,0.330544070093967
2023-12-26,irrigation_stop,80,0.328489257994763
2023-12-27,irrigation_stop,80,0.326559604510926
2023-12-28,irrigation_stop,80,0.324615316472867
2023-12-29,irrigation_stop,80,0.322797935744994
2023-12-30,irrigation_stop,80,0.320996247818774
2023-12-31,irrigation_stop,80,0.319459019483315
2024-01-01,irrigation_stop,80,0.318144469330276
2024-01-02,irrigation_stop,80,0.317151784896851
2024-01-03,irrigation_stop,80,0.317352643612829
2024-01-04,irrigation_stop,80,0.319938476450056
2024-01-05,irrigation_stop,80,0.325445143381755
2024-01-06,irrigation_stop,80,0.329300358356159
2024-01-07,irrigation_stop,80,0.332222334543864
2024-01-08,irrigation_stop,80,0.331632335986073
2024-01-09,irrigation_stop,80,0.330011781056722
2024-01-10,irrigation_stop,80,0.328286585222211
2024-01-11,irrigation_stop,80,0.326522382100423
2024-01-12,irrigation_stop,80,0.324761172213097
2024-01-13,irrigation_stop,80,0.322917431884401
2024-01-14,irrigation_stop,80,0.321266241753533
2024-01-15,irrigation_stop,80,0.319920651117961
2024-01-16,irrigation_stop,80,0.318643919626872
2024-01-17,irrigation_stop,80,0.318812551409418
2024-01-18,irrigation_stop,80,0.338827403386434
2024-01-19,irrigation_stop,80,0.360625501992046
2024-01-20,irrigation_stop,80,0.356530300776164
2024-01-21,irrigation_stop,80,0.350723203023275
2024-01-22,irrigation_stop,80,0.34605420609916
2024-01-23,irrigation_stop,80,0.345506906509399
2024-01-24,irrigation_stop,80,0.345999172448489
2024-01-25,irrigation_stop,80,0.34380331052956
2024-01-26,irrigation_stop,80,0.341179299463128
2024-01-27,irrigation_stop,80,0.338622376319854
2024-01-28,irrigation_stop,80,0.336113749208981
2024-01-29,irrigation_stop,80,0.333673830733632
2024-01-30,irrigation_stop,80,0.331361611684163
2024-01-31,irrigation_stop,80,0.329116627976894
2024-02-01,irrigation_stop,80,0.327089818318685
2024-02-02,irrigation_stop,80,0.325155249321892
2024-02-03,irrigation_stop,80,0.32335786819458
2024-02-04,irrigation_stop,80,0.32165455247538
2024-02-05,irrigation_stop,80,0.320158279944331
2024-02-06,irrigation_stop,80,0.318560639186878
2024-02-07,irrigation_stop,80,0.317072425403985
2024-02-08,irrigation_stop,80,0.316322072521551
2024-02-09,irrigation_stop,80,0.315439017613729
2024-02-10,irrigation_stop,80,0.314927768707275
2024-02-11,irrigation_stop,80,0.314217502925769
2024-02-12,irrigation_stop,80,0.313389460245768
2024-02-13,irrigation_stop,80,0.312526067097982
2024-02-14,irrigation_stop,80,0.311524264017741
2024-02-15,irrigation_stop,80,0.310373369852702
2024-02-16,irrigation_stop,80,0.309133466084798
2024-02-17,irrigation_stop,80,0.307935866996307
2024-02-18,irrigation_stop,80,0.306755463282267
2024-02-19,irrigation_stop,80,0.305634276072184
2024-02-20,irrigation_stop,80,0.30458296140035
2024-02-21,irrigation_stop,80,0.303411346412764
2024-02-22,irrigation_stop,80,0.30316170056661
2024-02-23,irrigation_stop,80,0.309082953135173
2024-02-24,irrigation_stop,80,0.320222282409668
2024-02-25,irrigation_stop,80,0.321837157075123
2024-02-26,irrigation_stop,80,0.320718377431234
2024-02-27,irrigation_stop,80,0.319257640838623
2024-02-28,irrigation_stop,80,0.317703383710234
2024-02-29,irrigation_stop,80,0.315854581197103
2024-03-01,irrigation_stop,80,0.314381158824578
2024-03-02,irrigation_stop,80,0.313425647334049
2024-03-03,irrigation_stop,80,0.312024720509847
2024-03-04,irrigation_stop,80,0.310825328125276
2024-03-05,irrigation_stop,80,0.309689919779113
2024-03-06,irrigation_stop,80,0.30845109621683803
2024-03-07,irrigation_stop,80,0.306880112235428
2024-03-08,irrigation_stop,80,0.305360820580882
2024-03-09,irrigation_stop,80,0.303718768636341
2024-03-10,irrigation_stop,80,0.303006823857625
2024-03-11,irrigation_stop,80,0.303332751463962
2024-03-12,irrigation_stop,80,0.304518180525361
2024-03-13,irrigation_stop,80,0.305511776606242
2024-03-14,irrigation_stop,80,0.305218938277167
2024-03-15,irrigation_stop,80,0.304456122716268
2024-03-16,irrigation_stop,80,0.304209294278215
2024-03-17,irrigation_stop,80,0.304439210891724
2024-03-18,irrigation_stop,80,0.307071447372437
2024-03-19,irrigation_stop,80,0.317308691259016
2024-03-20,irrigation_stop,80,0.319752422968547
2024-03-21,irrigation_stop,80,0.318881241480509
2024-03-22,irrigation_stop,80,0.317477782567342
2024-03-23,irrigation_stop,80,0.315558735529582
2024-03-24,irrigation_stop,80,0.313610369720402
2024-03-25,irrigation_stop,80,0.311516253153483
2024-03-26,irrigation_stop,80,0.309257411956787
2024-03-27,irrigation_stop,80,0.307781744003296
2024-03-28,irrigation_stop,80,0.307340963889788
2024-03-29,irrigation_stop,80,0.306817881266276
2024-03-30,irrigation_stop,80,0.306408037596472
2024-03-31,irrigation_stop,80,0.306978973297541
2024-04-01,irrigation_stop,80,0.308525209444679
2024-04-02,irrigation_stop,80,0.308702325820923
2024-04-03,irrigation_stop,80,0.307941757777415
2024-04-04,irrigation_stop,80,0.306824000676473
2024-04-05,irrigation_stop,80,0.304238494237264
2024-04-06,irrigation_stop,80,0.301589790980021
2024-04-07,irrigation_stop,80,0.30003886306495
2024-04-08,irrigation_stop,80,0.298444525400798
2024-04-09,irrigation_stop,80,0.297529061635335
2024-04-10,irrigation_stop,80,0.296663888295492
2024-04-11,irrigation_stop,80,0.294694050115718
2024-04-12,irrigation_stop,80,0.291990042106798
2024-04-13,irrigation_stop,80,0.289564490693859
2024-04-14,irrigation_stop,80,0.287494801520077
2024-04-15,irrigation_stop,80,0.285450975711529
2024-04-16,irrigation_stop,80,0.285718484488238
2024-04-17,irrigation_stop,80,0.284816983898582
2024-04-18,irrigation_stop,80,0.283930690999617
2024-04-19,irrigation_stop,80,0.28311905397057
2024-04-20,irrigation_stop,80,0.282213068008423
2024-04-21,irrigation_stop,80,0.281403080622355
2024-04-22,irrigation_stop,80,0.280930428442647
2024-04-23,irrigation_stop,80,0.280018870035807
2024-04-24,irrigation_stop,80,0.278622643152873
2024-04-25,irrigation_stop,80,0.277199935913086
2024-04-26,irrigation_stop,80,0.275477292077583
2024-04-27,irrigation_stop,80,0.273601126960962
2024-04-28,irrigation_stop,80,0.271805286407471
2024-04-29,irrigation_stop,80,0.270330803969256
2024-04-30,irrigation_stop,80,0.267554581639659
2024-05-01,irrigation_stop,80,0.265755414962769
2024-05-02,irrigation_stop,80,0.26460021554378
2024-05-03,irrigation_stop,80,0.263879576380681
2024-05-04,irrigation_stop,80,0.262614031966474
2024-05-05,irrigation_stop,80,0.260250270226946
2024-05-06,irrigation_stop,80,0.259320045918304
2024-05-07,irrigation_stop,80,0.261150435230188
2024-05-08,irrigation_stop,80,0.260873481850875
2024-05-09,irrigation_stop,80,0.259706727555102
2024-05-10,irrigation_stop,80,0.259114402039098
2024-05-11,irrigation_stop,80,0.258399216334025
2024-05-12,irrigation_stop,80,0.257086582276393
2024-05-13,irrigation_stop,80,0.257208675417984
2024-05-14,irrigation_stop,80,0.255800973423028
2024-05-15,irrigation_stop,80,0.254489803314209
2024-05-16,irrigation_stop,80,0.255505736668905
2024-05-17,irrigation_stop,80,0.254805735224617
2024-05-18,irrigation_stop,80,0.25237427463896
2024-05-19,irrigation_stop,80,0.250669850418544
2024-05-20,irrigation_stop,80,0.248287589960804
2024-05-21,irrigation_stop,80,0.247716061274211
2024-05-22,irrigation_stop,80,0.246100073369771
2024-05-23,irrigation_stop,80,0.245756737391154
2024-05-24,irrigation_stop,80,0.244433275858561
2024-05-25,irrigation_stop,80,0.242347455804606
2024-05-26,irrigation_stop,80,0.239083885144458
2024-05-27,irrigation_stop,80,0.237418276055974
2024-05-28,irrigation_stop,80,0.23597903251648
2024-05-29,irrigation_stop,80,0.23348175684611
2024-05-30,irrigation_stop,80,0.232498979568481
2024-05-31,irrigation_stop,80,0.232954819997152
2024-06-01,irrigation_stop,80,0.231190800625871
2024-06-02,irrigation_stop,80,0.230091047286987
2024-06-03,irrigation_stop,80,0.228711465947349
2024-06-04,irrigation_stop,80,0.224371870704319
2024-06-05,irrigation_stop,80,0.223065274176636
2024-06-11,irrigation_stop,80,0.198604431152344
2024-06-12,irrigation_stop,80,0.19576441258384
2024-06-13,irrigation_stop,80,0.189518793173004
2024-06-14,irrigation_stop,80,0.184893515737433
2024-06-15,irrigation_stop,80,0.183001929333335
2024-06-16,irrigation_stop,80,0.181893650858026
2024-06-17,irrigation_stop,80,0.178337338525407
2024-06-18,irrigation_stop,80,0.174024348085226
2024-06-19,irrigation_stop,80,0.168905518347757
2024-06-20,irrigation_stop,80,0.167062253991184
2024-06-21,irrigation_stop,80,0.167350213736819
2024-06-22,irrigation_stop,80,0.169076152372912
2024-06-23,irrigation_stop,80,0.169426523175156
2024-06-24,irrigation_stop,80,0.166518073799273
2024-06-25,irrigation_stop,80,0.163799286812366
2024-06-26,irrigation_stop,80,0.161853669317145
2024-06-27,irrigation_stop,80,0.159073076271515
2024-06-28,irrigation_stop,80,0.153827796400639
2024-06-29,irrigation_stop,80,0.151275396986766
2024-06-30,irrigation_stop,80,0.149421480683186
2024-07-01,irrigation_stop,80,0.147734112803535
2024-07-02,irrigation_stop,80,0.145025625023791
2024-07-03,irrigation_stop,80,0.142012205778907
2024-07-04,irrigation_stop,80,0.139319373698136
2024-07-05,irrigation_stop,80,0.13594635193808
2024-07-06,irrigation_stop,80,0.13454304030868
2024-07-07,irrigation_stop,80,0.133179663057441
2024-07-08,irrigation_stop,80,0.134200817911248
2024-07-09,irrigation_stop,80,0.133510010033323
2024-07-10,irrigation_stop,80,0.132854495403265
2024-07-11,irrigation_stop,80,0.13218788261138
2024-07-12,irrigation_stop,80,0.131772895234874
2024-07-13,irrigation_stop,80,0.132801635707343
2024-07-14,irrigation_stop,80,0.133386777626485
2024-07-15,irrigation_stop,80,0.132651768370185
2024-07-16,irrigation_stop,80,0.131925002546362
2024-07-17,irrigation_stop,80,0.132509929283914
2024-07-18,irrigation_stop,80,0.132679330426274
2024-07-19,irrigation_stop,80,0.132625212894868
2024-07-20,irrigation_stop,80,0.132074909124122
2024-07-21,irrigation_stop,80,0.132369685758624
2024-07-22,irrigation_stop,80,0.131220014097767
2024-07-23,irrigation_stop,80,0.130512761112292
2024-07-24,irrigation_stop,80,0.129955471686411
2024-07-25,irrigation_stop,80,0.129304190035428
2024-07-26,irrigation_stop,80,0.127759488341955
2024-07-27,irrigation_stop,80,0.126827928228957
2024-07-28,irrigation_stop,80,0.125815136503483
2024-07-29,irrigation_stop,80,0.125339664826492
2024-07-30,irrigation_stop,80,0.128123567280016
2024-07-31,irrigation_stop,80,0.126952916332215
2024-08-01,irrigation_stop,80,0.126176887674535
2024-08-02,irrigation_stop,80,0.12579050458372
2024-08-03,irrigation_stop,80,0.125304721469174
2024-08-04,irrigation_stop,80,0.125219731257512
2024-08-05,irrigation_stop,80,0.12368115234375
2024-08-06,irrigation_stop,80,0.123338155110677
2024-08-07,irrigation_stop,80,0.122281494140625
2024-08-08,irrigation_stop,80,0.121669247326841
2024-08-09,irrigation_stop,80,0.121331139916772
2024-08-10,irrigation_stop,80,0.120134677838676
2024-08-11,irrigation_stop,80,0.119478492736816
2024-08-12,irrigation_stop,80,0.118629879190033
2024-08-13,irrigation_stop,80,0.117862795429294
2024-08-14,irrigation_stop,80,0.117677002555446
2024-08-15,irrigation_stop,80,0.11721781984609
2024-08-16,irrigation_stop,80,0.116811576240941
2024-08-17,irrigation_stop,80,0.115780282413258
2024-08-18,irrigation_stop,80,0.115976777866292
2024-08-19,irrigation_stop,80,0.116366217430602
2024-08-20,irrigation_stop,80,0.117236496193812
2024-08-21,irrigation_stop,80,0.118192300696122
2024-08-22,irrigation_stop,80,0.118970791431184
2024-08-23,irrigation_stop,80,0.119448336442203
2024-08-24,irrigation_stop,80,0.119655677445124
2024-08-25,irrigation_stop,80,0.119761942591139
2024-08-26,irrigation_stop,80,0.120039501365328
2024-08-27,irrigation_stop,80,0.119919090270996
2024-08-28,irrigation_stop,80,0.1197143072831
2024-08-29,irrigation_stop,80,0.119393844604492
2024-08-30,irrigation_stop,80,0.11901159286499
2024-08-31,irrigation_stop,80,0.118580207824707
2024-09-01,irrigation_stop,80,0.118109160573859
2024-09-02,irrigation_stop,80,0.117722968260625
2024-09-03,irrigation_stop,80,0.1174147605896
2024-09-04,irrigation_stop,80,0.117000403734231
2024-09-05,irrigation_stop,80,0.116574541301819
2024-09-06,irrigation_stop,80,0.11706615447998
2024-09-07,irrigation_stop,80,0.117324905395508
2024-09-08,irrigation_stop,80,0.114121794700623
2024-09-09,irrigation_stop,80,0.112452677806084
2024-09-10,irrigation_stop,80,0.112835884094238
2024-09-11,irrigation_stop,80,0.114093999745197
2024-09-12,irrigation_stop,80,0.115230541336042
2024-09-13,irrigation_stop,80,0.117178440093994
2024-09-14,irrigation_stop,80,0.118890421516017
2024-09-15,irrigation_stop,80,0.120257782936096
2024-09-16,irrigation_stop,80,0.121597099304199
2024-09-17,irrigation_stop,80,0.122668218612671
2024-09-18,irrigation_stop,80,0.123411253857586
2024-09-19,irrigation_stop,80,0.123970092824699
2024-09-20,irrigation_stop,80,0.124280042402688
2024-09-21,irrigation_stop,80,0.124048104611572
2024-09-22,irrigation_stop,80,0.12357658087206
2024-09-23,irrigation_stop,80,0.123197507858276
2024-09-24,irrigation_stop,80,0.129825310958059
2024-09-25,irrigation_stop,80,0.129940859476725
2024-09-26,irrigation_stop,80,0.128879419962565
2024-09-27,irrigation_stop,80,0.128517879139293
2024-09-28,irrigation_stop,80,0.129448413848877
2024-09-29,irrigation_stop,80,0.130639342985291
2024-09-30,irrigation_stop,80,0.131598329544067
2024-10-01,irrigation_stop,80,0.136374881142064
2024-10-02,irrigation_stop,80,0.139960267685295
2024-10-03,irrigation_stop,80,0.164938519211926
2024-10-04,irrigation_stop,80,0.182653770446777
2024-10-05,irrigation_stop,80,0.186899001472875
2024-10-06,irrigation_stop,80,0.188656370765284
2024-10-07,irrigation_stop,80,0.189461469650269
2024-10-08,irrigation_stop,80,0.189649384147243
2024-10-09,irrigation_stop,80,0.189754151134956
2024-10-10,irrigation_stop,80,0.18916724699962
2024-10-11,irrigation_stop,80,0.190344228242573
2024-10-12,irrigation_stop,80,0.193238412957442
2024-10-13,irrigation_stop,80,0.194904918670654
2024-10-14,irrigation_stop,80,0.196617258473447
2024-10-15,irrigation_stop,80,0.19896936416626
2024-10-16,irrigation_stop,80,0.201418638667227
2024-10-17,irrigation_stop,80,0.205203477726426
2024-10-18,irrigation_stop,80,0.212245354903372
2024-10-19,irrigation_stop,80,0.222482995420928
2024-10-20,irrigation_stop,80,0.23285792350769
2024-10-21,irrigation_stop,80,0.240340885132695
2024-10-22,irrigation_stop,80,0.245287179946899
2024-10-23,irrigation_stop,80,0.248925697523162
2024-10-24,irrigation_stop,80,0.251521074010971
2024-10-25,irrigation_stop,80,0.253080081939697
2024-10-26,irrigation_stop,80,0.254098772249724
2024-10-27,irrigation_stop,80,0.254789113690776
2024-10-28,irrigation_stop,80,0.255583202964381
2024-10-29,irrigation_stop,80,0.256235027313232
2024-10-30,irrigation_stop,80,0.256741294049202
2024-10-31,irrigation_stop,80,0.25698372271667
2024-11-01,irrigation_stop,80,0.257102537155151
2024-11-02,irrigation_stop,80,0.257189989089966
2024-11-03,irrigation_stop,80,0.257304811477661
2024-11-04,irrigation_stop,80,0.257374238967896
2024-11-05,irrigation_stop,80,0.257299470901489
2024-11-06,irrigation_stop,80,0.257319361034193
2024-11-07,irrigation_stop,80,0.257266260950189
2024-11-08,irrigation_stop,80,0.257226037979126
2024-11-09,irrigation_stop,80,0.25712890625
2024-11-10,irrigation_stop,80,0.257001066207886
2024-11-11,irrigation_stop,80,0.257006740570068
2024-11-12,irrigation_stop,80,0.257131161940725
2024-11-13,irrigation_stop,80,0.256947660446167
2024-11-14,irrigation_stop,80,0.25701642036438
2024-11-15,irrigation_stop,80,0.257157611846924
2024-11-16,irrigation_stop,80,0.257419300079346
2024-11-17,irrigation_stop,80,0.257495403289795
2024-11-18,irrigation_stop,80,0.257458019256592
2024-11-19,irrigation_stop,80,0.257278776168823
2024-11-20,irrigation_stop,80,0.257153940200806
2024-11-21,irrigation_stop,80,0.259823894500732
2024-11-22,irrigation_stop,80,0.265113401412964
2024-11-23,irrigation_stop,80,0.27113823890686
2024-11-24,irrigation_stop,80,0.277450771534697
2024-11-25,irrigation_stop,80,0.283165550231934
2024-11-26,irrigation_stop,80,0.290521111739309
2024-11-27,irrigation_stop,80,0.306811285018921
2024-11-28,irrigation_stop,80,0.320805597305298
2024-11-29,irrigation_stop,80,0.329716348648071
2024-11-30,irrigation_stop,80,0.333707761764526
2024-12-01,irrigation_stop,80,0.334487152099609
2024-12-02,irrigation_stop,80,0.334290218353271
2024-12-03,irrigation_stop,80,0.333367300033569
2024-12-04,irrigation_stop,80,0.333130645751953
2024-12-05,irrigation_stop,80,0.306223916946929
2024-12-06,irrigation_stop,80,0.306681895536535
2024-12-07,irrigation_stop,80,0.330185050964355
2024-12-08,irrigation_stop,80,0.331862125396729
2024-12-09,irrigation_stop,80,0.332257194519043
2024-12-10,irrigation_stop,80,0.331912860870361
2024-12-11,irrigation_stop,80,0.331238228045012
2024-12-12,irrigation_stop,80,0.330478115081787
2024-12-13,irrigation_stop,80,0.329625492095947
2024-12-14,irrigation_stop,80,0.32880838394165
2024-12-15,irrigation_stop,80,0.32802131652832
2024-12-16,irrigation_stop,80,0.327248935699463
2024-12-17,irrigation_stop,80,0.326461200714111
2024-12-18,irrigation_stop,80,0.32558988571167
2024-12-19,irrigation_stop,80,0.32474083950645
2024-12-20,irrigation_stop,80,0.325095348358154
2024-12-21,irrigation_stop,80,0.327092590332031
2024-12-22,irrigation_stop,80,0.330078587983784
2024-12-23,irrigation_stop,80,0.345780334472656
2024-12-24,irrigation_stop,80,0.352193031311035
2024-12-25,irrigation_stop,80,0.353627376556396
2024-12-26,irrigation_stop,80,0.352069396972656
2024-12-27,irrigation_stop,80,0.349955196380615
2024-12-28,irrigation_stop,80,0.347870101928711
2024-12-29,irrigation_stop,80,0.34592119216919
2024-12-30,irrigation_stop,80,0.34414665222168
2024-12-31,irrigation_stop,80,0.342499084472656
2025-01-01,irrigation_stop,80,0.340976753234863
2025-01-02,irrigation_stop,80,0.339589405059814
2025-01-03,irrigation_stop,80,0.340693088531494
2025-01-04,irrigation_stop,80,0.345290336608887
2025-01-05,irrigation_stop,80,0.346430549621582
2025-01-06,irrigation_stop,80,0.350374298095703
2025-01-07,irrigation_stop,80,0.359955024719238
2025-01-08,irrigation_stop,80,0.36174258161846
2025-01-09,irrigation_stop,80,0.362615299224854
2025-01-10,irrigation_stop,80,0.362211818695068
2025-01-11,irrigation_stop,80,0.360786285400391
2025-01-12,irrigation_stop,80,0.36053581237793
2025-01-13,irrigation_stop,80,0.35937744140625
2025-01-14,irrigation_stop,80,0.35744441986084
2025-01-15,irrigation_stop,80,0.355230884552002
2025-01-16,irrigation_stop,80,0.352992248535156
2025-01-17,irrigation_stop,80,0.350896873474121
2025-01-18,irrigation_stop,80,0.348938617706299
2025-01-19,irrigation_stop,80,0.347167148590088
2025-01-20,irrigation_stop,80,0.345454559326172
2025-01-21,irrigation_stop,80,0.343877487182617
2025-01-22,irrigation_stop,80,0.342734069824219
2025-01-23,irrigation_stop,80,0.34170000076294
2025-01-24,irrigation_stop,80,0.341404933929443
2025-01-25,irrigation_stop,80,0.341717273310611
2025-01-26,irrigation_stop,80,0.341652069091797
2025-01-27,irrigation_stop,80,0.341538181304932
2025-01-28,irrigation_stop,80,0.347065017097875
2025-01-29,irrigation_stop,80,0.361468544006348
2025-01-30,irrigation_stop,80,0.361774024963379
2025-01-31,irrigation_stop,80,0.359992275238037
2025-02-01,irrigation_stop,80,0.357895030975342
2025-02-02,irrigation_stop,80,0.355863609313965
2025-02-03,irrigation_stop,80,0.353856620788574
2025-02-04,irrigation_stop,80,0.352032012939453
2025-02-05,irrigation_stop,80,0.350314172955261
2025-02-06,irrigation_stop,80,0.34879789352417
2025-02-07,irrigation_stop,80,0.34722282409668
2025-02-08,irrigation_stop,80,0.34558032989502
2025-02-09,irrigation_stop,80,0.344183769226074
2025-02-10,irrigation_stop,80,0.342946085076583
2025-02-11,irrigation_stop,80,0.341714590373792
2025-02-12,irrigation_stop,80,0.34044002532959
2025-02-13,irrigation_stop,80,0.339244804382324
2025-02-14,irrigation_stop,80,0.338194313049316
2025-02-15,irrigation_stop,80,0.337693901062012
2025-02-16,irrigation_stop,80,0.337349967956543
2025-02-17,irrigation_stop,80,0.336870784759521
2025-02-18,irrigation_stop,80,0.336499481201172
2025-04-02,irrigation_stop,80,0.290253601074219
2025-04-03,irrigation_stop,80,0.289224975585938
2025-04-04,irrigation_stop,80,0.287349224090576
2025-04-05,irrigation_stop,80,0.28549617767334
2025-04-06,irrigation_stop,80,0.283737490804572
2025-04-07,irrigation_stop,80,0.282157895371721
2025-04-08,irrigation_stop,80,0.272625422477722
2025-04-09,irrigation_stop,80,0.270515008992604
2025-04-10,irrigation_stop,80,0.268348015489397
2025-04-11,irrigation_stop,80,0.265968425643015
2025-04-12,irrigation_stop,80,0.262397655052475
2025-04-13,irrigation_stop,80,0.259695553779602
2025-04-14,irrigation_stop,80,0.256643080711365
2025-04-15,irrigation_stop,80,0.252851329602693
2025-04-16,irrigation_stop,80,0.266092896461487
2025-04-17,irrigation_stop,80,0.321068711714311
2025-04-18,irrigation_stop,80,0.389792465582127
2025-04-19,irrigation_stop,80,0.39448835849762
2025-04-20,irrigation_stop,80,0.399538540840149
2025-04-21,irrigation_stop,80,0.390014791488647
2025-04-22,irrigation_stop,80,0.376436710357666
2025-04-23,irrigation_stop,80,0.367021696938646
2025-04-24,irrigation_stop,80,0.360364246368408
2025-04-25,irrigation_stop,80,0.354932002017373
2025-04-26,irrigation_stop,80,0.349900746874153
2025-04-27,irrigation_stop,80,0.345596348932315
2025-04-28,irrigation_stop,80,0.340884160995483
2025-04-29,irrigation_stop,80,0.336384725570679
2025-04-30,irrigation_stop,80,0.332415633505963
2025-05-01,irrigation_stop,80,0.329087662696838
2025-05-02,irrigation_stop,80,0.325325093269348
2025-05-03,irrigation_stop,80,0.323215070683905
2025-05-04,irrigation_stop,80,0.321221661567688
2025-05-05,irrigation_stop,80,0.321248756058406
2025-05-06,irrigation_stop,80,0.321334648132324
2025-05-07,irrigation_stop,80,0.320889101309897
2025-05-08,irrigation_stop,80,0.319614148139954
2025-05-09,irrigation_stop,80,0.31825207922787
2025-05-10,irrigation_stop,80,0.316025447845459
2025-05-11,irrigation_stop,80,0.313372850418091
2025-05-12,irrigation_stop,80,0.312486481666565
2025-05-13,irrigation_stop,80,0.310180854797363
2025-05-14,irrigation_stop,80,0.307911276817322
2025-05-15,irrigation_stop,80,0.305557918548584
2025-05-16,irrigation_stop,80,0.304000639915466
2025-05-17,irrigation_stop,80,0.30138041973114
2025-05-18,irrigation_stop,80,0.298871299342105
2025-05-19,irrigation_stop,80,0.295347295934115
2025-05-20,irrigation_stop,80,0.293729209899902
2025-05-21,irrigation_stop,80,0.29259999650056
2025-05-22,irrigation_stop,80,0.292638564109802
2025-05-23,irrigation_stop,80,0.290002513684725
2025-05-24,irrigation_stop,80,0.287226223945618
2025-05-25,irrigation_stop,80,0.28407711982727
2025-05-26,irrigation_stop,80,0.283053731918335
2025-05-27,irrigation_stop,80,0.280105346560078
2025-05-28,irrigation_stop,80,0.27888853305932
2025-05-29,irrigation_stop,80,0.276714134216309
2025-05-30,irrigation_stop,80,0.27285171799269903
2025-05-31,irrigation_stop,80,0.268933223663492
2025-06-01,irrigation_stop,80,0.265416066270126
2025-06-02,irrigation_stop,80,0.265561757958082
2025-06-03,irrigation_stop,80,0.264518427848816
2025-06-04,irrigation_stop,80,0.262592025425123
2025-06-05,irrigation_stop,80,0.26133177280426
2025-06-06,irrigation_stop,80,0.257489249489524
2025-06-07,irrigation_stop,80,0.255891758490517
2025-06-08,irrigation_stop,80,0.255857348442078
2025-06-09,irrigation_stop,80,0.252872133255005
2025-06-10,irrigation_stop,80,0.247442269325256
2025-06-11,irrigation_stop,80,0.241950380349461
2025-06-12,irrigation_stop,80,0.231800202400454
2025-06-13,irrigation_stop,80,0.227669328890349
2025-06-14,irrigation_stop,80,0.220941517798925
2025-06-15,irrigation_stop,80,0.216909527778625
2025-06-16,irrigation_stop,80,0.213126730918884
2025-06-17,irrigation_stop,80,0.20753181383039
2025-06-18,irrigation_stop,80,0.200511021202916
2025-06-19,irrigation_stop,80,0.192669888643118
2025-06-20,irrigation_stop,80,0.185753366287718
2025-06-21,irrigation_stop,80,0.179627246087699
2025-06-22,irrigation_stop,80,0.18014866434847
2025-06-23,irrigation_stop,80,0.174472141265869
2025-06-24,irrigation_stop,80,0.168935485361405
2025-06-25,irrigation_stop,80,0.16255153020223
2025-06-26,irrigation_stop,80,0.157541719545576
2025-06-27,irrigation_stop,80,0.154548755402261
2025-06-28,irrigation_stop,80,0.1500980328499
2025-06-29,irrigation_stop,80,0.145975887900905
2025-06-30,irrigation_stop,80,0.143008587811444
2025-07-04,irrigation_stop,80,0.136847921873862
2025-07-05,irrigation_stop,80,0.136033900005687
2025-07-06,irrigation_stop,80,0.134924364257277
2025-07-07,irrigation_stop,80,0.133935164308851
2025-07-08,irrigation_stop,80,0.133399550120036
2025-07-09,irrigation_stop,80,0.13328434728807
2025-07-10,irrigation_stop,80,0.132251344679707
2025-07-11,irrigation_stop,80,0.131086136667352
2025-07-12,irrigation_stop,80,0.129984516344572
2025-07-13,irrigation_stop,80,0.129051417075868
2025-07-14,irrigation_stop,80,0.129784473118029
2025-07-15,irrigation_stop,80,0.130638090434827
2025-07-16,irrigation_stop,80,0.130960886101974
2025-07-17,irrigation_stop,80,0.132877886143137
2025-07-18,irrigation_stop,80,0.132426095601559
2025-07-19,irrigation_stop,80,0.131769344081049
2025-07-20,irrigation_stop,80,0.130986254773241
2025-07-21,irrigation_stop,80,0.129181093436021
2025-07-22,irrigation_stop,80,0.130125732421875
2025-07-23,irrigation_stop,80,0.130943462925573
2025-07-24,irrigation_stop,80,0.131380647445434
2025-07-25,irrigation_stop,80,0.13118783311641
2025-07-26,irrigation_stop,80,0.13081681313722
2025-07-27,irrigation_stop,80,0.131262689656667
2025-07-28,irrigation_stop,80,0.132551301731152
2025-07-29,irrigation_stop,80,0.132414347567457
2025-07-30,irrigation_stop,80,0.133044659837763
2025-07-31,irrigation_stop,80,0.133741882223832
2025-08-01,irrigation_stop,80,0.13402792240711
